3.583789018896597067e-01 -1.836895226471102927e+00 3.596235081941823869e-02 -9.329876793728510975e-01 3.329613640161184218e-01 1.912003529336874508e-01 2.808008890023233270e-02 -6.105771966825914582e-02 7.049915108743914915e-01 1.293971465039028650e-02 1.153323191800397218e-01 3.504409791021007581e-01 1.034893098915516507e+00
5.812213694678206033e-02 -1.631605832607707418e+00 -1.283187597379620570e-01 -1.986955587183058647e+00 3.156682346401776251e-03 1.343955301526765234e-01 1.990721732846361530e-02 -7.597642124814951714e-02 -3.135184041448809689e-01 -1.507842759494082072e-02 1.293034317525502686e-01 2.111554370817881054e-01 9.860937669460972943e-01
4.646168005579677518e-02 6.936343083185425584e-02 1.719191319703535226e-01 -2.143731967749818723e-01 1.537167055639128074e-02 1.912003529336874508e-01 3.298381184329356175e-02 -4.613901808836882307e-02 1.229372853260551457e+00 1.382917948357540068e-02 1.013612066075291751e-01 1.495483704189574936e-01 1.425287754670871321e+00
3.991905010081087668e-01 -1.133045876082318992e+00 7.561641198844097633e-02 -6.455418863337032409e-01 1.619515290762653381e-01 5.888341124007644423e-01 3.979453815310082104e-02 -9.089512282803988152e-02 5.940646884465501376e-01 6.097081564238648194e-02 -1.361477071251498416e-01 2.245482776606643749e-01 2.385007950069450544e+00
6.978259383776785896e-02 7.438857249544391648e-01 2.852164495961331259e-01 3.605183893033127029e-01 2.230264701262128502e-01 1.912003529336874508e-01 1.800021396171758853e-02 2.099513902113778543e-02 2.310314514099775784e-01 -1.641262484471848332e-02 1.153323191800397218e-01 8.526273564035173613e-02 -3.869220441170823088e-02
3.496335592214202537e-01 -1.690259945140106135e+00 4.729208258199620041e-02 -1.028802943719233420e+00 1.497365408662758302e-01 3.691887976475219935e-01 3.707024762917791177e-02 -1.630161492858809083e-02 3.822953001752159574e-01 3.762236377127722853e-02 1.293034317525502686e-01 6.383419071414976609e-02 2.287409286130612340e+00
4.050207294536019020e-01 -1.367662326211912971e+00 4.729208258199620041e-02 -1.172525840238807238e+00 -4.570327049355624172e-02 7.759070737166555431e-02 1.336892007104865422e-02 -4.613901808836882307e-02 3.923795567595652067e-01 4.267432526835424934e-03 8.739009403501864226e-02 2.593696631657425034e-01 1.766883078456806366e+00
3.088219601029713046e-01 -5.465047507583319364e-01 1.379299366826196305e-01 -4.539113576409380957e-01 2.596714347561813740e-01 1.154605892256729271e-01 1.309649101865635774e-02 -3.867966729842363394e-02 -3.437711738979287168e-01 -1.798916390901517874e-04 1.432745443250607875e-01 2.593696631657425034e-01 1.783149522446612734e+00
5.332857552544425506e-01 -2.042184620334499101e+00 -1.113241620940952359e-01 -1.316248736758380833e+00 -3.348828228356673375e-02 1.912003529336874508e-01 2.590065648109400598e-02 -5.359836887831401220e-02 3.923795567595652067e-01 3.155601485354036107e-03 1.712167694700818810e-01 6.383419071414976609e-02 9.698273229562909270e-01
2.505196756480432829e-01 -2.892669252054279383e+00 -5.467550328120544811e-02 -8.371724150264685527e-01 -2.127329407357723273e-02 2.593661402709007135e-01 3.053195037176293855e-02 -1.058138244079302182e-01 2.612842211630252987e-01 4.807357556120231412e-02 7.341898146250810941e-02 2.513339588184167472e-01 9.698273229562909270e-01
3.204824169939565204e-01 -5.171776944921319119e-01 -3.768090563733862697e-02 -3.580960932945559394e-01 6.423162339634930218e-02 2.480051757146986002e-01 3.516324426243187112e-02 -1.058138244079302182e-01 7.957498201335344579e-01 1.538574294164935657e-02 4.087256832027607034e-01 1.495483704189574936e-01 2.482606614008289636e+00
3.263126454394491560e-01 -2.511417520593687946e+00 -2.635117387476066525e-02 -6.455418863337032409e-01 -5.791825870354574968e-02 -3.601893819035634214e-02 1.091705859951804490e-02 -7.597642124814951714e-02 -2.107496319875323473e-02 -1.291722680571541102e-03 2.969567826226764407e-01 5.579848636682397528e-02 1.734350190477193410e+00
2.184534191978332873e-01 -1.778241113938704210e+00 2.463261905684028044e-02 -8.371724150264685527e-01 -1.312081879634827697e-01 1.154605892256729271e-01 1.990721732846361530e-02 -5.359836887831401220e-02 2.209471948256283291e-01 1.205024981720517058e-02 2.690145574776553472e-01 7.722703129302593839e-02 1.864481742395644792e+00
5.099648414724715639e-01 -1.778241113938704210e+00 1.330288729426231872e-02 -1.939047955009866708e+00 -1.067782115435037676e-01 3.048099984957095554e-01 4.524311920094661876e-02 5.083254218091847604e-02 1.229372853260551457e+00 7.602925651279613534e-03 4.087256832027607034e-01 3.169137332484682490e-02 1.311422646742226084e+00
4.021056152308555842e-01 -1.367662326211912971e+00 7.638021412973213832e-03 -1.795325058490293335e+00 2.758665876638078523e-02 3.805497622037241068e-01 4.388097393898517107e-02 -5.359836887831401220e-02 1.380636702025789919e+00 5.429982939349812382e-02 3.388701203402080808e-01 1.040127124507783940e-01 2.602978299532857420e+00
1.834720485248769184e-01 -1.543624663809109343e+00 1.889137296142205658e-01 -5.497266219873211401e-01 1.497365408662758302e-01 2.101352938606912135e-01 2.399365311434797920e-02 -4.613901808836882307e-02 -1.320017856265948974e-01 4.985250522757254249e-02 4.506390209202923436e-01 7.186989506147543894e-02 1.831948854416032058e+00
3.787847014488844866e-01 -1.221027044880917067e+00 2.002434613767985205e-01 1.209802284373564796e-01 2.474564465461918383e-01 1.912003529336874508e-01 3.025952131937065248e-02 -2.376096571853327302e-02 3.822953001752159574e-01 2.539222231498190069e-02 1.572456568975713342e-01 1.026282839864486179e-02 1.734350190477193410e+00
2.417743329798043572e-01 -2.247474014197893943e+00 1.435948025639087189e-01 1.209802284373564796e-01 1.863815054962443540e-01 2.480051757146986002e-01 3.734267668157020131e-02 2.845448981108297110e-02 1.301888855664851685e-01 3.428687064683303559e-02 2.410723323326342815e-01 -1.116571652755710131e-02 1.246356870783000392e+00
3.467184449986739359e-01 -2.188819901665495227e+00 6.428668022586300768e-02 -7.174033345934903716e-01 1.008765880263177983e-01 3.805497622037241068e-01 5.178141645836158852e-02 -3.122031650847845521e-02 2.713684777473745480e-01 8.098377438905154935e-02 3.807834580577396655e-01 5.579848636682397528e-02 3.035665709661708345e+00
1.863871627476232640e-01 2.239565594530606774e+00 1.096056072761748545e-01 -1.028802943719233420e+00 1.985964937062338342e-01 1.533304710796802861e-01 2.726280174305545367e-02 -1.431105783576560875e-01 6.968334606038971424e-02 9.319394023912376361e-04 3.563418599955405722e-03 2.004411646186871065e-01 3.191695633640333485e-01
3.088219601029713046e-01 -2.071511676600698237e+00 -4.901063739991658869e-02 -8.371724150264685527e-01 3.207463758061288583e-01 2.669401166417021964e-01 3.107680847654752110e-02 -9.089512282803988152e-02 5.133906357717560320e-01 1.316208085868657979e-02 1.851878820425924277e-01 2.941910486708206318e-01 1.077057914965496993e-01
-2.058594706737013058e-02 4.292459533164560526e+00 1.605894002077755400e-01 -2.143731967749818723e-01 2.758665876638078523e-02 4.350781370305902701e-02 1.037220049473346409e-02 -8.343577203809469933e-02 3.923795567595652067e-01 -1.241003309538547296e-02 1.013612066075291751e-01 2.432982544710910189e-01 7.517290351693682593e-02
2.067929623068480161e-01 -1.396989382478112551e+00 -3.691710349604747018e-03 -6.934495185068944023e-01 1.537167055639128074e-02 1.192475774110735853e-01 2.317636595717110018e-02 -6.851707045820433495e-02 9.993611581343743444e-02 -2.797566767612498506e-02 2.131301071876134934e-01 3.718695240283027004e-01 9.372944349766779704e-01
-4.390686084934120742e-02 -2.159492845399295646e+00 8.694614375101893111e-02 -4.060037254677471008e-01 -5.791825870354574968e-02 7.001673100086409918e-02 9.282484285164302462e-03 -7.597642124814951714e-02 -1.320017856265948974e-01 -2.508490696827335442e-02 1.851878820425924277e-01 2.727625037446186895e-01 8.722286590174522791e-01
1.455755636291737320e-01 -1.543624663809109343e+00 1.379299366826196305e-01 1.209802284373564796e-01 -4.570327049355624172e-02 8.895167192786769539e-02 1.582078154257926528e-02 -6.105771966825914582e-02 6.968334606038971424e-02 -3.420192150842078088e-02 2.271012197601240123e-01 3.236552979443482747e-01 3.191695633640333485e-01
1.439542360558674315e-02 -8.397753134203256309e-01 4.834867554412473067e-01 1.318671032767137596e+00 2.963163993861498424e-01 1.268215537818750405e-01 1.772778490932530246e-02 8.066994534069917011e-02 3.318740172534697663e-01 -3.286772425864310787e-02 2.410723323326342815e-01 1.575840747662833052e-01 2.703702313946140801e-01
1.135093071789636948e-01 -1.660932888873906776e+00 1.435948025639087189e-01 -8.132185989398724724e-01 -8.234823512352475172e-02 2.101352938606912135e-01 2.481094027152484435e-02 -1.630161492858809083e-02 -1.420860422109441190e-01 -5.739046846497118312e-03 -5.232103169008659599e-02 1.629412109978337908e-01 1.457820642650483833e+00
8.727327917424629322e-02 -1.807568170204903568e+00 -1.283187597379620570e-01 -5.976342541605121905e-01 -7.013324691353525764e-02 3.972082551765820924e-02 4.378761342103072544e-03 -6.851707045820433495e-02 -2.429286080544363069e-01 -2.464017455168079559e-02 8.739009403501864226e-02 4.240564578794780992e-02 1.750616634466999777e+00
2.534347898707896563e-01 -1.279681157413315784e+00 2.455623884271101454e-01 -2.274266808221760139e-02 8.866159981632830422e-02 2.480051757146986002e-01 2.562822742870172338e-02 6.076437441247419316e-03 1.705259119038821380e-01 -1.241003309538547296e-02 4.087256832027607034e-01 2.111554370817881054e-01 5.468997792213234899e-01
2.971615032119854782e-01 -1.924876395269701224e+00 -8.866469856893932633e-02 -8.371724150264685527e-01 -4.570327049355624172e-02 1.343955301526765234e-01 8.192768075595140836e-03 -7.597642124814951714e-02 3.923795567595652067e-01 -7.962708929459896834e-03 1.153323191800397218e-01 2.620482312815177184e-01 9.372944349766779704e-01
2.126231907523406517e-01 -2.452763408061289230e+00 1.889137296142205658e-01 7.198256306022470241e-01 1.537167055639128074e-02 2.669401166417021964e-01 3.325624089568584435e-02 -5.359836887831401220e-02 7.957498201335344579e-01 1.427391190016796818e-02 3.248990077676975341e-01 2.633423709329633586e-02 1.750616634466999777e+00
1.688964774111448020e-01 -1.983530507802099940e+00 -3.691710349604747018e-03 -9.460411634200378839e-02 7.644661160633881014e-02 2.139222820460918717e-01 3.162166658133210018e-02 -1.058138244079302182e-01 3.621267870065175143e-01 4.095785689572141453e-02 1.851878820425924277e-01 7.186989506147543894e-02 2.498873057998096225e+00
1.980476196386085352e-01 -1.484970551276710626e+00 -3.691710349604747018e-03 -5.497266219873211401e-01 5.201663518635979422e-02 4.729480188845967825e-02 1.800021396171758853e-02 4.337319139097329385e-02 3.822953001752159574e-01 -2.708620284293986741e-02 3.807834580577396655e-01 6.919132694570025166e-02 7.908964390684201096e-01
2.213685334205796051e-01 -2.364782239262691377e+00 1.889137296142205658e-01 1.211148004378361604e-03 3.940363050660659061e-01 2.480051757146986002e-01 1.936235922367904663e-02 1.030479977105347167e-01 -2.429286080544363069e-01 7.602925651279613534e-03 4.087256832027607034e-01 1.040127124507783940e-01 1.587952194568935438e+00
1.484906778519200499e-01 -1.572951720075308701e+00 1.605894002077755400e-01 -1.185579324285997438e-01 1.253065644462968142e-01 2.078588459065461302e-02 1.364134912344094029e-02 -5.359836887831401220e-02 -5.132773295180095841e-02 -1.908101934427382934e-02 1.991589946151029467e-01 6.919132694570025166e-02 1.132491762854355377e+00
1.397453351836810687e-01 -1.543624663809109343e+00 2.463261905684028044e-02 2.407493088703345774e-01 3.156682346401776251e-03 1.533304710796802861e-01 2.590065648109400598e-02 -7.597642124814951714e-02 2.713684777473745480e-01 9.319394023912376361e-04 1.153323191800397218e-01 2.299054138922148882e-01 5.631662232111299682e-01
8.144305072875314411e-02 -2.042184620334499101e+00 2.682218519522660549e-01 -9.569414954594466227e-01 1.253065644462968142e-01 1.154605892256729271e-01 1.772778490932530246e-02 -1.630161492858809083e-02 -2.328443514700870853e-01 -1.018637101242269444e-02 1.851878820425924277e-01 4.508421390372299720e-02 4.330346712926784192e-01
1.439542360558674315e-02 -2.012857564068299521e+00 1.039407413948857523e-01 -3.580960932945559394e-01 -2.127329407357723273e-02 5.865576644466197198e-02 1.091705859951804490e-02 -5.359836887831401220e-02 -1.521702987952933683e-01 -1.796918830279244095e-02 2.271012197601240123e-01 -2.723712522220857191e-02 1.165024650833968112e+00
2.022565205107938399e-02 -2.452763408061289230e+00 -1.509782232631179666e-01 -9.569414954594466227e-01 -2.127329407357723273e-02 3.972082551765820924e-02 1.663806869975614083e-02 -6.105771966825914582e-02 -2.227600948857378360e-01 -3.019932975908776185e-02 3.109278951951869874e-01 2.097710086174584682e-02 8.884951030072587574e-01
3.554637876669134444e-01 4.849673602222349444e+00 8.128127786972982882e-02 -1.507879265451145923e+00 3.451763522261078743e-01 2.669401166417021964e-01 2.753523079544775015e-02 -1.207325259878205687e-01 4.932221226030575889e-01 9.319394023912376361e-04 -9.423436940761821534e-02 2.459768225868662339e-01 4.264001553732395255e-02
1.630662489656521663e-01 -1.836895226471102927e+00 -3.201603975604952468e-02 -7.892647828532772802e-01 2.108114819162233700e-01 3.237449394227131516e-01 3.434595710525500251e-02 -1.630161492858809083e-02 7.554127937961374606e-01 2.383565885690794653e-02 -1.040769397255513276e-02 2.057983008502375921e-01 1.565051234659690094e-01
1.193395356244563305e-01 4.409767758229357959e+00 -1.396484915005400118e-01 -1.664655646017908219e-01 -1.189931997534932617e-01 5.865576644466197198e-02 1.772778490932530246e-02 -6.851707045820433495e-02 -1.118332724578964127e-01 -1.730208967790360097e-02 -6.629214426259713577e-02 1.040127124507783940e-01 9.372944349766779704e-01
2.563499040935364737e-01 -1.309008213679515142e+00 1.266002049200416757e-01 -1.076710575892424693e+00 1.537167055639128074e-02 3.616148212767205106e-01 4.170154151984684782e-02 -1.431105783576560875e-01 1.100203723977866838e-01 8.270024276168434427e-03 -1.082054819801287482e-01 2.540125269341920178e-01 1.132491762854355377e+00
6.978259383776785896e-02 4.820346545956148532e+00 -4.334577151862748640e-02 -4.778651737275340650e-01 3.980164697637028626e-02 1.306085419672758652e-01 1.636563964736384436e-02 -3.122031650847845521e-02 6.968334606038971424e-02 -1.552316001153336740e-02 -1.920321574151919730e-01 1.040127124507783940e-01 -2.176230882995790483e-01
1.439542360558674315e-02 -1.660932888873906776e+00 -1.509782232631179666e-01 -5.976342541605121905e-01 8.866159981632830422e-02 2.669401166417021964e-01 2.644551458587858853e-02 -6.105771966825914582e-02 4.428008396813111758e-01 -4.022578473864256714e-04 -1.082054819801287482e-01 1.977625965029119470e-01 4.493011152824848975e-01
3.525486734441671266e-01 4.996308883553345126e+00 4.162721670070709812e-02 -1.425117485151957131e-01 1.375215526562863222e-01 2.101352938606912135e-01 1.691049775214842343e-02 -4.613901808836882307e-02 -3.437711738979287168e-01 4.045066318539151592e-03 -1.221765945526392949e-01 1.924054602713614059e-01 1.083692430884936053e+00
4.021056152308555842e-01 3.676591351574374222e+00 -4.901063739991658869e-02 -8.371724150264685527e-01 2.758665876638078523e-02 3.616148212767205106e-01 3.107680847654752110e-02 -6.851707045820433495e-02 6.041489450308989984e-01 -3.515384763534319407e-03 1.153323191800397218e-01 2.218697095448890766e-01 1.034893098915516507e+00
2.621801325390291093e-01 -1.924876395269701224e+00 -1.396484915005400118e-01 -8.371724150264685527e-01 1.537167055639128074e-02 3.048099984957095554e-01 3.707024762917791177e-02 -1.132731751978754142e-01 5.537276621091530293e-01 2.316856023201910308e-02 -6.629214426259713577e-02 1.924054602713614059e-01 7.746299950786136312e-01
3.204824169939565204e-01 -9.277564822189231508e-01 1.896775317555117468e-02 -1.664655646017908219e-01 3.980164697637028626e-02 1.722654120066838823e-01 2.426608216674026527e-02 -3.122031650847845521e-02 7.957498201335344579e-01 2.539222231498190069e-02 1.572456568975713342e-01 3.704850955639731741e-02 1.018626654925710140e+00
2.738405894300143806e-01 -1.778241113938704210e+00 -5.467550328120544811e-02 -5.018189898141299787e-01 1.008765880263177983e-01 2.214962584168933546e-01 4.115668341506226874e-02 -3.122031650847845521e-02 4.932221226030575889e-01 8.543109855497714455e-02 2.271012197601240123e-01 1.307983936085308496e-01 1.669284414517967718e+00
1.439542360558674315e-02 -1.778241113938704210e+00 -1.849674185508518587e-01 -1.699509794143910568e+00 -9.456322333351425968e-02 1.609044474504817412e-01 3.380109900047043037e-02 -1.431105783576560875e-01 1.330215419104044061e+00 4.762884314460976570e-02 2.271012197601240123e-01 7.990559940880125056e-02 1.311422646742226084e+00
2.417743329798043572e-01 -2.012857564068299521e+00 1.322650708013307641e-01 -5.497266219873211401e-01 -7.013324691353525764e-02 5.865576644466197198e-02 2.617308553348630593e-02 -1.058138244079302182e-01 7.049915108743914915e-01 1.205024981720517058e-02 3.947545706302502122e-01 2.031197327344624048e-01 1.685550858507774086e+00
2.388592187570580672e-01 -1.719587001406305493e+00 3.029748493812913640e-02 -1.316248736758380833e+00 1.375215526562863222e-01 6.001950769569666111e-01 4.660526446290807340e-02 -3.122031650847845521e-02 2.814527343317237973e-01 4.429335002016557971e-02 7.341898146250810941e-02 1.736554834609346509e-01 1.441554198660677466e+00
2.242836476433259230e-01 -1.279681157413315784e+00 1.775839978516426110e-01 -5.736804380739162212e-01 1.863815054962443540e-01 2.669401166417021964e-01 2.072450448564049086e-02 2.099513902113778543e-02 8.985185922908819900e-02 2.761588439794467748e-02 2.410723323326342815e-01 8.526273564035173613e-02 2.043412626283515721e+00
2.155383049750869418e-01 -1.954203451535900582e+00 -6.600523504378340289e-02 -7.413571506800862299e-01 2.230264701262128502e-01 1.154605892256729271e-01 2.372122406195568273e-02 -1.132731751978754142e-01 2.934631972299297023e-02 1.760940502461213683e-02 -5.232103169008659599e-02 1.575840747662833052e-01 1.018626654925710140e+00
1.630662489656521663e-01 -1.778241113938704210e+00 5.295694846328505290e-02 2.407493088703345774e-01 1.985964937062338342e-01 2.517921639000992307e-01 2.045207543324819438e-02 -1.207325259878205687e-01 8.663396162239793696e-01 2.650405335646329255e-02 3.150564374497648312e-02 1.120484167981040807e-01 1.213823982803387436e+00
3.554637876669134444e-01 -1.866222282737302285e+00 -3.768090563733862697e-02 -7.653109667666813110e-01 2.230264701262128502e-01 3.426798803497169144e-01 2.644551458587858853e-02 -7.597642124814951714e-02 4.428008396813111758e-01 2.939481406431490931e-02 -2.437880654506567255e-02 1.870483240398109481e-01 7.258306631091943073e-01
8.435816495149944805e-02 -1.074391763549920054e+00 1.775839978516426110e-01 -6.455418863337032409e-01 2.758665876638078523e-02 2.669401166417021964e-01 3.271138279090126527e-02 -3.867966729842363394e-02 6.968334606038971424e-02 2.094489814905632283e-02 1.572456568975713342e-01 6.115562259837446779e-02 1.701817302497580675e+00
2.097080765295943339e-01 -2.658052801924684960e+00 7.561641198844097633e-02 -6.694957024202992102e-01 1.008765880263177983e-01 4.184196440577314657e-01 4.469826109616203968e-02 -1.281918767777657508e-01 4.528850962656606471e-01 3.873419481275860998e-02 -9.423436940761821534e-02 6.919132694570025166e-02 1.750616634466999777e+00
-1.838323435411676754e-01 -4.095078558968452853e+00 -5.701782984785020991e-01 -2.130678483702631798e+00 -1.434231761734722777e-01 -1.193326782691725291e-01 -3.975474514544796029e-02 -6.105771966825914582e-02 -1.180764470398915078e+00 -6.911341621093652909e-02 1.293034317525502686e-01 -2.120583252107002548e-01 -7.381492959733849668e-01
-1.954928004321529467e-01 -3.625845658709263120e+00 -4.901063739991658869e-02 -8.371724150264685527e-01 1.537167055639128074e-02 -9.282376097136746385e-02 -2.558843442104885915e-02 2.000195579798220435e-01 -1.190848726983264383e+00 -3.976107671582775061e-02 4.087256832027607034e-01 -2.522368469473289521e-01 -2.176230882995790483e-01
-1.051242595270149571e-01 -2.863342195788079803e+00 -1.962971503134298412e-01 -6.455418863337032409e-01 3.156682346401776251e-03 -1.041847255275695772e-01 -1.687070474449557309e-02 1.254260500803702771e-01 -9.790793387119304247e-01 1.538574294164935657e-02 3.150564374497648312e-02 -2.736653918735308944e-01 -9.658795118306751082e-01
1.951325054158622174e-01 -3.185939814716272966e+00 -2.529458091263196429e-01 -3.580960932945559394e-01 -7.013324691353525764e-02 -7.388882004436370110e-02 -6.518400753588536774e-03 -3.122031650847845521e-02 -8.681525162840888488e-01 -2.797566767612498506e-02 3.807834580577396655e-01 -4.062996580108474420e-02 -3.802875281976434430e-01
-1.838323435411676754e-01 -3.537864489910665267e+00 -1.169890279753840884e-01 -1.185579324285997438e-01 -1.556381643834617856e-01 4.562895259117387692e-01 2.916980510980149432e-02 -1.281918767777657508e-01 2.814527343317237973e-01 -1.352186413686686309e-02 3.668123454852291188e-01 6.919132694570025166e-02 -1.063478175769513756e+00
-2.421346279960950865e-01 -2.599398689392286244e+00 9.261100963230778360e-02 -1.185579324285997438e-01 5.201663518635979422e-02 -1.534155719377791605e-01 -7.608116963157698399e-03 6.575124376080883348e-02 -5.656248187536118133e-01 -4.687679538130865714e-02 6.881479346529711938e-01 -1.022370324639153283e-01 -1.274941947636997419e+00
-1.838323435411676754e-01 -3.303248039781070400e+00 1.096056072761748545e-01 -3.341422772079600256e-01 -2.127329407357723273e-02 4.729480188845967825e-02 1.691049775214842343e-02 6.076437441247419316e-03 4.932221226030575889e-01 -1.018637101242269444e-02 3.248990077676975341e-01 -8.348705565348867041e-02 -2.241296658955015952e-01
3.188610894206465873e-02 -3.889789165105057567e+00 -3.775728585146770899e-01 -1.076710575892424693e+00 -2.655730582733673018e-01 2.593661402709007135e-01 3.134923752893981758e-02 -7.597642124814951714e-02 6.949072542900419647e-01 5.379263568316814195e-03 2.271012197601240123e-01 1.522269385347328197e-01 -7.967084943366881111e-01
-1.838323435411676754e-01 -3.420556264845867833e+00 -2.529458091263196429e-01 2.516496409097432330e-02 -2.655730582733673018e-01 -7.010183185896305680e-02 -7.973906533504417082e-04 -6.851707045820433495e-02 -5.555405621692626195e-01 -8.407441346052464334e-03 2.271012197601240123e-01 2.325839820079900755e-01 -7.706821839529979234e-01
9.893373606523157837e-02 -4.095078558968452853e+00 -3.691710349604747018e-03 -5.976342541605121905e-01 1.253065644462968142e-01 8.895167192786769539e-02 -1.986742432081076148e-02 1.403447516602606415e-01 -1.180764470398915078e+00 -4.198473879879054127e-02 8.739009403501864226e-02 -1.825940759371726396e-01 1.010712755771107918e-02
-2.304741711051093156e-01 -3.361902152313469117e+00 -3.492485291082321752e-01 -6.455418863337032409e-01 6.261210810558665019e-01 -1.685635246793820152e-01 -2.041228242559534056e-02 -1.654886307274916202e-01 9.167608991457253387e-01 -4.910045746427144780e-02 4.506390209202923436e-01 1.227626892612050519e-01 -9.399811397705012950e-02
-2.071532573231387453e-01 -2.130165789133096510e+00 -8.866469856893932633e-02 2.167954927837386081e-01 3.980164697637028626e-02 -4.525876385844369576e-01 -2.749543778779489286e-02 6.076437441247419316e-03 -1.320017856265948974e-01 -4.465313329834588035e-02 -7.188058929160134891e-02 -2.120583252107002548e-01 4.005017833130655736e-01
2.505196756480432829e-01 -2.423436351795090093e+00 1.719191319703535226e-01 1.318671032767137596e+00 -1.678531525934512936e-01 2.480051757146986002e-01 2.263150785238651763e-02 -1.132731751978754142e-01 2.814527343317237973e-01 -3.731504842456868920e-02 5.624079215003766619e-01 1.468698023031823341e-01 -1.096011063749126713e+00
1.426604494064274142e-01 -1.983530507802099940e+00 -7.167010092507225538e-02 1.079132871901181234e+00 -1.556381643834617856e-01 -1.572025601231799019e-01 -5.156255491627083874e-03 -6.851707045820433495e-02 -5.656248187536118133e-01 -2.930986492590264419e-02 3.150564374497648312e-02 4.508421390372299720e-02 -8.943071582755268700e-01
-3.095261730891693715e-03 -1.954203451535900582e+00 1.322650708013307641e-01 2.516361837096918741e+00 4.795412225359924618e-01 3.805497622037241068e-01 2.344879500956339666e-02 -1.132731751978754142e-01 3.722110435908667081e-01 -3.798214704945751530e-02 4.925523586378239838e-01 2.379411182395405333e-01 7.746299950786136312e-01
-3.033520266737688709e-01 -3.655172714975462700e+00 -3.768090563733862697e-02 3.605183893033127029e-01 1.537167055639128074e-02 4.108456676869299828e-01 3.016616080141625716e-03 -1.729479815174368162e-01 5.959908947604047186e-02 -4.109527396560542362e-02 4.547675631748702291e-02 1.388340979558565225e-01 4.525544040804461710e-01
-3.908054533561605703e-01 -1.338335269945714501e+00 -2.529458091263196429e-01 -8.371724150264685527e-01 -3.348828228356673375e-02 -2.594512411289995879e-01 -1.251183990621892311e-02 -1.630161492858809083e-02 -4.446137397414211545e-01 -2.797566767612498506e-02 3.807834580577396655e-01 -1.263441455058924856e-01 -1.037451865385823568e+00
8.565195160093585364e-03 -4.212386784033250287e+00 -3.719079926333880848e-01 -8.371724150264685527e-01 -1.678531525934512936e-01 -1.306936428253747395e-01 1.989650382642386980e-05 -9.089512282803988152e-02 -1.320017856265948974e-01 -1.018637101242269444e-02 3.248990077676975341e-01 -3.527282956953425169e-02 -1.154570262112429857e+00
-3.383333973467257394e-01 1.623697412940420470e+00 -7.733496680636135767e-02 -3.580960932945559394e-01 1.497365408662758302e-01 -2.177943710895915985e-01 -1.932256621602618241e-02 5.083254218091847604e-02 -6.462988714284058078e-01 -5.354778163019702913e-02 3.563418599955405722e-03 -2.455855710643327014e-02 -8.032150719326108801e-01
-1.954928004321529467e-01 -3.948443277637456283e+00 -2.359512114824526829e-01 -1.124618208065615743e+00 4.428962579060239380e-01 -1.496285837523784190e-01 -4.883826439234793468e-03 -8.842264138642946802e-03 1.178951570338805155e+00 -3.687031600797612690e-02 1.432745443250607875e-01 -8.080848753771337212e-02 1.010712755771107918e-02
-8.763357419053705022e-02 4.497748927027956256e+00 1.896775317555117468e-02 8.395947110352250942e-01 1.537167055639128074e-02 2.025613174898897861e-01 1.418620722822551937e-02 5.083254218091847604e-02 3.621267870065175143e-01 -5.532671129656725750e-02 3.248990077676975341e-01 1.388340979558565225e-01 -9.235867574571784422e-01
-2.916915697827835996e-01 -4.153732671500851126e+00 -2.076268820760077960e-01 -1.185579324285997438e-01 -1.678531525934512936e-01 4.729480188845967825e-02 6.285764708849100185e-03 -4.613901808836882307e-02 -1.622545553796426177e-01 -5.688327475464120819e-02 5.903501466453974222e-01 1.361555298400813352e-01 -1.525445185080016586e+00
-8.180334574504388723e-02 -1.543624663809109343e+00 -9.432956445022816494e-02 -1.664655646017908219e-01 -1.678531525934512936e-01 -3.601893819035634214e-02 1.364134912344094029e-02 -7.597642124814951714e-02 1.806101684882313596e-01 -2.575200559316219787e-02 2.829856700501658939e-01 1.415126660716318208e-01 -1.070112691688952650e-01
-2.683706560008125019e-01 -3.537864489910665267e+00 8.128127786972982882e-02 1.079132871901181234e+00 -2.655730582733673018e-01 -1.117587018983710601e-01 -1.223941085382663184e-02 2.845448981108297110e-02 -1.925073251326903379e-01 -6.355426100352955243e-02 4.925523586378239838e-01 2.901280520907163762e-02 -3.802875281976434430e-01
1.439542360558674315e-02 4.468421870761756232e+00 -2.635117387476066525e-02 7.198256306022470241e-01 -1.800681408034408015e-01 -2.443032883873967609e-01 -1.196698180143434057e-02 1.851008563999316514e-01 2.934631972299297023e-02 -5.739046846497118312e-03 -1.640899322701709073e-01 -1.611655310109707251e-01 -7.544157399631914451e-01
-3.383333973467257394e-01 -4.241713840299449423e+00 1.209353390387528232e-01 -3.580960932945559394e-01 -7.013324691353525764e-02 -3.601893819035634214e-02 4.923619446887653357e-03 -1.058138244079302182e-01 7.654970503804869875e-01 -4.465313329834588035e-02 -2.339454951327234744e-01 1.254412573769803640e-01 -7.381492959733849668e-01
-9.637891685877600367e-02 -3.977770333903655420e+00 -7.167010092507225538e-02 -3.580960932945559394e-01 -9.058305863587728241e-03 -3.601893819035634214e-02 -2.431964967704185014e-03 -4.613901808836882307e-02 -1.320017856265948974e-01 -5.421488025508586217e-02 3.807834580577396655e-01 1.468698023031823341e-01 -9.658795118306751082e-01
-2.450497422188414598e-01 -2.130165789133096510e+00 -3.201603975604952468e-02 7.916870788620340438e-01 -1.189931997534932617e-01 -1.950724419771871776e-01 -9.242691277511443440e-03 5.083254218091847604e-02 -3.115921978310247364e-02 -5.799510579612259659e-02 5.204945837828450772e-01 -9.420132811658964156e-02 -8.194815159224171364e-01
-3.937205675789068327e-01 -1.954203451535900582e+00 1.435948025639087189e-01 1.558209193633093737e+00 -1.434231761734722777e-01 -1.420546073815769639e-01 -1.142212369664976149e-02 2.845448981108297110e-02 -2.530128646387855285e-01 -5.465961267167841059e-02 5.624079215003766619e-01 1.602626428820584925e-01 -6.015111664590109264e-01
-3.966356818016531505e-01 -8.104482571541256064e-01 5.295694846328505290e-02 5.042412858228867423e-01 -1.922831290134302817e-01 -1.306936428253747395e-01 -9.242691277511443440e-03 8.812929613064435230e-02 -2.429286080544363069e-01 -5.021228850575285008e-02 5.944786888999756269e-02 3.704850955639731741e-02 -2.176230882995790483e-01
-2.683706560008125019e-01 -2.951323364586678100e+00 -3.768090563733862697e-02 9.833176075547992445e-01 -3.632929639532833654e-01 -3.601893819035634214e-02 -1.196698180143434057e-02 4.337319139097329385e-02 -2.126758383013888365e-01 -7.378310658515838116e-02 1.572456568975713342e-01 1.602626428820584925e-01 -3.965539721874498102e-01
-2.683706560008125019e-01 -1.484970551276710626e+00 -2.635117387476066525e-02 -2.383270128615778694e-01 -2.289280936433988334e-01 -2.632382293144002738e-01 -1.441884327296495683e-02 1.179666992904250811e-01 4.951483289169122948e-02 -5.910693683760399192e-02 1.712167694700818810e-01 -9.152276000081434326e-02 -8.682808478918365713e-01
-2.916915697827835996e-01 -2.423436351795090093e+00 3.029748493812913640e-02 6.000565501692689541e-01 -1.678531525934512936e-01 -3.200430520954113955e-01 -2.122956958277221612e-02 1.030479977105347167e-01 3.943057630734199404e-02 -3.242299184205055251e-02 1.293034317525502686e-01 1.026282839864486179e-02 -9.658795118306751082e-01
-9.054868841328335416e-02 -2.364782239262691377e+00 -6.034036916249455040e-02 2.886569410435256833e-01 -2.411430818533883136e-01 -3.465519693932165302e-01 -1.550855948253411672e-02 1.627228040300960910e-01 2.934631972299297023e-02 -4.465313329834588035e-02 3.563418599955405722e-03 -1.477726904320944279e-01 -8.194815159224171364e-01
-2.071532573231387453e-01 1.447735075343224320e+00 -8.299983268765022404e-02 -3.580960932945559394e-01 -1.434231761734722777e-01 5.865576644466197198e-02 6.013335656456815850e-03 -8.343577203809469933e-02 4.024638133439144561e-01 -6.466609204501096164e-02 2.690145574776553472e-01 1.843697559240356498e-01 -1.486405719504481082e+00
-4.024659102471463412e-01 -1.015737651017521337e+00 -4.901063739991658869e-02 -3.580960932945559394e-01 -2.127329407357723273e-02 2.745140930125036793e-01 6.285764708849100185e-03 -1.431105783576560875e-01 -2.429286080544363069e-01 -4.020580913242030596e-02 2.829856700501658939e-01 9.329843998767740898e-02 -1.307474835616610376e+00
-1.546812013137034425e-01 -2.394109295528890513e+00 -9.432956445022816494e-02 -1.185579324285997438e-01 7.604859513657510339e-01 7.759070737166555431e-02 6.558193761241396663e-03 -3.122031650847845521e-02 1.703332912724965231e+00 -5.465961267167841059e-02 2.829856700501658939e-01 4.905692167094371885e-03 6.184721327764718390e-01
-3.470787400149646929e-01 -6.344859195569294563e-01 2.115731931393764753e-01 4.802874697362908285e-01 4.184662814860449220e-01 -2.632382293144002738e-01 -2.831272494497176495e-02 -1.654886307274916202e-01 -3.115921978310247364e-02 -5.688327475464120819e-02 -1.040769397255513276e-02 -9.420132811658964156e-02 -3.965539721874498102e-01
-2.071532573231387453e-01 -2.716706914457083677e+00 -2.189566138385857508e-01 -8.371724150264685527e-01 -1.800681408034408015e-01 9.652564829866916440e-02 1.282406196626407341e-02 -5.359836887831401220e-02 1.806101684882313596e-01 -4.798862642279005941e-02 3.807834580577396655e-01 3.436994144062213014e-02 -1.037451865385823568e+00
-1.838323435411676754e-01 -3.713826827507861417e+00 -1.509782232631179666e-01 -2.383270128615778694e-01 -1.434231761734722777e-01 4.638635022825402521e-01 4.687769351530035600e-02 -9.089512282803988152e-02 3.621267870065175143e-01 -1.241003309538547296e-02 1.153323191800397218e-01 4.240564578794780992e-02 -2.826888642588047951e-01
-2.071532573231387453e-01 2.444854988394001616e+00 -8.866469856893932633e-02 -3.580960932945559394e-01 -1.434231761734722777e-01 2.101352938606912135e-01 2.617308553348630593e-02 6.575124376080883348e-02 1.229372853260551457e+00 -6.133059892056678258e-02 6.462345969354396091e-01 5.847705448259928052e-02 -1.109024218940971807e+00
-2.683706560008125019e-01 -7.517941446217268897e-01 -3.775728585146770899e-01 -4.778651737275340650e-01 -3.348828228356673375e-02 -2.465797363415421842e-02 3.833903237318490864e-03 -7.597642124814951714e-02 -1.925073251326903379e-01 -3.909397809093891757e-02 4.366679083477817969e-01 9.329843998767740898e-02 -1.200244243607404143e-01
-1.167847164180007558e-01 -2.921996308320478519e+00 -2.642755408888975976e-01 -2.383270128615778694e-01 -1.434231761734722777e-01 -3.200430520954113955e-01 -1.823285000645701731e-02 -5.359836887831401220e-02 -2.429286080544363069e-01 -5.799510579612259659e-02 1.153323191800397218e-01 4.240564578794780992e-02 -6.015111664590109264e-01
-1.925776862094066288e-01 3.333069372276493136e-01 5.295694846328505290e-02 3.605183893033127029e-01 -2.127329407357723273e-02 1.003126364840699752e-01 2.199328922964747992e-03 -1.630161492858809083e-02 -2.832656343918332764e-01 -5.021228850575285008e-02 -2.199743825602128999e-01 2.057983008502375921e-01 -1.004918977406210612e+00
-3.441636257922183750e-01 -1.807568170204903568e+00 -2.756052726514755524e-01 1.211148004378361604e-03 -1.678531525934512936e-01 7.759070737166555431e-02 -1.060483653947289460e-02 6.076437441247419316e-03 -1.723388119639918670e-01 -6.666738791967746769e-02 -2.437880654506567255e-02 -4.598710203263522978e-02 -1.079744619759320345e+00
-1.430207444227181435e-01 -1.778241113938704210e+00 -2.189566138385857508e-01 2.407493088703345774e-01 -1.800681408034408015e-01 -3.601893819035634214e-02 -2.976823072488765827e-03 -3.122031650847845521e-02 -1.118332724578964127e-01 -4.709916158960494176e-02 1.153323191800397218e-01 2.566910950499671773e-01 -2.436493986832693470e-01
-1.692567724274355589e-01 6.265774998896417314e-01 -5.467550328120544811e-02 6.000565501692689541e-01 -1.189931997534932617e-01 -2.329423238311945088e-01 -5.156255491627083874e-03 2.223976103496575485e-01 -1.723388119639918670e-01 -5.243595058871562686e-02 -1.361477071251498416e-01 1.843697559240356498e-01 -1.405073499555449024e+00
-2.188137142141240166e-01 -1.778241113938704210e+00 -1.396484915005400118e-01 -1.185579324285997438e-01 -2.411430818533883136e-01 -2.443032883873967609e-01 1.989650382642386980e-05 6.076437441247419316e-03 3.943057630734199404e-02 -3.687031600797612690e-02 5.944786888999756269e-02 1.495483704189574936e-01 -7.706821839529979234e-01
-8.180334574504388723e-02 -1.719587001406305493e+00 -4.901063739991658869e-02 7.198256306022470241e-01 -1.922831290134302817e-01 -3.465519693932165302e-01 -7.335687910765408860e-03 8.812929613064435230e-02 3.943057630734199404e-02 -3.909397809093891757e-02 -1.082054819801287482e-01 -5.134423826418572229e-02 -8.422545375081462726e-01
-2.275590568823629978e-01 -3.068631589651475533e+00 -2.416160773637416603e-01 -1.185579324285997438e-01 -9.456322333351425968e-02 2.457287277605526427e-02 2.923255562187204596e-04 2.099513902113778543e-02 4.932221226030575889e-01 -5.243595058871562686e-02 -1.361477071251498416e-01 1.093698486823288796e-01 -1.414833365949332844e+00
-4.053810244698926590e-01 -2.892669252054279383e+00 1.889137296142205658e-01 1.209802284373564796e-01 -7.013324691353525764e-02 1.684784238212832241e-01 2.426608216674026527e-02 -5.359836887831401220e-02 9.066766425613762559e-01 -5.354778163019702913e-02 3.563418599955405722e-03 1.736554834609346509e-01 -2.176230882995790483e-01
-4.491077378110879259e-01 4.116497195567365708e+00 -3.095944679392093057e-01 1.211148004378361604e-03 8.866159981632830422e-02 3.351059039789154315e-01 1.500349438540239666e-02 -9.089512282803988152e-02 2.005860610255442378e+00 -4.798862642279005941e-02 -2.898299454227655780e-01 5.311991825104879494e-02 -6.015111664590109264e-01
-1.401056301999718534e-01 2.746528246952505414e-01 -1.113241620940952359e-01 3.605183893033127029e-01 -1.434231761734722777e-01 9.652564829866916440e-02 6.558193761241396663e-03 -7.597642124814951714e-02 -3.740239436509764648e-01 -6.800158516945513376e-02 -8.026325683510766862e-02 4.508421390372299720e-02 -1.372540611575836067e+00
-3.616543111286968371e-01 1.007829231350234167e+00 3.135407790025778740e-01 1.209802284373564796e-01 3.980164697637028626e-02 -2.064334065333893742e-01 1.989650382642386980e-05 1.776415056099864831e-01 -5.454563055849133146e-01 -2.797566767612498506e-02 3.807834580577396655e-01 -2.991569333798375918e-02 -4.551131705507530101e-01
-4.636833089248200701e-01 -4.681619684292440020e+00 7.561641198844097633e-02 3.605183893033127029e-01 -1.434231761734722777e-01 7.001673100086409918e-02 -5.249616009581571565e-04 4.337319139097329385e-02 -1.521702987952933683e-01 -4.398603467345704038e-02 1.991589946151029467e-01 -8.080848753771337212e-02 -1.017932132598055706e+00
-2.683706560008125019e-01 -2.775361026989482394e+00 7.561641198844097633e-02 7.198256306022470241e-01 -1.922831290134302817e-01 1.003126364840699752e-01 7.103051866025978343e-03 5.083254218091847604e-02 -5.555405621692626195e-01 -4.798862642279005941e-02 -3.834991911757605620e-02 1.549055066505080069e-01 -1.177343283698158771e+00
-5.744576493891827562e-01 -2.423436351795090093e+00 -9.432956445022816494e-02 4.802874697362908285e-01 -1.800681408034408015e-01 6.244275463006262322e-02 3.833903237318490864e-03 1.179666992904250811e-01 4.226323265126127326e-01 -7.022524725241792443e-02 1.051396861538244965e+00 6.919132694570025166e-02 -1.105770930143010533e+00
-3.441636257922183750e-01 -2.540744576859887527e+00 -2.132917479572967456e-01 3.126107571301216526e-01 -1.678531525934512936e-01 -1.193326782691725291e-01 -1.169455274904205103e-02 -4.613901808836882307e-02 -6.141198953615020079e-02 -6.911341621093652909e-02 -1.040769397255513276e-02 1.924054602713614059e-01 -8.194815159224171364e-01
-1.692567724274355589e-01 -2.130165789133096510e+00 -9.999443033151728111e-02 7.198256306022470241e-01 1.008765880263177983e-01 -1.117587018983710601e-01 1.654470818180166962e-03 -1.630161492858809083e-02 1.926206313864373132e-02 -6.666738791967746769e-02 1.432745443250607875e-01 9.329843998767740898e-02 -1.307474835616610376e+00
-6.722777463131228426e-02 3.207358451315185377e+00 -2.189566138385857508e-01 -8.371724150264685527e-01 -2.411430818533883136e-01 -2.518772647581982160e-01 -2.122956958277221612e-02 5.083254218091847604e-02 -7.673099504405964666e-01 -3.687031600797612690e-02 -3.596855082853183116e-01 -1.317012817374429712e-01 -1.219636038071655548e+00
-2.916915697827835996e-01 3.207358451315185377e+00 -2.076268820760077960e-01 -1.185579324285997438e-01 -1.556381643834617856e-01 -1.117587018983710601e-01 -1.060483653947289460e-02 6.076437441247419316e-03 2.814527343317237973e-01 -8.401195216678719602e-02 -3.834991911757605620e-02 1.174055530296545524e-01 -5.950045888630883795e-01
-4.520228520338347988e-01 1.866716558966517725e-01 3.029748493812913640e-02 1.209802284373564796e-01 -4.570327049355624172e-02 2.290702347876948375e-01 2.072450448564049086e-02 -3.122031650847845521e-02 2.411157079943268000e-01 -4.020580913242030596e-02 -2.199743825602128999e-01 2.084768689660128904e-01 -3.965539721874498102e-01
-4.199565955836242481e-01 -8.397753134203256309e-01 4.891516213225360898e-01 2.157054595797984309e+00 2.352414583362023581e-01 3.351059039789154315e-01 8.311075748347496184e-02 8.066994534069917011e-02 2.814527343317237973e-01 2.094489814905632283e-02 -3.834991911757605620e-02 2.888339124392701462e-01 -9.170801798612558953e-01
-1.692567724274355589e-01 6.140064077935119435e+00 2.059083272580873869e-01 1.677978274066072029e+00 2.758665876638078523e-02 -3.601893819035634214e-02 2.744187027749329238e-03 5.083254218091847604e-02 1.201046289821359192e-01 -6.622265550308491233e-02 -5.232103169008659599e-02 1.361555298400813352e-01 -1.242409059657384685e+00
1.439542360558674315e-02 1.015787078640443042e+01 -1.339836256192511732e-01 4.802874697362908285e-01 -1.678531525934512936e-01 1.230345655964744100e-01 1.691049775214842343e-02 -4.613901808836882307e-02 4.226323265126127326e-01 -5.465961267167841059e-02 -3.177721705677866715e-01 1.307983936085308496e-01 -1.193609727687965361e+00
-3.295880546784867859e-01 5.788139402740727135e+00 1.330288729426231872e-02 3.605183893033127029e-01 -2.167131054334092977e-01 2.139222820460918717e-01 2.726280174305545367e-02 -1.132731751978754142e-01 1.330215419104044061e+00 -5.021228850575285008e-02 -2.898299454227655780e-01 2.754410718603939601e-01 -1.193609727687965361e+00
-2.712857702235588198e-01 -5.171776944921319119e-01 -1.113241620940952359e-01 3.605183893033127029e-01 -1.800681408034408015e-01 1.154605892256729271e-01 1.691049775214842343e-02 6.076437441247419316e-03 -2.429286080544363069e-01 -5.110175333893796079e-02 -1.361477071251498416e-01 1.790126196924851643e-01 -1.200116305283887908e+00
-1.663416582046892411e-01 -2.364782239262691377e+00 -4.334577151862748640e-02 4.802874697362908285e-01 -1.678531525934512936e-01 1.684784238212832241e-01 3.053195037176293855e-02 2.099513902113778543e-02 1.806101684882313596e-01 -2.486254075997708021e-02 -3.736566208578288584e-01 6.115562259837446779e-02 -1.284701814030881462e+00
-3.529089684604578836e-01 -6.051588632907307641e-01 2.342326566645321906e-01 2.157054595797984309e+00 -9.456322333351425968e-02 -6.252785548816157390e-02 5.740906604064531515e-03 1.627228040300960910e-01 1.705259119038821380e-01 -4.576496433982727569e-02 1.753453117246594334e-02 -4.598710203263522978e-02 -9.138268910632945108e-01
-1.838323435411676754e-01 -2.071511676600698237e+00 -3.768090563733862697e-02 1.198901952334159526e+00 -1.434231761734722777e-01 -2.844496181955486966e-02 1.146191670430262571e-02 2.845448981108297110e-02 3.117055040847713232e-01 -6.533319066989978774e-02 -9.423436940761821534e-02 4.508421390372299720e-02 -1.317234702010494418e+00
-2.800311128917982728e-01 5.758812346474527999e+00 7.638021412973213832e-03 6.000565501692689541e-01 -2.411430818533883136e-01 -7.388882004436370110e-02 -7.608116963157698399e-03 4.337319139097329385e-02 -2.429286080544363069e-01 -5.465961267167841059e-02 -2.339454951327234744e-01 -1.116571652755710131e-02 -5.429519680957077821e-01
-4.099174662659488960e-02 -2.892669252054279383e+00 -2.635117387476066525e-02 -3.580960932945559394e-01 2.718864229661708820e-01 -2.973211229830069469e-01 -2.122956958277221612e-02 -1.132731751978754142e-01 -6.563831280127550016e-01 -2.130468142723662694e-02 -2.758588328502550868e-01 -3.540224353467881779e-01 -3.802875281976434430e-01
-3.516151818110172661e-02 1.916967975602414276e+00 1.896775317555117468e-02 1.209802284373564796e-01 5.201663518635979422e-02 -3.768478748764222952e-01 -2.204685673994908474e-02 -9.089512282803988152e-02 -7.673099504405964666e-01 7.602925651279613534e-03 -3.038010579952761803e-01 -3.192010498417100495e-01 -7.056164079937721212e-01
-5.556731774032649257e-02 -7.727185049914195303e-02 1.896775317555117468e-02 1.079132871901181234e+00 -2.127329407357723273e-02 -4.336526976574333614e-01 -2.558843442104885915e-02 -6.851707045820433495e-02 -7.673099504405964666e-01 1.427391190016796818e-02 -4.155699585753603320e-01 -3.352724585363614507e-01 -6.080177440549334733e-01
-8.763357419053705022e-02 3.559283126509576789e+00 -3.691710349604747018e-03 4.802874697362908285e-01 7.644661160633881014e-02 -2.253683474603930537e-01 -2.259171484473366728e-02 -1.431105783576560875e-01 -7.572256938562472728e-01 -1.291722680571541102e-03 -2.479166077052339934e-01 -3.540224353467881779e-01 -4.778861921364820353e-01
-1.430207444227181435e-01 -3.215266870982472103e+00 -6.600523504378340289e-02 -4.778651737275340650e-01 -1.800681408034408015e-01 -1.117587018983710601e-01 -3.948231609305566381e-02 1.776415056099864831e-01 -3.437711738979287168e-01 8.714756692761001927e-03 -2.898299454227655780e-01 -2.950939367997328366e-01 -3.152217522384176962e-01
-1.167847164180007558e-01 3.626339934938480059e-01 -9.432956445022816494e-02 -2.383270128615778694e-01 -7.013324691353525764e-02 -2.556642529435988465e-01 -3.730288367391733362e-02 2.000195579798220435e-01 -6.563831280127550016e-01 4.540518106164696810e-02 -3.177721705677866715e-01 -2.763439599893061094e-01 -1.688237563301597521e-01
-2.188137142141240166e-01 6.990548709654899717e+00 9.827587551359689977e-02 3.605183893033127029e-01 -1.312081879634827697e-01 -3.465519693932165302e-01 -4.247903566937085568e-02 1.254260500803702771e-01 -7.975627201936441590e-01 -2.686383663464358279e-02 -2.898299454227655780e-01 -3.593795715783386635e-01 -8.749153638112755482e-02
-1.371905159772255078e-01 9.307386154684650137e+00 1.549245343264867014e-01 1.318671032767137596e+00 -4.570327049355624172e-02 -1.912854537917864362e-01 -3.893745798827107779e-02 2.000195579798220435e-01 -4.950350226631671235e-01 -1.291722680571541102e-03 -1.920321574151919730e-01 -2.468797107157784665e-01 -7.544157399631914451e-01
1.426604494064274142e-01 3.676591351574374222e+00 -9.999443033151728111e-02 1.211148004378361604e-03 -1.434231761734722777e-01 -2.556642529435988465e-01 -4.220660661697856614e-02 1.627228040300960910e-01 -7.168886675188503865e-01 1.427391190016796818e-02 -2.060032699877023810e-01 -2.120583252107002548e-01 -5.429519680957077821e-01
-4.682197507208752524e-02 1.828986806803815313e+00 1.379299366826196305e-01 1.079132871901181234e+00 1.537167055639128074e-02 9.424920034452321030e-03 -3.893745798827107779e-02 1.254260500803702771e-01 -7.874784636092948542e-01 -3.070652346941772290e-03 -9.423436940761821534e-02 -1.236655773901172845e-01 -5.104190801160949365e-01
-2.058594706737013058e-02 1.389080962810825604e+00 1.889137296142205658e-01 3.605183893033127029e-01 -4.570327049355624172e-02 -2.859601584268047225e-01 -4.166174851219398012e-02 1.254260500803702771e-01 -8.479840031153903501e-01 -1.018637101242269444e-02 -2.618877202777445401e-01 -8.080848753771337212e-02 -4.778861921364820353e-01
1.047639645107242140e-01 6.559045561558417559e-01 -9.356576230893601243e-03 1.209802284373564796e-01 -1.312081879634827697e-01 -3.389779930224150473e-01 -4.166174851219398012e-02 6.076437441247419316e-03 -9.589108255432319261e-01 1.205024981720517058e-02 -3.596855082853183116e-01 -3.795139768530943203e-02 1.077057914965496993e-01
1.514057920746663677e-01 2.444854988394001616e+00 2.002434613767985205e-01 9.593637914682031642e-01 -3.348828228356673375e-02 -2.821731702414040366e-01 -4.111689040740940798e-02 1.030479977105347167e-01 -1.049669134802375003e+00 -1.574552621982966069e-02 -9.423436940761821534e-02 -1.477726904320944279e-01 -7.381492959733849668e-01
1.805569343021300732e-01 7.665071003777486958e+00 -9.356576230893601243e-03 1.209802284373564796e-01 -9.456322333351425968e-02 -1.117587018983710601e-01 -3.348887694042527313e-02 8.066994534069917011e-02 -5.757090753379611181e-01 -1.463369517834825322e-02 -6.629214426259713577e-02 -1.504512585478697539e-01 -6.405506320345464299e-01
-2.188137142141240166e-01 4.527075983294155392e+00 -9.432956445022816494e-02 -2.383270128615778694e-01 1.497365408662758302e-01 -3.465519693932165302e-01 -3.403373504520985221e-02 -5.359836887831401220e-02 -4.546979963257703483e-01 7.008783018253392227e-02 -4.295410711478708232e-01 -1.638440991267459124e-01 3.517024513436462496e-01
4.646168005579677518e-02 3.617937239041975506e+00 -1.226538938566732045e-01 3.605183893033127029e-01 2.758665876638078523e-02 -3.011081111684076883e-01 -4.029960325023253243e-02 5.083254218091847604e-02 -2.933498909761825257e-01 -2.352834351019940720e-02 -4.993966340104235568e-01 -2.495582788315537093e-01 2.703702313946140801e-01
2.563499040935364737e-01 7.929014510173280961e+00 -7.733496680636135767e-02 1.209802284373564796e-01 -2.411430818533883136e-01 -4.980314968092457439e-01 -4.602061335047062662e-02 2.845448981108297110e-02 -9.185737992058349288e-01 -3.515384763534319407e-03 -5.273388591554446503e-01 -3.433081628836871513e-01 -1.079744619759320345e+00
-3.807663240384857178e-02 6.667951090726709218e+00 6.428668022586300768e-02 4.802874697362908285e-01 -1.678531525934512936e-01 -2.253683474603930537e-01 -3.757531272630963010e-02 8.066994534069917011e-02 -7.370571806875487741e-01 5.763532251794230982e-02 -5.832233094454866151e-01 -2.013440527475993114e-01 -3.965539721874498102e-01
9.310350761973894274e-02 2.650144382257397790e+00 7.638021412973213832e-03 4.802874697362908285e-01 -9.456322333351425968e-02 -1.382676191961762224e-01 -3.457859314999443823e-02 6.575124376080883348e-02 -3.437711738979287168e-01 7.475752055675576047e-02 -5.692521968729761239e-01 -2.656296875262051382e-01 -3.152217522384176962e-01
2.314076627382570528e-02 4.585730095826553665e+00 -3.691710349604747018e-03 4.802874697362908285e-01 1.619515290762653381e-01 -3.351910048370143058e-01 -1.741556284928015216e-02 -1.630161492858809083e-02 -4.546979963257703483e-01 9.654940896979108400e-02 -5.413099717279551415e-01 -3.433081628836871513e-01 -6.405506320345464299e-01
1.455755636291737320e-01 2.298219707063005490e+00 1.435948025639087189e-01 1.079132871901181234e+00 2.841014111761603900e-01 -3.389779930224150473e-01 -1.251183990621892311e-02 -1.058138244079302182e-01 -3.437711738979287168e-01 7.876011230608877256e-02 -5.133677465829341591e-01 -3.513438672310129074e-01 -8.032150719326108801e-01
-6.139754618581964862e-02 9.785021750840342536e-01 6.428668022586300768e-02 6.000565501692689541e-01 1.497365408662758302e-01 -3.086820875392091712e-01 -1.823285000645701731e-02 -9.089512282803988152e-02 -3.336869173135794675e-01 1.276806781312700978e-01 -6.670499848805497844e-01 -3.058082092628338078e-01 -8.682808478918365713e-01
3.188610894206465873e-02 -1.279681157413315784e+00 2.172380590206653417e-01 1.438440113200115666e+00 1.985964937062338342e-01 -3.601893819035634214e-02 -2.041228242559534056e-02 -7.597642124814951714e-02 -3.115921978310247364e-02 4.540518106164696810e-02 -4.854255214379129546e-01 -3.433081628836871513e-01 -1.047211731779707389e+00
6.686747961502154114e-02 2.826106719854593052e+00 -4.901063739991658869e-02 -2.383270128615778694e-01 -2.127329407357723273e-02 -1.874984656063856947e-01 -3.267158978324840451e-02 1.851008563999316514e-01 2.814527343317237973e-01 1.214544242989742673e-01 -5.552810843004655217e-01 -2.950939367997328366e-01 -2.338895322893854711e-01
-1.226149448634933914e-01 -3.068631589651475533e+00 -1.509782232631179666e-01 1.209802284373564796e-01 3.980164697637028626e-02 -3.086820875392091712e-01 -3.948231609305566381e-02 1.254260500803702771e-01 -1.925073251326903379e-01 5.652349147646090755e-02 -5.273388591554446503e-01 -2.843796643366318100e-01 -3.477546402180305418e-01
4.937679427854310688e-02 8.368920354166270670e+00 -2.635117387476066525e-02 6.000565501692689541e-01 -8.234823512352475172e-02 -2.102203947187901156e-01 -3.812017083109421611e-02 1.851008563999316514e-01 -4.124347636745171602e-02 6.319447772534927954e-02 -4.993966340104235568e-01 -3.031296411470585372e-01 -7.122509239132111813e-02
2.446894472025507028e-01 5.230925333682940881e+00 7.638021412973213832e-03 1.211148004378361604e-03 -1.312081879634827697e-01 -1.874984656063856947e-01 -3.267158978324840451e-02 8.812929613064435230e-02 -3.115921978310247364e-02 8.787712684623620596e-02 -5.413099717279551415e-01 -2.602725512946547082e-01 -8.682808478918365713e-01
-1.605114297591966055e-01 2.034276200667210599e+00 1.549245343264867014e-01 1.797747354499050099e+00 -3.348828228356673375e-02 -1.496285837523784190e-01 -3.948231609305566381e-02 2.000195579798220435e-01 -4.546979963257703483e-01 5.429982939349812382e-02 -4.015988460028497853e-01 -2.361654382526774676e-01 4.330346712926784192e-01
3.904451583398698133e-01 -1.924876395269701224e+00 1.889137296142205658e-01 1.318671032767137596e+00 -2.127329407357723273e-02 1.912003529336874508e-01 -1.959499526841846848e-02 1.254260500803702771e-01 1.118446030832709992e+00 1.766012439564513814e-01 -5.413099717279551415e-01 -1.745583715898468835e-01 -2.826888642588047951e-01
1.397453351836810687e-01 -1.954203451535900582e+00 1.549245343264867014e-01 7.198256306022470241e-01 -1.312081879634827697e-01 1.154605892256729271e-01 -2.531600536865656614e-02 1.179666992904250811e-01 7.049915108743914915e-01 1.488054679194165397e-01 -5.413099717279551415e-01 -2.227725976738012537e-01 -4.128204161772562886e-01
-1.867474577639139932e-01 4.380440701963158823e+00 7.638021412973213832e-03 3.605183893033127029e-01 -1.434231761734722777e-01 1.850943663650848328e-03 -3.021972831171779519e-02 1.030479977105347167e-01 -5.555405621692626195e-01 5.763532251794230982e-02 -5.552810843004655217e-01 -2.763439599893061094e-01 -7.381492959733849668e-01
2.009627338613548531e-01 2.708798494789795619e+00 9.827587551359689977e-02 1.209802284373564796e-01 8.866159981632830422e-02 -1.761375010501834704e-01 -4.002717419784024289e-02 1.030479977105347167e-01 -7.975627201936441590e-01 1.827650364950098028e-02 3.563418599955405722e-03 -2.120583252107002548e-01 -2.176230882995790483e-01
-4.390686084934120742e-02 2.738125551055995199e+00 1.209353390387528232e-01 6.000565501692689541e-01 7.644661160633881014e-02 -2.443032883873967609e-01 -3.893745798827107779e-02 1.776415056099864831e-01 -6.362146148440565030e-01 1.160551740061262216e-02 -1.221765945526392949e-01 -1.343798498532182695e-01 -5.754848560753207387e-01
-1.184060439913065324e-02 3.266012563847584094e+00 -9.356576230893601243e-03 -2.383270128615778694e-01 7.644661160633881014e-02 -3.427649812078157332e-01 -3.621316746434818240e-02 2.845448981108297110e-02 -6.563831280127550016e-01 4.934531151724266644e-03 -3.876277334303392386e-01 -2.308083020211270098e-01 -2.338895322893854711e-01
2.271987618660722685e-01 1.242445681479827924e+00 -3.768090563733862697e-02 6.000565501692689541e-01 -1.189931997534932617e-01 -3.579129339494186435e-01 -3.675802556913276148e-02 3.591384060102811165e-02 -5.656248187536118133e-01 1.005520007191240961e-01 -3.596855082853183116e-01 -2.495582788315537093e-01 -4.290868601670627669e-01
2.126231907523406517e-01 5.934774684071725481e+00 -6.034036916249455040e-02 7.198256306022470241e-01 -1.434231761734722777e-01 -3.844218512472237781e-01 -4.247903566937085568e-02 1.179666992904250811e-01 -4.446137397414211545e-01 3.473160306342560483e-02 -2.479166077052339934e-01 -2.308083020211270098e-01 -7.381492959733849668e-01
1.309999925154416156e-01 3.999188970502568274e+00 1.322650708013307641e-01 8.395947110352250942e-01 1.375215526562863222e-01 -2.253683474603930537e-01 -3.021972831171779519e-02 5.083254218091847604e-02 -1.320017856265948974e-01 1.250122836317147379e-01 -1.501188196976603606e-01 -2.817010962208565950e-01 -1.688237563301597521e-01
-5.265220351758017475e-02 3.031396113717989227e+00 -3.768090563733862697e-02 1.211148004378361604e-03 -1.434231761734722777e-01 -3.086820875392091712e-01 -3.730288367391733362e-02 2.845448981108297110e-02 -6.261303582597073092e-01 1.156729028832710338e-01 -3.317432831402972182e-01 -2.308083020211270098e-01 -2.013566443097725978e-01
1.688964774111448020e-01 7.145586686882404726e-01 1.832488637329314773e-01 1.198901952334159526e+00 6.423162339634930218e-02 -2.821731702414040366e-01 -3.239916073085612191e-02 2.099513902113778543e-02 -5.132773295180095841e-02 8.009430955586645251e-02 -3.038010579952761803e-01 -2.174154614422507958e-01 1.010712755771107918e-02
1.164244214017100126e-01 6.638624034460507417e+00 2.795515837148440097e-01 1.318671032767137596e+00 1.497365408662758302e-01 -1.193326782691725291e-01 -2.913001210214863010e-02 -6.851707045820433495e-02 -4.849507660788179297e-01 7.653645022312598190e-02 -4.015988460028497853e-01 -1.852726440529478824e-01 -3.802875281976434430e-01
-2.333892853278561330e-01 2.034276200667210599e+00 -2.635117387476066525e-02 -1.185579324285997438e-01 -4.570327049355624172e-02 -3.957828158034260024e-01 -4.193417756458627660e-02 2.845448981108297110e-02 -8.681525162840888488e-01 9.826587734242392055e-03 -4.155699585753603320e-01 -2.093797570949250397e-01 -7.706821839529979234e-01
-6.722777463131228426e-02 1.573445996304530525e-01 -4.901063739991658869e-02 1.211148004378361604e-03 -1.678531525934512936e-01 -3.427649812078157332e-01 -4.138931945980169752e-02 8.812929613064435230e-02 -9.589108255432319261e-01 1.076676971479841455e-01 -5.413099717279551415e-01 -2.629511194104299787e-01 -9.008137358714494169e-01
3.379731023304349824e-01 5.092692748248441870e-01 6.428668022586300768e-02 1.209802284373564796e-01 -1.067782115435037676e-01 -2.329423238311945088e-01 -3.621316746434818240e-02 5.829189297086366517e-02 -3.538554304822780217e-01 1.032203952186794144e-01 -4.714544088654024634e-01 -2.415225744842279532e-01 -2.826888642588047951e-01
2.067929623068480161e-01 9.717964942411441598e+00 4.729208258199620041e-02 2.407493088703345774e-01 -5.791825870354574968e-02 -2.329423238311945088e-01 -3.866502893587879519e-02 1.179666992904250811e-01 -5.353720490005641208e-01 5.874715355942369821e-02 -4.435121837203813699e-01 -2.334868701369022248e-01 -2.242576042190179419e-02
1.164244214017100126e-01 4.615057152092754578e+00 6.428668022586300768e-02 8.395947110352250942e-01 2.758665876638078523e-02 -1.874984656063856947e-01 -3.485102220238672777e-02 5.083254218091847604e-02 -1.824230685483410885e-01 4.985250522757254249e-02 -3.596855082853183116e-01 -2.817010962208565950e-01 1.010712755771107918e-02
7.852793650600681241e-02 5.700158233942130614e+00 -6.034036916249455040e-02 1.209802284373564796e-01 2.474564465461918383e-01 -2.670252174998010708e-01 -3.648559651674047194e-02 5.083254218091847604e-02 -2.429286080544363069e-01 1.143387056334933538e-01 -5.133677465829341591e-01 -2.817010962208565950e-01 2.866366753844205029e-01
4.937679427854310688e-02 7.438857249544391648e-01 1.973155531684358741e-03 1.209802284373564796e-01 2.474564465461918383e-01 -2.443032883873967609e-01 -3.675802556913276148e-02 1.254260500803702771e-01 -1.320017856265948974e-01 9.432574688682829334e-02 -4.993966340104235568e-01 -2.656296875262051382e-01 3.029031193742269812e-01
3.292277596621960289e-01 5.172271221150540832e+00 2.115731931393764753e-01 1.198901952334159526e+00 -4.570327049355624172e-02 -9.282376097136746385e-02 -3.457859314999443823e-02 1.478041024502058098e-01 -2.429286080544363069e-01 9.210208480386547492e-02 -4.854255214379129546e-01 -2.709868237577556238e-01 -6.080177440549334733e-01
