4.808472037521978049e-01 -2.279188423956184928e-01 5.988219519221111842e-01 -1.216001587090652869e+00 3.545259384334334740e+00 4.959626096325127631e-01 3.020717410738111841e-01 -2.391300237820860597e-01 6.346295029283907096e-01 1.574200346968608610e-02 1.800825851018918733e-01 3.911104004775088905e-01 6.463632511661262514e-01
7.798413042620250257e-02 -2.024468827916234281e-01 -2.136681513407078459e+00 -2.589681729899536933e+00 3.361128023070467791e-02 3.486141988481788467e-01 2.141520213739064871e-01 -2.975584990507358363e-01 -2.822275529737808819e-01 -1.834388670308192970e-02 2.018974075791864220e-01 2.356604749012542466e-01 6.158846491737635098e-01
6.233896253004769794e-02 8.606496784335499264e-03 2.862686888746265979e+00 -2.794014897209587400e-01 1.636723211234317188e-01 4.959626096325127631e-01 3.548235728937540467e-01 -1.807015485134364774e-01 1.106674719828518505e+00 1.682409522120253270e-02 1.582677626245972968e-01 1.669037770502185269e-01 8.901920671050285172e-01
5.356052913887403566e-01 -1.405864094676354814e-01 1.259115891829155398e+00 -8.413615481427750842e-01 1.724404811836156348e+00 1.527401485122851010e+00 4.280900059770078592e-01 -3.559869743193855296e-01 5.347737839687484174e-01 7.417495805157413302e-02 -2.125842194894099202e-01 2.506075831297402967e-01 1.489604572954829509e+00
9.362929832235800109e-02 9.230007834031922487e-02 4.749241002766398267e+00 4.698785881747955528e-01 2.374710016299791171e+00 4.959626096325127631e-01 1.936374201105954540e-01 8.222659019548717030e-02 2.079732491917366255e-01 -1.996702433035658919e-02 1.800825851018918733e-01 9.515765755348568056e-02 -2.416599266585474706e-02
4.691133278300809728e-01 -2.097245855356220101e-01 7.874773633241244353e-01 -1.340881600073278612e+00 1.594343770943429162e+00 9.576542967567595044e-01 3.987834327437063120e-01 -6.384459797613700749e-02 3.441401386821580921e-01 4.577004957426745319e-02 2.018974075791864220e-01 7.124228438790802809e-02 1.428647368970104248e+00
5.434278753368183557e-01 -1.696972204436297538e-01 7.874773633241244353e-01 -1.528201619547217227e+00 -4.866328833402034926e-01 2.012657880638449581e-01 1.438162456139828460e-01 -1.807015485134364774e-01 3.532179313148527955e-01 5.191608892400754321e-03 1.364529401473027481e-01 2.894700645238039161e-01 1.103542281051567819e+00
4.143552401935384766e-01 -6.780938202764963396e-02 2.296720654540226114e+00 -5.916015221775232646e-01 2.764893138977972509e+00 2.994980619200677263e-01 1.408855882906526191e-01 -1.514873108791116030e-01 -3.094609308718652141e-01 -2.188498651814762034e-04 2.237122300564809707e-01 2.894700645238039161e-01 1.113701815049022104e+00
7.155247221945247871e-01 -2.533908019996136129e-01 -1.853698396304060747e+00 -1.715521639021155842e+00 -3.565718424474764170e-01 4.959626096325127631e-01 2.786264824871699242e-01 -2.099157861477613796e-01 3.532179313148527955e-01 3.838994203005203013e-03 2.673418750110700959e-01 7.124228438790802809e-02 6.057251151763092256e-01
3.361294007127623718e-01 -3.589174917875929682e-01 -9.104213392939947136e-01 -1.091121574108026904e+00 -2.265108015547494247e-01 6.727807025737138069e-01 3.284476569837825322e-01 -4.144154495880351674e-01 2.352066270898209577e-01 5.848462765458567469e-02 1.146381176700081994e-01 2.805017995867122860e-01 6.057251151763092256e-01
4.300004080896932535e-01 -6.417053065565025971e-02 -6.274382221909768909e-01 -4.667215091948979100e-01 6.839164846943399656e-01 6.433110204168471791e-01 3.782688314803951402e-01 -4.144154495880351674e-01 7.163296366226434841e-01 1.871775578635631945e-02 6.381938571250770353e-01 1.669037770502185269e-01 1.550561776939555214e+00
4.378229920377706974e-01 -3.116124239516022132e-01 -4.387828107889635842e-01 -8.413615481427750842e-01 -6.166939242329305682e-01 -9.343103350482286074e-02 1.174403297040115118e-01 -2.975584990507358363e-01 -1.897156662563257920e-02 -1.571464554577027811e-03 4.636752773067206457e-01 6.227401945081634249e-02 1.083223213056659251e+00
2.931051889983359304e-01 -2.206411396516198831e-01 4.101665405200979886e-01 -1.091121574108026904e+00 -1.397060169589292800e+00 2.994980619200677263e-01 2.141520213739064871e-01 -2.099157861477613796e-01 1.988954565590418389e-01 1.465991171816964124e-02 4.200456323521314927e-01 8.618939261639400884e-02 1.164499485036293303e+00
6.842343864022145672e-01 -2.206411396516198831e-01 2.215111291180847375e-01 -2.527241723408223173e+00 -1.136938087803838648e+00 7.906594312011810954e-01 4.867031524436108980e-01 1.990835407327864737e-01 1.106674719828518505e+00 9.249452960587434269e-03 6.381938571250770353e-01 3.536922463954154244e-02 8.190753291228486388e-01
5.395165833627797447e-01 -1.696972204436297538e-01 1.271834234170760580e-01 -2.339921703934285002e+00 2.937333620161587389e-01 9.871239789136261322e-01 4.720498658269601244e-01 -2.099157861477613796e-01 1.242841609318940055e+00 6.605926991520079394e-02 5.291197447386043473e-01 1.160836090733660814e-01 1.625742328520716651e+00
2.461696853098708504e-01 -1.915303286756255274e-01 3.145670005849287687e+00 -7.164815351601496740e-01 1.594343770943429162e+00 5.450787465606243831e-01 2.581118812238589189e-01 -1.807015485134364774e-01 -1.188272855852751247e-01 6.064881115761856789e-02 7.036383245569607370e-01 8.021054932499957490e-02 1.144180417041384956e+00
5.082262475704694138e-01 -1.515029635836333821e-01 3.334325417251300827e+00 1.576785557182310837e-01 2.634832098085245544e+00 4.959626096325127631e-01 3.255169996604524441e-01 -9.305883561046188190e-02 3.441401386821580921e-01 3.089128799091633154e-02 2.455270525337755472e-01 1.145385147396388477e-02 1.083223213056659251e+00
3.243955247906462613e-01 -2.788627616036085666e-01 2.391048360241234683e+00 1.576785557182310837e-01 1.984526893621610499e+00 6.433110204168471791e-01 4.017140900670364001e-01 1.114408278298120447e-01 1.171953228647888701e-01 4.171220550608076977e-02 3.764159873975423953e-01 -1.246152169161377291e-02 7.784371931330316130e-01
4.652020358560423063e-01 -2.715850588596099846e-01 1.070460480427142036e+00 -9.350215578797446137e-01 1.074099607372520859e+00 9.871239789136261322e-01 5.570389282035346223e-01 -1.222730732447867424e-01 2.442844197225157443e-01 9.852202246069413638e-02 5.945642121704879379e-01 6.227401945081634249e-02 1.895985932852999989e+00
2.500809772839095446e-01 2.778814983122832594e-01 1.825082126035195040e+00 -1.340881600073278612e+00 2.114587934514337242e+00 3.977303357762904668e-01 2.932797691038206422e-01 -5.604866377596593452e-01 6.272856706862020570e-02 1.133764824214075458e-03 5.564005283535413370e-03 2.237027883184654065e-01 1.993437552781389122e-01
4.143552401935384766e-01 -2.570296533716128762e-01 -8.160936335929901420e-01 -1.091121574108026904e+00 3.415198343441607776e+00 6.924271573449584105e-01 3.343089716304428194e-01 -3.559869743193855296e-01 4.621514429071901242e-01 1.601252640756521683e-02 2.891566974883646446e-01 3.283325459178675909e-01 6.726981331123356445e-02
-2.762075287284452077e-02 5.326010943522336838e-01 2.674031477344252394e+00 -2.794014897209587400e-01 2.937333620161587389e-01 1.128567415932446999e-01 1.115790150573511830e-01 -3.267727366850606274e-01 3.532179313148527955e-01 -1.509761144853259338e-02 1.582677626245972968e-01 2.715335346496207114e-01 4.695074531632505849e-02
2.774600211021811536e-01 -1.733360718156290725e-01 -6.147198798493719307e-02 -9.038015546340877338e-01 1.636723211234317188e-01 3.093212893056898061e-01 2.493199092538683492e-01 -2.683442614164109341e-01 8.996194496670452401e-02 -3.403421710007038803e-02 3.327863424429537420e-01 4.150257736430865152e-01 5.854060471814007682e-01
-5.891108866515482739e-02 -2.679462074876106659e-01 1.447771303231168538e+00 -5.291615156862106151e-01 -6.166939242329305682e-01 1.816193332926004378e-01 9.985638576403056688e-02 -2.975584990507358363e-01 -1.188272855852751247e-01 -3.051741890764193138e-02 2.891566974883646446e-01 3.044171727522899107e-01 5.447679111915837424e-01
1.953228896473663267e-01 -1.915303286756255274e-01 2.296720654540226114e+00 1.576785557182310837e-01 -4.866328833402034926e-01 2.307354702207115860e-01 1.701921615239542218e-01 -2.391300237820860597e-01 6.272856706862020570e-02 -4.160885936068550034e-02 3.546011649202482907e-01 3.612161840205367902e-01 1.993437552781389122e-01
1.931475081562128784e-02 -1.041978957476425854e-01 8.050710702301627109e+00 1.718678718001053651e+00 3.155076261656153402e+00 3.289677440769342986e-01 1.907067627872653659e-01 3.159404912700858326e-01 2.987511755186841866e-01 -3.998572173341083391e-02 3.764159873975423953e-01 1.758720419873102125e-01 1.688651532857761706e-01
1.522986779329399132e-01 -2.060857341636227191e-01 2.391048360241234683e+00 -1.059901570862370024e+00 -8.768160060183846083e-01 5.450787465606243831e-01 2.669038531938492942e-01 -6.384459797613700749e-02 -1.279050782179698975e-01 -6.981923312159259501e-03 -8.169528462564257243e-02 1.818508852787046326e-01 9.105111350999369746e-01
1.170970501665909019e-01 -2.242799910236192018e-01 -2.136681513407078459e+00 -7.789215416514624346e-01 -7.467549651256576437e-01 1.030335142076222177e-01 4.710455394408773894e-02 -2.683442614164109341e-01 -2.186830045449174587e-01 -2.997637303188371155e-02 1.364529401473027481e-01 4.732691122233036868e-02 1.093382747054113535e+00
3.400406926868010937e-01 -1.587806663276319641e-01 4.088947062859349835e+00 -2.964146375570805847e-02 9.440385664797938947e-01 6.433110204168471791e-01 2.756958251638398361e-01 2.379811492683743535e-02 1.535064933955679611e-01 -1.509761144853259338e-02 6.381938571250770353e-01 2.356604749012542466e-01 3.415772312424985024e-01
3.987100722973829781e-01 -2.388353965116163657e-01 -1.476387573500034467e+00 -1.091121574108026904e+00 -4.866328833402034926e-01 3.486141988481788467e-01 8.813375647070995078e-02 -2.975584990507358363e-01 3.532179313148527955e-01 -9.687152690950362119e-03 1.800825851018918733e-01 2.924594861695011261e-01 5.854060471814007682e-01
2.852826050502585975e-01 -3.043347212076036312e-01 3.145670005849287687e+00 9.381786368596423120e-01 1.636723211234317188e-01 6.924271573449584105e-01 3.577542302170841348e-01 -2.099157861477613796e-01 7.163296366226434841e-01 1.736514109696076641e-02 5.073049222613097431e-01 2.939038134814712933e-02 1.093382747054113535e+00
2.266132254396766299e-01 -2.461130992556149477e-01 -6.147198798493719307e-02 -1.233014734926765194e-01 8.139775255870669302e-01 5.549019739462464074e-01 3.401702862771031621e-01 -4.144154495880351674e-01 3.259845534167685188e-01 4.982789364245412966e-02 2.891566974883646446e-01 8.021054932499957490e-02 1.560721310937009720e+00
2.657261451800643770e-01 -1.842526259316269455e-01 -6.147198798493719307e-02 -7.164815351601496740e-01 5.538554438016128900e-01 1.226799689788667658e-01 1.936374201105954540e-01 1.698693030984616270e-01 3.441401386821580921e-01 -3.295212534855394143e-02 5.945642121704879379e-01 7.722112767930243427e-02 4.939702412043123769e-01
2.970164809723746524e-01 -2.934181670916057305e-01 3.145670005849287687e+00 1.578539489948831837e-03 4.195564588797969563e+00 6.433110204168471791e-01 2.082907067272463109e-01 4.035832041730603725e-01 -2.186830045449174587e-01 9.249452960587434269e-03 6.381938571250770353e-01 1.160836090733660814e-01 9.917874070795710262e-01
1.992341816214050487e-01 -1.951691800476248462e-01 2.674031477344252394e+00 -1.545214767383334131e-01 1.334221689157975010e+00 5.391737727951106257e-02 1.467469029373129619e-01 -2.099157861477613796e-01 -4.620494452371690791e-02 -2.321329958490592899e-02 3.109715199656591933e-01 7.722112767930243427e-02 7.073204551508518456e-01
1.875003056992889106e-01 -1.915303286756255274e-01 4.101665405200979886e-01 3.137785719465133183e-01 3.361128023070467791e-02 3.977303357762904668e-01 2.786264824871699242e-01 -2.975584990507358363e-01 2.442844197225157443e-01 1.133764824214075458e-03 1.800825851018918733e-01 2.565864264211347723e-01 3.517367652399527866e-01
1.092744662185128196e-01 -2.533908019996136129e-01 4.466257885663376115e+00 -1.247221590336309083e+00 1.334221689157975010e+00 2.994980619200677263e-01 1.907067627872653659e-01 -6.384459797613700749e-02 -2.096052119122226720e-01 -1.239238206974148902e-02 2.891566974883646446e-01 5.031633286802750932e-02 2.704604932603187351e-01
1.931475081562128784e-02 -2.497519506276142942e-01 1.730754420334186472e+00 -4.667215091948979100e-01 -2.265108015547494247e-01 1.521496511357338099e-01 1.174403297040115118e-01 -2.099157861477613796e-01 -1.369828708506646842e-01 -2.186068489551037594e-02 3.546011649202482907e-01 -3.039805156579701573e-02 7.276395231457603030e-01
2.713733476369869363e-02 -3.043347212076036312e-01 -2.513992336211104739e+00 -1.247221590336309083e+00 -2.265108015547494247e-01 1.030335142076222177e-01 1.789841334939447359e-01 -2.391300237820860597e-01 -2.005274192795279131e-01 -3.673944647886149412e-02 4.854900997840151944e-01 2.341153805675271274e-02 5.549274451890380266e-01
4.769359117781590829e-01 6.017392704202203513e-01 1.353443597530159970e+00 -1.965281664986407550e+00 3.675320425227061705e+00 6.924271573449584105e-01 2.962104264271508969e-01 -4.728439248566848607e-01 4.439958576418006064e-01 1.133764824214075458e-03 -1.471397520575262463e-01 2.745229562953178659e-01 2.663167732141653865e-02
2.187906414915992415e-01 -2.279188423956184928e-01 -5.331105164899682114e-01 -1.028681567616714032e+00 2.244648975407064651e+00 8.397755681292922159e-01 3.694768595104047093e-01 -6.384459797613700749e-02 6.800184660918644486e-01 2.899762742576254826e-02 -1.625081719375914141e-02 2.296816316098597988e-01 9.774841530359634767e-02
1.601212618810173294e-01 5.471564998402308477e-01 -2.325336924809091599e+00 -2.169614832296460905e-01 -1.266999128696565835e+00 1.521496511357338099e-01 1.907067627872653659e-01 -2.683442614164109341e-01 -1.006717003198855653e-01 -2.104911608187303579e-02 -1.035101071029371350e-01 1.160836090733660814e-01 5.854060471814007682e-01
3.439519846608404818e-01 -1.624195176996312551e-01 2.108065243138212974e+00 -1.403321606564591484e+00 1.636723211234317188e-01 9.380078419855150118e-01 4.486046072403189200e-01 -5.604866377596593452e-01 9.903973759939931065e-02 1.006102177422475014e-02 -1.689545745348207950e-01 2.834912212324095515e-01 7.073204551508518456e-01
9.362929832235800109e-02 5.981004190482209770e-01 -7.217659278919814625e-01 -6.228215254231801445e-01 4.237944029088858144e-01 3.387909714625568780e-01 1.760534761706145090e-01 -1.222730732447867424e-01 6.272856706862020570e-02 -1.888493257884014259e-02 -2.998435093985881150e-01 1.160836090733660814e-01 -1.359208666378515784e-01
1.931475081562128784e-02 -2.060857341636227191e-01 -2.513992336211104739e+00 -7.789215416514624346e-01 9.440385664797938947e-01 6.924271573449584105e-01 2.844877971338302669e-01 -2.391300237820860597e-01 3.986068944783265344e-01 -4.893728030605817543e-04 -1.689545745348207950e-01 2.207133666727682797e-01 2.806200272577730193e-01
4.730246198041204164e-01 6.199335272802166674e-01 6.931496576231157558e-01 -1.857414799839903208e-01 1.464282730050701975e+00 5.450787465606243831e-01 1.819147908172748240e-01 -1.807015485134364774e-01 -3.094609308718652141e-01 4.921085954521648743e-03 -1.907693970121153715e-01 2.147345233813738319e-01 6.768418531584891040e-01
5.395165833627797447e-01 4.561852155402484899e-01 -8.160936335929901420e-01 -1.091121574108026904e+00 2.937333620161587389e-01 9.380078419855150118e-01 3.343089716304428194e-01 -2.683442614164109341e-01 5.438515766014428987e-01 -4.276693933368130862e-03 1.800825851018918733e-01 2.476181614840430589e-01 6.463632511661262514e-01
3.517745686089178703e-01 -2.388353965116163657e-01 -2.325336924809091599e+00 -1.091121574108026904e+00 1.636723211234317188e-01 7.906594312011810954e-01 3.987834327437063120e-01 -4.436296872223600696e-01 4.984626134379692708e-01 2.818605861212520811e-02 -1.035101071029371350e-01 2.147345233813738319e-01 4.838107072068581482e-01
4.300004080896932535e-01 -1.151144498636404029e-01 3.158388348190892536e-01 -2.169614832296460905e-01 4.237944029088858144e-01 4.468464727044016427e-01 2.610425385471890070e-01 -1.222730732447867424e-01 7.163296366226434841e-01 3.089128799091633154e-02 2.455270525337755472e-01 4.134806793093596250e-02 6.362037171686720782e-01
3.674197365050726471e-01 -2.206411396516198831e-01 -9.104213392939947136e-01 -6.540415286688370244e-01 1.074099607372520859e+00 5.745484287174910110e-01 4.427432925936585772e-01 -1.222730732447867424e-01 4.439958576418006064e-01 1.039324812182763902e-01 3.546011649202482907e-01 1.459778255303381400e-01 1.042585077066842336e+00
1.931475081562128784e-02 -2.206411396516198831e-01 -3.079958570417144603e+00 -2.215041690951658815e+00 -1.006877046911111684e+00 4.173767905475350148e-01 3.636155448637444221e-01 -5.604866377596593452e-01 1.197452646155466427e+00 5.794358177882746180e-02 3.546011649202482907e-01 8.917881426209127438e-02 8.190753291228486388e-01
3.243955247906462613e-01 -2.497519506276142942e-01 2.202392948839221543e+00 -7.164815351601496740e-01 -7.467549651256576437e-01 1.521496511357338099e-01 2.815571398105001788e-01 -4.144154495880351674e-01 6.346295029283907096e-01 1.465991171816964124e-02 6.163790346477825421e-01 2.266922099641626720e-01 1.052744611064296620e+00
3.204842328166075949e-01 -2.133634369076213011e-01 5.044942462211025047e-01 -1.715521639021155842e+00 1.464282730050701975e+00 1.556871167279717749e+00 5.013564390602617271e-01 -1.222730732447867424e-01 2.533622123552105032e-01 5.388573771064078533e-02 1.146381176700081994e-01 1.938085718614933339e-01 9.003516011024826904e-01
3.009277729464133744e-01 -1.587806663276319641e-01 2.957014594447274547e+00 -7.477015384058054437e-01 1.984526893621610499e+00 6.924271573449584105e-01 2.229439933438970012e-01 8.222659019548717030e-02 8.088415233400975124e-02 3.359651736970743763e-02 3.764159873975423953e-01 9.515765755348568056e-02 1.276254359008290207e+00
2.891938970242972640e-01 -2.424742478836156567e-01 -1.099076750696007743e+00 -9.662415611254014935e-01 2.374710016299791171e+00 2.994980619200677263e-01 2.551812239005286642e-01 -4.436296872223600696e-01 2.641739653784130198e-02 2.142298516514742554e-02 -8.169528462564257243e-02 1.758720419873102125e-01 6.362037171686720782e-01
2.187906414915992415e-01 -2.206411396516198831e-01 8.818050690251288959e-01 3.137785719465133183e-01 2.114587934514337242e+00 6.531342478024692033e-01 2.200133360205667743e-01 -4.728439248566848607e-01 7.798741850515071850e-01 3.224390268031188805e-02 4.919365023812452553e-02 1.250518740104576421e-01 7.581181251381231556e-01
4.769359117781590829e-01 -2.315576937676177838e-01 -6.274382221909768909e-01 -9.974615643710572632e-01 2.374710016299791171e+00 8.888917050574037804e-01 2.844877971338302669e-01 -2.975584990507358363e-01 3.986068944783265344e-01 3.576070087274032389e-02 -3.806563967105369706e-02 2.087556800899794118e-01 4.533321052144953511e-01
1.131857581925515138e-01 -1.333087067236368717e-01 2.957014594447274547e+00 -8.413615481427750842e-01 2.937333620161587389e-01 6.924271573449584105e-01 3.518929155704237921e-01 -1.514873108791116030e-01 6.272856706862020570e-02 2.548082923333410202e-02 2.455270525337755472e-01 6.825286274221074867e-02 1.062904145061750905e+00
2.813713130762198755e-01 -3.298066808115987514e-01 1.259115891829155398e+00 -8.725815513884319641e-01 1.074099607372520859e+00 1.085356252769849039e+00 4.808418377969505553e-01 -5.020581624910097629e-01 4.076846871110215154e-01 4.712266426366300276e-02 -1.471397520575262463e-01 7.722112767930243427e-02 1.093382747054113535e+00
-2.466531034190166671e-01 -5.081103980395640374e-01 -9.494242558085588257e+00 -2.777001749373475104e+00 -1.527121210482019764e+00 -3.095420359885129313e-01 -4.276619324353972962e-01 -2.391300237820860597e-01 -1.062917719385531035e+00 -8.408096060770596514e-02 2.018974075791864220e-01 -2.366681451189040497e-01 -4.610259545563877848e-01
-2.622982713151714718e-01 -4.498887760875753261e-01 -8.160936335929901420e-01 -1.091121574108026904e+00 1.636723211234317188e-01 -2.407794442891572073e-01 -2.752677516222292176e-01 7.833682934192833791e-01 -1.071995512018225849e+00 -4.837193280766328290e-02 6.381938571250770353e-01 -2.815094698043621446e-01 -1.359208666378515784e-01
-1.410482201199689534e-01 -3.552786404155937050e-01 -3.268613981819158187e+00 -8.413615481427750842e-01 3.361128023070467791e-02 -2.702491264460238352e-01 -1.814867172756642888e-01 4.912259170760350235e-01 -8.813618667316356348e-01 1.871775578635631945e-02 4.919365023812452553e-02 -3.054248429699397693e-01 -6.032594305207474861e-01
2.618148532060256550e-01 -3.953060055075859336e-01 -4.211891038829223888e+00 -4.667215091948979100e-01 -7.467549651256576437e-01 -1.916633073610456151e-01 -7.012173898911840120e-02 -1.222730732447867424e-01 -7.815061477719931204e-01 -3.403421710007038803e-02 5.945642121704879379e-01 -4.534515979428298954e-02 -2.375162066123941706e-01
-2.466531034190166671e-01 -4.389722219715774809e-01 -1.948026102005065097e+00 -1.545214767383334131e-01 -1.657182251374746951e+00 1.183588526626071724e+00 3.137943703671318141e-01 -5.020581624910097629e-01 2.533622123552105032e-01 -1.645022613792814642e-02 5.727493896931934447e-01 7.722112767930243427e-02 -6.642166345054729693e-01
-3.248789428997920781e-01 -3.225289780676001139e-01 1.542099008932173110e+00 -1.545214767383334131e-01 5.538554438016128900e-01 -3.979510824591134255e-01 -8.184436828243901729e-02 2.575120160014361947e-01 -5.091723687911500207e-01 -5.702866681979483487e-02 1.074490306670967676e+00 -1.141018576453186884e-01 -7.962905764723783308e-01
-2.466531034190166671e-01 -4.098614109955830975e-01 1.825082126035195040e+00 -4.355015059492410301e-01 -2.265108015547494247e-01 1.226799689788667658e-01 1.819147908172748240e-01 2.379811492683743535e-02 4.439958576418006064e-01 -1.239238206974148902e-02 5.073049222613097431e-01 -9.317590612543830142e-02 -1.399846802368332754e-01
4.278250265985349132e-02 -4.826384384355690282e-01 -6.287100564251367985e+00 -1.403321606564591484e+00 -2.827731619409290076e+00 6.727807025737138069e-01 3.372396289537730740e-01 -2.975584990507358363e-01 6.255517102956956732e-01 6.544223581796306498e-03 3.546011649202482907e-01 1.698931986959157925e-01 -4.976002769472231413e-01
-2.466531034190166671e-01 -4.244168164835803170e-01 -4.211891038829223888e+00 3.279854273560572214e-02 -2.827731619409290076e+00 -1.818400799754235631e-01 -8.577935199185171902e-03 -2.683442614164109341e-01 -5.000945761584553173e-01 -1.022819856670859756e-02 3.546011649202482907e-01 2.595758480668318713e-01 -4.813450225512963532e-01
1.327422180627457204e-01 -5.081103980395640374e-01 -6.147198798493719307e-02 -7.789215416514624346e-01 1.334221689157975010e+00 2.307354702207115860e-01 -2.137239478322959518e-01 5.496543923446848279e-01 -1.062917719385531035e+00 -5.107716218645440287e-02 1.364529401473027481e-01 -2.037845070162348227e-01 6.312609326508025753e-03
-3.092337750036366351e-01 -4.171391137395816795e-01 -5.815462035746334024e+00 -8.413615481427750842e-01 6.666724365759784554e+00 -4.372439920016022996e-01 -2.195852624789562668e-01 -6.481293506626338852e-01 8.252631482149808129e-01 -5.973389619858595484e-02 7.036383245569607370e-01 1.370095605932464544e-01 -5.870840825719923078e-02
-2.779434392113269703e-01 -2.643073561156114026e-01 -1.476387573500034467e+00 2.825585687008564384e-01 4.237944029088858144e-01 -1.173986045923272270e+00 -2.957823528855402784e-01 2.379811492683743535e-02 -1.188272855852751247e-01 -5.432343744100373573e-02 -1.122360360938549489e-01 -2.366681451189040497e-01 2.501414252654102222e-01
3.361294007127623718e-01 -3.006958698356043125e-01 2.862686888746265979e+00 1.718678718001053651e+00 -1.787243292267473915e+00 6.433110204168471791e-01 2.434585946072080342e-01 -4.436296872223600696e-01 2.533622123552105032e-01 -4.539618049099306690e-02 8.781569043753171266e-01 1.639143554045214002e-01 -6.845357025003815377e-01
1.914115976733276325e-01 -2.461130992556149477e-01 -1.193404456397012314e+00 1.406478685544488849e+00 -1.657182251374746951e+00 -4.077743098447357273e-01 -5.546845237246761373e-02 -2.683442614164109341e-01 -5.091723687911500207e-01 -3.565735472734504058e-02 4.919365023812452553e-02 5.031633286802750932e-02 -5.585574809319486800e-01
-4.153001028611617330e-03 -2.424742478836156567e-01 2.202392948839221543e+00 3.279678880283875664e+00 5.105991875047060091e+00 9.871239789136261322e-01 2.522505665771985761e-01 -4.436296872223600696e-01 3.350623460494632777e-01 -4.620774930463038971e-02 7.690827919888444386e-01 2.655546913582262913e-01 4.838107072068581482e-01
-4.070160743546061832e-01 -4.535276274595746449e-01 -6.274382221909768909e-01 4.698785881747955528e-01 1.636723211234317188e-01 1.065709797998604325e+00 3.245126732743702086e-02 -6.773435882969587318e-01 5.365077443592542600e-02 -4.999507043493795627e-02 7.100847271541907424e-02 1.549460904674296868e-01 2.826519340572638539e-01
-5.243548335757700629e-01 -1.660583690716305461e-01 -4.211891038829223888e+00 -1.091121574108026904e+00 -3.565718424474764170e-01 -6.730014492565367101e-01 -1.345962001023817967e-01 -6.384459797613700749e-02 -4.002388571988129695e-01 -3.403421710007038803e-02 5.945642121704879379e-01 -1.410066524565934953e-01 -6.479613801095461811e-01
1.149216686754318817e-02 -5.226658035275612013e-01 -6.192772858550360304e+00 -1.091121574108026904e+00 -1.787243292267473915e+00 -3.390117181453797812e-01 2.140367708052333569e-04 -3.559869743193855296e-01 -1.188272855852751247e-01 -1.239238206974148902e-02 5.073049222613097431e-01 -3.936631650288857642e-02 -7.211100248912168942e-01
-4.539515780430720682e-01 2.014656195002980932e-01 -1.287732162098021105e+00 -4.667215091948979100e-01 1.594343770943429162e+00 -5.649459480146918899e-01 -2.078626331856356646e-01 1.990835407327864737e-01 -5.817947098527083138e-01 -6.514435495616818783e-02 5.564005283535413370e-03 -2.740862992009974325e-02 -5.016640905462048661e-01
-2.622982713151714718e-01 -4.899161411795676102e-01 -3.928907921726204400e+00 -1.465761613055903911e+00 4.715808752368878309e+00 -3.881278550734911792e-01 -5.253779504913745624e-02 -3.463036034181229961e-02 1.061285756665044655e+00 -4.485513461523484013e-02 2.237122300564809707e-01 -9.018648447974103588e-02 6.312609326508025753e-03
-1.175804682757367464e-01 5.580730539562287484e-01 3.158388348190892536e-01 1.094278653087924491e+00 1.636723211234317188e-01 5.254322917893798905e-01 1.526082175839732491e-01 1.990835407327864737e-01 3.259845534167685188e-01 -6.730853845920108103e-02 5.073049222613097431e-01 1.549460904674296868e-01 -5.768446421273664138e-01
-3.913709064584514619e-01 -5.153881007835625638e-01 -3.457269393221171327e+00 -1.545214767383334131e-01 -1.787243292267473915e+00 1.226799689788667658e-01 6.761915520739877894e-02 -1.807015485134364774e-01 -1.460606634833594430e-01 -6.920219902435485737e-02 9.217865493299057800e-01 1.519566688217325601e-01 -9.527474000331739301e-01
-1.097578843276586502e-01 -1.915303286756255274e-01 -1.570715279201038594e+00 -2.169614832296460905e-01 -1.787243292267473915e+00 -9.343103350482286074e-02 1.467469029373129619e-01 -2.975584990507358363e-01 1.625842860282627478e-01 -3.132898772127927500e-02 4.418604548294260970e-01 1.579355121131269801e-01 -6.683603545516263178e-02
-3.600805706661411310e-01 -4.389722219715774809e-01 1.353443597530159970e+00 1.406478685544488849e+00 -2.827731619409290076e+00 -2.898955812172683832e-01 -1.316655427790516253e-01 1.114408278298120447e-01 -1.732940413814437752e-01 -7.731788716072818257e-02 7.690827919888444386e-01 3.237980299384440180e-02 -2.375162066123941706e-01
1.931475081562128784e-02 5.544342025842293742e-01 -4.387828107889635842e-01 9.381786368596423120e-01 -1.917304333160201102e+00 -6.337085397140478360e-01 -1.287348854557214539e-01 7.249398181506336858e-01 2.641739653784130198e-02 -6.981923312159259501e-03 -2.562138644439990176e-01 -1.798691338506572257e-01 -4.711854885538420690e-01
-4.539515780430720682e-01 -5.263046548995604645e-01 2.013737537437208402e+00 -4.667215091948979100e-01 -7.467549651256576437e-01 -9.343103350482286074e-02 5.296586859074805392e-02 -4.144154495880351674e-01 6.890962587245593740e-01 -5.432343744100373573e-02 -3.652879768304715946e-01 1.399989822389437200e-01 -4.610259545563877848e-01
-1.293143441978528430e-01 -4.935549925515668179e-01 -1.193404456397012314e+00 -4.667215091948979100e-01 -9.644976066202236298e-02 -9.343103350482286074e-02 -2.616187913916611166e-02 -1.807015485134364774e-01 -1.188272855852751247e-01 -6.595592376980552451e-02 5.945642121704879379e-01 1.639143554045214002e-01 -6.032594305207474861e-01
-3.287902348738308000e-01 -2.643073561156114026e-01 -5.331105164899682114e-01 1.031838646596611841e+00 -1.266999128696565835e+00 -5.060065837009581902e-01 -9.942831222241997613e-02 1.990835407327864737e-01 -2.804935925832735197e-02 -7.055481371375041388e-02 8.127124369434335360e-01 -1.051335927082271277e-01 -5.118236245436591503e-01
-5.282661255498087849e-01 -2.424742478836156567e-01 2.391048360241234683e+00 2.030878750457617787e+00 -1.527121210482019764e+00 -3.684814003022465756e-01 -1.228735708090611667e-01 1.114408278298120447e-01 -2.277607971776122175e-01 -6.649696964556373047e-02 8.781569043753171266e-01 1.788614636330073393e-01 -3.756858689777720639e-01
-5.321774175238473958e-01 -1.005590443756432112e-01 8.818050690251288959e-01 6.571986076487347228e-01 -2.047365374052927844e+00 -3.390117181453797812e-01 -9.942831222241997613e-02 3.451547289044106237e-01 -2.186830045449174587e-01 -6.108651088798151829e-02 9.282329519271363683e-02 4.134806793093596250e-02 -1.359208666378515784e-01
-3.600805706661411310e-01 -3.661951945315916057e-01 -6.274382221909768909e-01 1.281598672561863772e+00 -3.868219946551106680e+00 -9.343103350482286074e-02 -1.287348854557214539e-01 1.698693030984616270e-01 -1.914496266468333208e-01 -8.976194230316730804e-02 2.455270525337755472e-01 1.788614636330073393e-01 -2.476757406098483993e-01
-3.600805706661411310e-01 -1.842526259316269455e-01 -4.387828107889635842e-01 -3.106214929666156754e-01 -2.437548496731109182e+00 -6.828246766421589564e-01 -1.551108013656928852e-01 4.620116794417101214e-01 4.457298180323065323e-02 -7.190742840314597040e-02 2.673418750110700959e-01 -1.021441710625298482e-01 -5.423022265360218919e-01
-3.913709064584514619e-01 -3.006958698356043125e-01 5.044942462211025047e-01 7.820786206313600220e-01 -1.787243292267473915e+00 -8.301730874264932059e-01 -2.283772344489467532e-01 4.035832041730603725e-01 3.549518917053588046e-02 -3.944467585765260714e-02 2.018974075791864220e-01 1.145385147396388477e-02 -6.032594305207474861e-01
-1.214917602497754406e-01 -2.934181670916057305e-01 -1.004749044995003393e+00 3.762185784378260234e-01 -2.567609537623836147e+00 -8.989356791258490409e-01 -1.668334306590134875e-01 6.372971052476590348e-01 2.641739653784130198e-02 -5.432343744100373573e-02 5.564005283535413370e-03 -1.649220256221711478e-01 -5.118236245436591503e-01
-2.779434392113269703e-01 1.796325112683023195e-01 -1.382059867799025676e+00 -4.667215091948979100e-01 -1.527121210482019764e+00 1.521496511357338099e-01 6.468849788406867696e-02 -3.267727366850606274e-01 3.622957239475476099e-01 -7.867050185012375296e-02 4.200456323521314927e-01 2.057662584442821463e-01 -9.283645184392836924e-01
-5.400000014719255059e-01 -1.260310039796382897e-01 -8.160936335929901420e-01 -4.667215091948979100e-01 -2.265108015547494247e-01 7.120736121162029031e-01 6.761915520739877894e-02 -5.604866377596593452e-01 -2.186830045449174587e-01 -4.891297868342150273e-02 4.418604548294260970e-01 1.041259224905772413e-01 -8.166096444672867882e-01
-2.075401836786282816e-01 -2.970570184636050493e-01 -1.570715279201038594e+00 -1.545214767383334131e-01 8.097395815579782052e+00 2.012657880638449581e-01 7.054981253072899194e-02 -1.222730732447867424e-01 1.533330973565172561e+00 -6.649696964556373047e-02 4.418604548294260970e-01 5.475008182569469917e-03 3.862791808312973085e-01
-4.656854539651881231e-01 -7.872593614364745140e-02 3.522980828653313967e+00 6.259786044030778429e-01 4.455686670583424380e+00 -6.828246766421589564e-01 -3.045743248555307647e-01 -6.481293506626338852e-01 -2.804935925832735197e-02 -6.920219902435485737e-02 -1.625081719375914141e-02 -1.051335927082271277e-01 -2.476757406098483993e-01
-2.779434392113269703e-01 -3.370843835555973333e-01 -3.645924804623184468e+00 -1.091121574108026904e+00 -1.917304333160201102e+00 2.503819249919561618e-01 1.379549309673225310e-01 -2.099157861477613796e-01 1.625842860282627478e-01 -5.838128150919040527e-02 5.945642121704879379e-01 3.835864628523881492e-02 -6.479613801095461811e-01
-2.466531034190166671e-01 -4.608053302035732268e-01 -2.513992336211104739e+00 -3.106214929666156754e-01 -1.527121210482019764e+00 1.203234981397316217e+00 5.042870963835918152e-01 -3.559869743193855296e-01 3.259845534167685188e-01 -1.509761144853259338e-02 1.800825851018918733e-01 4.732691122233036868e-02 -1.765590026276686320e-01
-2.779434392113269703e-01 3.033534579162782130e-01 -1.476387573500034467e+00 -4.667215091948979100e-01 -1.527121210482019764e+00 5.450787465606243831e-01 2.815571398105001788e-01 2.575120160014361947e-01 1.106674719828518505e+00 -7.461265778193708342e-02 1.009045839239084197e+00 6.526344109651360803e-02 -6.926633296983449872e-01
-3.600805706661411310e-01 -9.328134163164462922e-02 -6.287100564251367985e+00 -6.228215254231801445e-01 -3.565718424474764170e-01 -6.396135134795624677e-02 4.124323929742742395e-02 -2.975584990507358363e-01 -1.732940413814437752e-01 -4.756036399402595316e-02 6.818235020796661328e-01 1.041259224905772413e-01 -7.496366265312603971e-02
-1.566933880161244519e-01 -3.625563431595922870e-01 -4.400546450231237472e+00 -3.106214929666156754e-01 -1.527121210482019764e+00 -8.301730874264932059e-01 -1.961400038923150069e-01 -2.099157861477613796e-01 -2.186830045449174587e-01 -7.055481371375041388e-02 1.800825851018918733e-01 4.732691122233036868e-02 -3.756858689777720639e-01
-2.583869793411327498e-01 4.135615913232924823e-02 8.818050690251288959e-01 4.698785881747955528e-01 -2.265108015547494247e-01 2.602051523775786301e-01 2.365929535744648593e-02 -6.384459797613700749e-02 -2.549941750756965497e-01 -6.108651088798151829e-02 -3.434731543531769904e-01 2.296816316098597988e-01 -6.276423121146377238e-01
-4.617741619911494566e-01 -2.242799910236192018e-01 -4.589201861633250168e+00 1.578539489948831837e-03 -1.787243292267473915e+00 2.012657880638449581e-01 -1.140815988390707497e-01 2.379811492683743535e-02 -1.551384561160542297e-01 -8.110520829103574914e-02 -3.806563967105369706e-02 -5.132400308567739572e-02 -6.743761685029272535e-01
-1.918950157824734493e-01 -2.206411396516198831e-01 -3.645924804623184468e+00 3.137785719465133183e-01 -1.917304333160201102e+00 -9.343103350482286074e-02 -3.202319378582642317e-02 -1.222730732447867424e-01 -1.006717003198855653e-01 -5.729918975767395867e-02 1.800825851018918733e-01 2.864806428781066505e-01 -1.521761210337783943e-01
-2.270966435488224744e-01 7.774467285232204705e-02 -9.104213392939947136e-01 7.820786206313600220e-01 -1.266999128696565835e+00 -6.042388575571809861e-01 -5.546845237246761373e-02 8.710110063222579191e-01 -1.551384561160542297e-01 -6.379174026677261744e-02 -2.125842194894099202e-01 2.057662584442821463e-01 -8.775668484520124935e-01
-2.935886071074818027e-01 -2.206411396516198831e-01 -2.325336924809091599e+00 -1.545214767383334131e-01 -2.567609537623836147e+00 -6.337085397140478360e-01 2.140367708052333569e-04 2.379811492683743535e-02 3.549518917053588046e-02 -4.485513461523484013e-02 9.282329519271363683e-02 1.669037770502185269e-01 -4.813450225512963532e-01
-1.097578843276586502e-01 -2.133634369076213011e-01 -8.160936335929901420e-01 9.381786368596423120e-01 -2.047365374052927844e+00 -8.989356791258490409e-01 -7.891371095910887368e-02 3.451547289044106237e-01 3.549518917053588046e-02 -4.756036399402595316e-02 -1.689545745348207950e-01 -5.730284637707181578e-02 -5.260469721400951038e-01
-3.053224830295979131e-01 -3.807506000195887697e-01 -4.023235627427210304e+00 -1.545214767383334131e-01 -1.006877046911111684e+00 6.374060466513312151e-02 3.144694094135455035e-03 8.222659019548717030e-02 4.439958576418006064e-01 -6.379174026677261744e-02 -2.125842194894099202e-01 1.220624523647604737e-01 -8.836625688504849974e-01
-5.439112934459643389e-01 -3.589174917875929682e-01 3.145670005849287687e+00 1.576785557182310837e-01 -7.467549651256576437e-01 4.370232453187795629e-01 2.610425385471890070e-01 -2.099157861477613796e-01 8.161853555822862205e-01 -6.514435495616818783e-02 5.564005283535413370e-03 1.938085718614933339e-01 -1.359208666378515784e-01
-6.025806730565455016e-01 5.107679861202381044e-01 -5.155168095839288256e+00 1.578539489948831837e-03 9.440385664797938947e-01 8.692452502861592878e-01 1.614001895539637910e-01 -3.559869743193855296e-01 1.805664752546015883e+00 -5.838128150919040527e-02 -4.525472667396497894e-01 5.928459780511920185e-02 -3.756858689777720639e-01
-1.879837238084347828e-01 3.407845638833065238e-02 -1.853698396304060747e+00 4.698785881747955528e-01 -1.527121210482019764e+00 2.503819249919561618e-01 7.054981253072899194e-02 -2.975584990507358363e-01 -3.366943087699495463e-01 -8.272834591831040862e-02 -1.253249295802316698e-01 5.031633286802750932e-02 -8.572477804571039250e-01
-4.852419138353823436e-01 1.250497406883129548e-01 5.220879531271428675e+00 1.576785557182310837e-01 4.237944029088858144e-01 -5.354762658578250401e-01 2.140367708052333569e-04 6.957255805163087281e-01 -4.910167835257605029e-01 -3.403421710007038803e-02 5.945642121704879379e-01 -3.338747321149415637e-02 -2.842500630006837281e-01
-6.221371329267396666e-01 -5.808874254795498571e-01 1.259115891829155398e+00 4.698785881747955528e-01 -1.527121210482019764e+00 1.816193332926004378e-01 -5.647277875855080329e-03 1.698693030984616270e-01 -1.369828708506646842e-01 -5.351186862736639904e-02 3.109715199656591933e-01 -9.018648447974103588e-02 -6.357699393126010623e-01
-3.600805706661411310e-01 -3.443620862995959153e-01 1.259115891829155398e+00 9.381786368596423120e-01 -2.047365374052927844e+00 2.602051523775786301e-01 7.641112717738932081e-02 1.990835407327864737e-01 -5.000945761584553173e-01 -5.838128150919040527e-02 -5.988046214834800984e-02 1.728826203416129470e-01 -7.353333724876527366e-01
-7.707662279402137662e-01 -3.006958698356043125e-01 -1.570715279201038594e+00 6.259786044030778429e-01 -1.917304333160201102e+00 1.619728785213558897e-01 4.124323929742742395e-02 4.620116794417101214e-01 3.804513092129369611e-01 -8.543357529710153553e-02 1.641675691080625610e+00 7.722112767930243427e-02 -6.906314228988540416e-01
-4.617741619911494566e-01 -3.152512753236015319e-01 -3.551597098922177675e+00 4.074385816834829033e-01 -1.787243292267473915e+00 -3.095420359885129313e-01 -1.258042281323913103e-01 -1.807015485134364774e-01 -5.528273715641168068e-02 -8.408096060770596514e-02 -1.625081719375914141e-02 2.147345233813738319e-01 -5.118236245436591503e-01
-2.270966435488224744e-01 -2.643073561156114026e-01 -1.665042984902047607e+00 9.381786368596423120e-01 1.074099607372520859e+00 -2.898955812172683832e-01 1.779798071078617441e-02 -6.384459797613700749e-02 1.733960390514652575e-02 -8.110520829103574914e-02 2.237122300564809707e-01 1.041259224905772413e-01 -8.166096444672867882e-01
-9.020142445746513749e-02 3.979635935882599451e-01 -3.645924804623184468e+00 -1.091121574108026904e+00 -2.567609537623836147e+00 -6.533549944852924396e-01 -2.283772344489467532e-01 1.990835407327864737e-01 -6.907282214450455315e-01 -4.485513461523484013e-02 -5.616213791261226440e-01 -1.469854957479878876e-01 -7.617481608810338090e-01
-3.913709064584514619e-01 3.979635935882599451e-01 -3.457269393221171327e+00 -1.545214767383334131e-01 -1.657182251374746951e+00 -2.898955812172683832e-01 -1.140815988390707497e-01 2.379811492683743535e-02 2.533622123552105032e-01 -1.022059974456064335e-01 -5.988046214834800984e-02 1.310307173018520344e-01 -3.716220553787903946e-01
-6.064919650305848897e-01 2.316190227233268228e-02 5.044942462211025047e-01 1.576785557182310837e-01 -4.866328833402034926e-01 5.941948834887356146e-01 2.229439933438970012e-01 -1.222730732447867424e-01 2.170510418244313844e-01 -4.891297868342150273e-02 -3.434731543531769904e-01 2.326710532555570643e-01 -2.476757406098483993e-01
-5.634677533161578378e-01 -1.041978957476425854e-01 8.145038408002632124e+00 2.811378831599029127e+00 2.504771057192518580e+00 8.692452502861592878e-01 8.940645203865023039e-01 3.159404912700858326e-01 2.533622123552105032e-01 2.548082923333410202e-02 -5.988046214834800984e-02 3.223537026264731709e-01 -5.727808285283846335e-01
-2.270966435488224744e-01 7.618487307881890436e-01 3.428653122952305399e+00 2.186978766685900410e+00 2.937333620161587389e-01 -9.343103350482286074e-02 2.952061000410680092e-02 1.990835407327864737e-01 1.081175302320940834e-01 -8.056416241527752931e-02 -8.169528462564257243e-02 1.519566688217325601e-01 -7.759715084774698735e-01
1.931475081562128784e-02 1.260371368752092325e+00 -2.231009219108087027e+00 6.259786044030778429e-01 -1.787243292267473915e+00 3.191445166913123299e-01 1.819147908172748240e-01 -1.807015485134364774e-01 3.804513092129369611e-01 -6.649696964556373047e-02 -4.961769116942389424e-01 1.459778255303381400e-01 -7.454929064851070208e-01
-4.422177021209559578e-01 7.181825143241975518e-01 2.215111291180847375e-01 4.698785881747955528e-01 -2.307487455838382218e+00 5.549019739462464074e-01 2.932797691038206422e-01 -4.436296872223600696e-01 1.197452646155466427e+00 -6.108651088798151829e-02 -4.525472667396497894e-01 3.074065943979871762e-01 -7.454929064851070208e-01
-3.639918626401797974e-01 -6.417053065565025971e-02 -1.853698396304060747e+00 4.698785881747955528e-01 -1.917304333160201102e+00 2.994980619200677263e-01 1.819147908172748240e-01 2.379811492683743535e-02 -2.186830045449174587e-01 -6.216860263949796489e-02 -2.125842194894099202e-01 1.997874151528877540e-01 -7.495567200840888011e-01
-2.231853515747837802e-01 -2.934181670916057305e-01 -7.217659278919814625e-01 6.259786044030778429e-01 -1.787243292267473915e+00 4.370232453187795629e-01 3.284476569837825322e-01 8.222659019548717030e-02 1.625842860282627478e-01 -3.024689596976282494e-02 -5.834362016034171372e-01 6.825286274221074867e-02 -8.023862968708509458e-01
-4.735080379132662332e-01 -7.508708477164822981e-02 3.900291651457336695e+00 2.811378831599029127e+00 -1.006877046911111684e+00 -1.621936252041790150e-01 6.175784056073858885e-02 6.372971052476590348e-01 1.535064933955679611e-01 -5.567605213039929224e-02 2.737882776082996988e-02 -5.132400308567739572e-02 -5.707489217288937988e-01
-2.466531034190166671e-01 -2.570296533716128762e-01 -6.274382221909768909e-01 1.562578701772771250e+00 -1.527121210482019764e+00 -7.378457873357831265e-02 1.233016443506718129e-01 1.114408278298120447e-01 2.805955902532946689e-01 -7.948207066376107577e-02 -1.471397520575262463e-01 5.031633286802750932e-02 -8.227053648657595142e-01
-3.757257385622965740e-01 7.145436629521982885e-01 1.271834234170760580e-01 7.820786206313600220e-01 -2.567609537623836147e+00 -1.916633073610456151e-01 -8.184436828243901729e-02 1.698693030984616270e-01 -2.186830045449174587e-01 -6.649696964556373047e-02 -3.652879768304715946e-01 -1.246152169161377291e-02 -3.391115465869367074e-01
-5.499979669111612623e-02 -3.589174917875929682e-01 -4.387828107889635842e-01 -4.667215091948979100e-01 2.894954179870699473e+00 -7.712337231127595061e-01 -2.283772344489467532e-01 -4.436296872223600696e-01 -5.908725024854031282e-01 -2.591852896369705242e-02 -4.307324442623552407e-01 -3.951074923408559036e-01 -2.375162066123941706e-01
-4.717721274303802309e-02 2.378541332202910585e-01 3.158388348190892536e-01 1.576785557182310837e-01 5.538554438016128900e-01 -9.775214982108270112e-01 -2.371692064189371840e-01 -3.559869743193855296e-01 -6.907282214450455315e-01 9.249452960587434269e-03 -4.743620892169443937e-01 -3.562450109467922843e-01 -4.407068865614793274e-01
-7.455625656130963896e-02 -9.587760075660900147e-03 3.158388348190892536e-01 1.406478685544488849e+00 -2.265108015547494247e-01 -1.124869908995161039e+00 -2.752677516222292176e-01 -2.683442614164109341e-01 -6.907282214450455315e-01 1.736514109696076641e-02 -6.488806690353006168e-01 -3.741815408209754334e-01 -3.797496825767537332e-01
-1.175804682757367464e-01 4.416298100522513259e-01 -6.147198798493719307e-02 6.259786044030778429e-01 8.139775255870669302e-01 -5.845924027859364935e-01 -2.430305210655975268e-01 -5.604866377596593452e-01 -6.816504288123507171e-01 -1.571464554577027811e-03 -3.871027993077661433e-01 -3.951074923408559036e-01 -2.984734105971196816e-01
-1.918950157824734493e-01 -3.989448568795852523e-01 -1.099076750696007743e+00 -6.228215254231801445e-01 -1.917304333160201102e+00 -2.898955812172683832e-01 -4.247312751120670415e-01 6.957255805163087281e-01 -3.094609308718652141e-01 1.060206764998298558e-02 -4.525472667396497894e-01 -3.293402161355173940e-01 -1.968780706225771449e-01
-1.566933880161244519e-01 4.499501050432846289e-02 -1.570715279201038594e+00 -3.106214929666156754e-01 -7.467549651256576437e-01 -6.631782218709143528e-01 -4.012860165254257816e-01 7.833682934192833791e-01 -5.908725024854031282e-01 5.523835240003633490e-02 -4.961769116942389424e-01 -3.084142646156369238e-01 -1.054422646454888229e-01
-2.935886071074818027e-01 8.673754205761684544e-01 1.636426714633181900e+00 4.698785881747955528e-01 -1.397060169589292800e+00 -8.989356791258490409e-01 -4.569685056686987323e-01 4.912259170760350235e-01 -7.179615993431297527e-01 -3.268160241067482458e-02 -4.525472667396497894e-01 -4.010863356322503237e-01 -5.464459465821752682e-02
-1.840724318343960608e-01 1.154844678964112692e+00 2.579703771643247823e+00 1.718678718001053651e+00 -4.866328833402034926e-01 -4.961833563153359439e-01 -4.188699604654066988e-01 7.833682934192833791e-01 -4.456278203622866529e-01 -1.571464554577027811e-03 -2.998435093985881150e-01 -2.755306265129677801e-01 -4.711854885538420690e-01
1.914115976733276325e-01 4.561852155402484899e-01 -1.665042984902047607e+00 1.578539489948831837e-03 -1.527121210482019764e+00 -6.631782218709143528e-01 -4.540378483453685887e-01 6.372971052476590348e-01 -6.453392582815716816e-01 1.736514109696076641e-02 -3.216583318758824417e-01 -2.366681451189040497e-01 -3.391115465869367074e-01
-6.282238063919352855e-02 2.269375791042931023e-01 2.296720654540226114e+00 1.406478685544488849e+00 1.636723211234317188e-01 2.444769512264401493e-02 -4.188699604654066988e-01 4.912259170760350235e-01 -7.088838067104349383e-01 -3.735648057609920573e-03 -1.471397520575262463e-01 -1.380172308108963408e-01 -3.187924785920281945e-01
-2.762075287284452077e-02 1.723548085243037375e-01 3.145670005849287687e+00 4.698785881747955528e-01 -4.866328833402034926e-01 -7.417640409558925452e-01 -4.481765336987082460e-01 4.912259170760350235e-01 -7.633505625066036027e-01 -1.239238206974148902e-02 -4.089176217850606920e-01 -9.018648447974103588e-02 -2.984734105971196816e-01
1.405648020108231366e-01 8.138352422432142130e-02 -1.557996936859417092e-01 1.576785557182310837e-01 -1.397060169589292800e+00 -8.792892243546044373e-01 -4.481765336987082460e-01 2.379811492683743535e-02 -8.632062814662460060e-01 1.465991171816964124e-02 -5.616213791261226440e-01 -4.235573814858571012e-02 6.726981331123356445e-02
2.031454735954437429e-01 3.033534579162782130e-01 3.334325417251300827e+00 1.250378669316206670e+00 -3.565718424474764170e-01 -7.319408135702704099e-01 -4.423152190520480143e-01 4.035832041730603725e-01 -9.449064151604990025e-01 -1.915545551671926985e-02 -1.471397520575262463e-01 -1.649220256221711478e-01 -4.610259545563877848e-01
2.422583933358314345e-01 9.510690021321523968e-01 -1.557996936859417092e-01 1.576785557182310837e-01 -1.006877046911111684e+00 -2.898955812172683832e-01 -3.602568139988036600e-01 3.159404912700858326e-01 -5.182501614238449461e-01 -1.780284082732369599e-02 -1.035101071029371350e-01 -1.679114472678684133e-01 -4.000687505716623016e-01
-2.935886071074818027e-01 5.617119053282280117e-01 -1.570715279201038594e+00 -3.106214929666156754e-01 1.594343770943429162e+00 -8.989356791258490409e-01 -3.661181286454639472e-01 -2.099157861477613796e-01 -4.093166498315077284e-01 8.526639850461771586e-02 -6.706954915125951100e-01 -1.828585554963543802e-01 2.196628232730474251e-01
6.233896253004769794e-02 4.489075127962499079e-01 -2.042353807706073887e+00 4.698785881747955528e-01 2.937333620161587389e-01 -7.810569504983817524e-01 -4.335232470820575279e-01 1.990835407327864737e-01 -2.640719677083913086e-01 -2.862375834248815851e-02 -7.797696038990679090e-01 -2.785200481586649346e-01 1.688651532857761706e-01
3.439519846608404818e-01 9.838186644801460989e-01 -1.287732162098021105e+00 1.576785557182310837e-01 -2.567609537623836147e+00 -1.291864774550739448e+00 -4.950670508719907104e-01 1.114408278298120447e-01 -8.268951109354669704e-01 -4.276693933368130862e-03 -8.233992488536570065e-01 -3.831498057580670635e-01 -6.743761685029272535e-01
-5.108850471707743202e-02 8.273480554841765588e-01 1.070460480427142036e+00 6.259786044030778429e-01 -1.787243292267473915e+00 -5.845924027859364935e-01 -4.042166738487559807e-01 3.159404912700858326e-01 -6.634948435469610883e-01 7.011711398338747736e-02 -9.106585387628349793e-01 -2.247104585361152373e-01 -2.476757406098483993e-01
1.249196341146683181e-01 3.288254175202733887e-01 1.271834234170760580e-01 6.259786044030778429e-01 -1.006877046911111684e+00 -3.586581729166243293e-01 -3.719794432921242899e-01 2.575120160014361947e-01 -3.094609308718652141e-01 9.094738020007904489e-02 -8.888437162855404861e-01 -2.964565780328481392e-01 -1.968780706225771449e-01
3.104862673773739132e-02 5.689896080722265381e-01 -6.147198798493719307e-02 6.259786044030778429e-01 1.724404811836156348e+00 -8.694659969689823020e-01 -1.873480319223245760e-01 -6.384459797613700749e-02 -4.093166498315077284e-01 1.174586281122319692e-01 -8.452140713309516107e-01 -3.831498057580670635e-01 -4.000687505716623016e-01
1.953228896473663267e-01 2.851592010562818413e-01 2.391048360241234683e+00 1.406478685544488849e+00 3.025015220763426882e+00 -8.792892243546044373e-01 -1.345962001023817967e-01 -4.144154495880351674e-01 -3.094609308718652141e-01 9.581679308190303723e-02 -8.015844263763625133e-01 -3.921180706951586936e-01 -5.016640905462048661e-01
-8.237884050938773517e-02 1.214108893163135944e-01 1.070460480427142036e+00 7.820786206313600220e-01 1.594343770943429162e+00 -8.007034052696262449e-01 -1.961400038923150069e-01 -3.559869743193855296e-01 -3.003831382391703997e-01 1.553318394153075377e-01 -1.041547473626602160e+00 -3.412979027183062342e-01 -5.423022265360218919e-01
4.278250265985349132e-02 -1.587806663276319641e-01 3.617308534354318539e+00 1.874778734229335830e+00 2.114587934514337242e+00 -9.343103350482286074e-02 -2.195852624789562668e-01 -2.975584990507358363e-01 -2.804935925832735197e-02 5.523835240003633490e-02 -7.579547814217733048e-01 -3.831498057580670635e-01 -6.540571005080186850e-01
8.971800634831930688e-02 3.506585257522690235e-01 -8.160936335929901420e-01 -3.106214929666156754e-01 -2.265108015547494247e-01 -4.863601289297136976e-01 -3.514648420288132291e-01 7.249398181506336858e-01 2.533622123552105032e-01 1.477571971546924046e-01 -8.670288938082458818e-01 -3.293402161355173940e-01 -1.460804006353058349e-01
-1.645159719642018403e-01 -3.807506000195887697e-01 -2.513992336211104739e+00 1.576785557182310837e-01 4.237944029088858144e-01 -8.007034052696262449e-01 -4.247312751120670415e-01 4.912259170760350235e-01 -1.732940413814437752e-01 6.876449929399190697e-02 -8.233992488536570065e-01 -3.173825295527285539e-01 -2.171971386174856578e-01
6.625025450408640604e-02 1.038401435060135602e+00 -4.387828107889635842e-01 7.820786206313600220e-01 -8.768160060183846083e-01 -5.452994932434473974e-01 -4.100779884954163235e-01 7.249398181506336858e-01 -3.712715189102212821e-02 7.688018743036525993e-02 -7.797696038990679090e-01 -3.383084810726090241e-01 -4.448506066076327037e-02
3.283068167646849833e-01 6.490443382562111063e-01 1.271834234170760580e-01 1.578539489948831837e-03 -1.397060169589292800e+00 -4.863601289297136976e-01 -3.514648420288132291e-01 3.451547289044106237e-01 -2.804935925832735197e-02 1.069082335349466062e-01 -8.452140713309516107e-01 -2.904777347414537747e-01 -5.423022265360218919e-01
-2.153627676267063640e-01 2.524095387082880837e-01 2.579703771643247823e+00 2.343078782914182590e+00 -3.565718424474764170e-01 -3.881278550734911792e-01 -4.247312751120670415e-01 7.833682934192833791e-01 -4.093166498315077284e-01 6.605926991520079394e-02 -6.270658465580060126e-01 -2.635729399301788844e-01 2.704604932603187351e-01
5.238714154666243017e-01 -2.388353965116163657e-01 3.145670005849287687e+00 1.718678718001053651e+00 -2.265108015547494247e-01 4.959626096325127631e-01 -2.107932905089657805e-01 4.912259170760350235e-01 1.006819000868876213e+00 2.148468857487120243e-01 -8.452140713309516107e-01 -1.948162420791432203e-01 -1.765590026276686320e-01
1.875003056992889106e-01 -2.424742478836156567e-01 2.579703771643247823e+00 9.381786368596423120e-01 -1.397060169589292800e+00 2.994980619200677263e-01 -2.723370942988990184e-01 4.620116794417101214e-01 6.346295029283907096e-01 1.810315185138230976e-01 -8.452140713309516107e-01 -2.486258317016928898e-01 -2.578352746073026558e-01
-2.505643953930553613e-01 5.435176484682315845e-01 1.271834234170760580e-01 4.698785881747955528e-01 -1.527121210482019764e+00 4.801240351399461634e-03 -3.250889261188418256e-01 4.035832041730603725e-01 -5.000945761584553173e-01 7.011711398338747736e-02 -8.670288938082458818e-01 -3.084142646156369238e-01 -4.610259545563877848e-01
2.696374371541030435e-01 3.361031202642718596e-01 1.636426714633181900e+00 1.576785557182310837e-01 9.440385664797938947e-01 -4.568904467728468477e-01 -4.305925897587273843e-01 4.035832041730603725e-01 -7.179615993431297527e-01 2.223455397878476569e-02 5.564005283535413370e-03 -2.366681451189040497e-01 -1.359208666378515784e-01
-5.891108866515482739e-02 3.397419716362711783e-01 2.013737537437208402e+00 7.820786206313600220e-01 8.139775255870669302e-01 -6.337085397140478360e-01 -4.188699604654066988e-01 6.957255805163087281e-01 -5.727169172200134994e-01 1.411886584241142835e-02 -1.907693970121153715e-01 -1.499749173936851532e-01 -3.594306145818452758e-01
-1.588687695072771994e-02 4.052412963322585271e-01 -1.557996936859417092e-01 -3.106214929666156754e-01 8.139775255870669302e-01 -8.891124517402266836e-01 -3.895633872321052626e-01 1.114408278298120447e-01 -5.908725024854031282e-01 6.003177706038095342e-03 -6.052510240807115194e-01 -2.575940966387845199e-01 -1.460804006353058349e-01
3.048390649204520964e-01 1.541605516643071716e-01 -6.274382221909768909e-01 7.820786206313600220e-01 -1.266999128696565835e+00 -9.284053612827156687e-01 -3.954247018787654944e-01 1.406550654641367526e-01 -5.091723687911500207e-01 1.223280409940559615e-01 -5.616213791261226440e-01 -2.785200481586649346e-01 -2.679948086047569400e-01
2.852826050502585975e-01 7.363767711841942010e-01 -1.004749044995003393e+00 9.381786368596423120e-01 -1.527121210482019764e+00 -9.971679529820716148e-01 -4.569685056686987323e-01 4.620116794417101214e-01 -4.002388571988129695e-01 4.225325138183900348e-02 -3.871027993077661433e-01 -2.575940966387845199e-01 -4.610259545563877848e-01
1.757664297771721063e-01 4.962125806322408850e-01 2.202392948839221543e+00 1.094278653087924491e+00 1.464282730050701975e+00 -5.845924027859364935e-01 -3.250889261188418256e-01 1.990835407327864737e-01 -1.188272855852751247e-01 1.520855641607581910e-01 -2.343990419667044689e-01 -3.143931079070313994e-01 -1.054422646454888229e-01
-7.064496458727094474e-02 3.761304853562641437e-01 -6.274382221909768909e-01 1.578539489948831837e-03 -1.527121210482019764e+00 -8.007034052696262449e-01 -4.012860165254257816e-01 1.114408278298120447e-01 -5.636391245873187961e-01 1.407236007698355329e-01 -5.179917341715334356e-01 -2.575940966387845199e-01 -1.257613326403973220e-01
2.266132254396766299e-01 8.866122696832000327e-02 3.051342300148279119e+00 1.562578701772771250e+00 6.839164846943399656e-01 -7.319408135702704099e-01 -3.485341847054831410e-01 8.222659019548717030e-02 -4.620494452371690791e-02 9.743993070917771060e-02 -4.743620892169443937e-01 -2.426469884102984975e-01 6.312609326508025753e-03
1.562099699069786352e-01 8.237092041121769626e-01 4.654913297065388811e+00 1.718678718001053651e+00 1.594343770943429162e+00 -3.095420359885129313e-01 -3.133662968255211956e-01 -2.683442614164109341e-01 -4.365500277295918941e-01 9.311156370311192421e-02 -6.270658465580060126e-01 -2.067739286619320327e-01 -2.375162066123941706e-01
-3.131450669776759677e-01 2.524095387082880837e-01 -4.387828107889635842e-01 -1.545214767383334131e-01 -4.866328833402034926e-01 -1.026637635138938354e+00 -4.511071910220384451e-01 1.114408278298120447e-01 -7.815061477719931204e-01 1.195468233937853689e-02 -6.488806690353006168e-01 -2.336787234732068674e-01 -4.813450225512963532e-01
-9.020142445746513749e-02 1.952305090033346763e-02 -8.160936335929901420e-01 1.578539489948831837e-03 -1.787243292267473915e+00 -8.891124517402266836e-01 -4.452458763753781579e-01 3.451547289044106237e-01 -8.632062814662460060e-01 1.309847479538936987e-01 -8.452140713309516107e-01 -2.934671563871509847e-01 -5.626212945309304603e-01
4.534681599339261959e-01 6.318926736432485536e-02 1.070460480427142036e+00 1.576785557182310837e-01 -1.136938087803838648e+00 -6.042388575571809861e-01 -3.895633872321052626e-01 2.282977783671113758e-01 -3.185387235045600285e-01 1.255743162486052666e-01 -7.361399589444787006e-01 -2.695517832215733045e-01 -1.765590026276686320e-01
2.774600211021811536e-01 1.205788598172103043e+00 7.874773633241244353e-01 3.137785719465133183e-01 -6.166939242329305682e-01 -6.042388575571809861e-01 -4.159393031420766107e-01 4.620116794417101214e-01 -4.819389908930657995e-01 7.146972867278303387e-02 -6.925103139898896032e-01 -2.605835182844816744e-01 -1.400645866840049061e-02
1.562099699069786352e-01 5.726284594442260234e-01 1.070460480427142036e+00 1.094278653087924491e+00 2.937333620161587389e-01 -4.863601289297136976e-01 -3.749101006154544335e-01 1.990835407327864737e-01 -1.642162487487489886e-01 6.064881115761856789e-02 -5.616213791261226440e-01 -3.143931079070313994e-01 6.312609326508025753e-03
1.053631742444741115e-01 7.072659602081998731e-01 -1.004749044995003393e+00 1.576785557182310837e-01 2.634832098085245544e+00 -6.926479040277812027e-01 -3.924940445554354063e-01 1.990835407327864737e-01 -2.186830045449174587e-01 1.391004631425608318e-01 -8.015844263763625133e-01 -3.143931079070313994e-01 1.790246872832303993e-01
6.625025450408640604e-02 9.230007834031922487e-02 3.285571771607152108e-02 1.576785557182310837e-01 2.634832098085245544e+00 -6.337085397140478360e-01 -3.954247018787654944e-01 4.912259170760350235e-01 -1.188272855852751247e-01 1.147533987334408562e-01 -7.797696038990679090e-01 -2.964565780328481392e-01 1.891842212806846835e-01
4.417342840118101410e-01 6.417666355122123578e-01 3.522980828653313967e+00 1.562578701772771250e+00 -4.866328833402034926e-01 -2.407794442891572073e-01 -3.719794432921242899e-01 5.788686299790095635e-01 -2.186830045449174587e-01 1.120481693546497015e-01 -7.579547814217733048e-01 -3.024354213242425593e-01 -3.797496825767537332e-01
