1.213301631580918499e-01 -2.270862592883349518e-01 2.300806026015823902e-01 -5.168919207918539760e-01 5.803538237192511495e-01 3.221800761669849078e-01 2.128562881564461939e-01 -2.744003050403811539e-01 4.050892192684495186e+00 1.140393248111034180e-01 2.792371490050399307e-02 3.521742005354081551e-01 3.667013360824240148e-02
1.967740936106008795e-02 -2.017073482583532640e-01 -8.209601678669009583e-01 -1.100809059641096654e+00 5.502117867082751031e-03 2.264617270665231774e-01 1.509032397694934080e-01 -3.414466390104400340e-01 -1.801481629244302107e+00 -1.328880696830742614e-01 3.130633450870441009e-02 2.121997759323622224e-01 3.494099073813648759e-02
1.572972960195214570e-02 8.575057418637553955e-03 1.099907447127222770e+00 -1.187665988491882346e-01 2.679292178753343509e-02 3.221800761669849078e-01 2.500281171886178377e-01 -2.073539710703225236e-01 7.063995546548826887e+00 1.218782897156804879e-01 2.454109529230357606e-02 1.502880112040918814e-01 5.050327656908973339e-02
1.351470423149698230e-01 -1.400728500426835776e-01 4.837800989215604863e-01 -3.576417920147875740e-01 2.822825688329416161e-01 9.922085198702175202e-01 3.016556575110784233e-01 -4.084929729804988585e-01 3.413504944751657444e+00 5.373434296582653147e-01 -3.296343804710344383e-02 2.256588552211166721e-01 8.450975301450605603e-02
2.362508912016820367e-02 9.196290794572013760e-02 1.824763150898591091e+00 1.997336587049439172e-01 3.887365884351949852e-01 3.221800761669849078e-01 1.364475284792044940e-01 9.435453179494208975e-02 1.327510315153273002e+00 -1.446465170399397759e-01 2.792371490050399307e-02 8.568443061807072547e-02 -1.371009534087727676e-03
1.183694033387607120e-01 -2.089584656954908970e-01 3.025661729787192389e-01 -5.699752970508759065e-01 2.609917649124909311e-01 6.220975700150985777e-01 2.810046413820941891e-01 -7.326130313020484675e-02 2.196674744152598890e+00 3.315706009131171861e-01 3.130633450870441009e-02 6.414990375606363648e-02 8.105146727429422826e-02
1.371208821945239520e-01 -1.690773197912339709e-01 3.025661729787192389e-01 -6.496003614394090242e-01 -7.966109781471998608e-02 1.307433779660614470e-01 1.013408010599312903e-01 -2.073539710703225236e-01 2.254619039419220705e+00 3.760941699147703904e-02 2.115847568410316251e-02 2.606524613718781413e-01 6.260727665983113754e-02
1.045525241818827528e-01 -6.756167567130740015e-02 8.824507359958122521e-01 -2.514750394967433800e-01 4.526090001965470955e-01 1.945556106997027301e-01 9.927569944703280858e-02 -1.738308040852930836e-01 -1.975314515044167551e+00 -1.585407531408340991e-03 3.468895411690482017e-02 2.606524613718781413e-01 6.318365761653310653e-02
1.805453595447121806e-01 -2.524651703183166673e-01 -7.122318123011963653e-01 -7.292254258279420309e-01 -5.837029389426929421e-02 3.221800761669849078e-01 1.963354752532587844e-01 -2.408771380553519637e-01 2.254619039419220705e+00 2.781071086075573989e-02 4.145419333330565420e-02 6.414990375606363648e-02 3.436460978143451861e-02
8.481412538634251763e-02 -3.576063731568119852e-01 -3.498039604155123161e-01 -4.638085445328318235e-01 -3.707948997381861622e-02 4.370420950875391619e-01 2.314422026725319603e-01 -4.755393069505576276e-01 1.501343200953138668e+00 4.236784385418976839e-01 1.777585607590274550e-02 2.525770137986254604e-01 3.436460978143451861e-02
1.085002039409906777e-01 -6.393611695273851425e-02 -2.410756048498078341e-01 -1.983916632377215050e-01 1.119561374693361644e-01 4.178984252674469158e-01 2.665489300918051363e-01 -4.755393069505576276e-01 4.572390850084090630e+00 1.355964782986903983e-01 9.895872667271263246e-02 1.502880112040918814e-01 8.796803875471788381e-02
1.104740438205446540e-01 -3.104741098154175094e-01 -1.685900344726709854e-01 -3.576417920147875740e-01 -1.009519017351706710e-01 -6.069332023486199296e-02 8.275488654384549614e-02 -3.414466390104400340e-01 -1.210970665122709095e-01 -1.138411366212964404e-02 7.189776980710932408e-02 5.607445618281092087e-02 6.145451474642718570e-02
7.395800604879550211e-02 -2.198351418511973188e-01 1.575950322244455415e-01 -4.638085445328318235e-01 -2.286967252578747667e-01 1.945556106997027301e-01 1.509032397694934080e-01 -2.408771380553519637e-01 1.269566019886651187e+00 1.062003599065263482e-01 6.513253059070847617e-02 7.760898304481801679e-02 6.606556240004296532e-02
1.726500000264961365e-01 -2.198351418511973188e-01 8.510946184730872055e-02 -1.074267371511585356e+00 -1.861151174169733968e-01 5.136167743679086461e-01 3.429576897690468917e-01 2.284471997350595862e-01 7.063995546548826887e+00 6.700553538364112383e-02 9.895872667271263246e-02 3.184811346305300300e-02 4.646860987217592276e-02
1.361339622547469708e-01 -1.690773197912339709e-01 4.886667665873950517e-02 -9.946423071230523494e-01 4.808372570798411655e-02 6.412412398351908793e-01 3.326321817045547746e-01 -2.408771380553519637e-01 7.933159975548153220e+00 4.785511928739372145e-01 8.204562863171056819e-02 1.045271416223268746e-01 9.223325783431247926e-02
6.211496677147150536e-02 -1.908306721026468422e-01 1.208635802692928918e+00 -3.045584157557656990e-01 2.609917649124909311e-01 3.540861925338056881e-01 1.818797639629698426e-01 -2.073539710703225236e-01 -7.584843144451108854e-01 4.393563683510518514e-01 1.091065854973138766e-01 7.222535132931623414e-02 6.491280048663902735e-02
1.282386027365309267e-01 -1.509495261983899994e-01 1.281121373070065683e+00 6.702521805738877181e-02 4.313181962760963550e-01 3.221800761669849078e-01 2.293771010596335758e-01 -1.067844701152342590e-01 2.196674744152598890e+00 2.237848334751824930e-01 3.807157372510523718e-02 1.031358660104591402e-02 6.145451474642718570e-02
8.185336556701156008e-02 -2.778440813482982441e-01 9.186935211843814120e-01 6.702521805738877181e-02 3.248641766738429859e-01 4.178984252674469158e-01 2.830697429949926014e-01 1.278776987799715159e-01 7.480673624870549654e-01 3.021744825209530805e-01 5.836729137430765602e-02 -1.122094026096117324e-02 4.416308604536803989e-02
1.173824833989837307e-01 -2.705929639111606111e-01 4.112945285444236654e-01 -3.974543242090542439e-01 1.758285492306881914e-01 6.412412398351908793e-01 3.925201284786090650e-01 -1.403076371002636713e-01 1.559287496219760261e+00 7.137201400112491712e-01 9.219348745631181230e-02 5.607445618281092087e-02 1.075649912825849264e-01
6.310188671124850046e-02 2.768664025927294881e-01 7.012368100529710047e-01 -5.699752970508759065e-01 3.461549805942936708e-01 2.583678434333439577e-01 2.066609833177508460e-01 -6.431551418757045502e-01 4.004015908873240770e-01 8.213298599312962925e-03 8.627580349006691964e-04 2.014325125013586570e-01 1.130937151335565001e-02
1.045525241818827528e-01 -2.560907290368854561e-01 -3.135611752269446550e-01 -4.638085445328318235e-01 5.590630197988004646e-01 4.498045416342674185e-01 2.355724058983288127e-01 -4.084929729804988585e-01 2.949950582618682482e+00 1.159990660372478138e-01 4.483681294150607122e-02 2.956460675226396106e-01 3.816419076230017672e-03
-6.969429012919039178e-03 5.306555128925459774e-01 1.027421876750085783e+00 -1.187665988491882346e-01 4.808372570798411655e-02 7.331236850578448649e-02 7.862468331804864374e-02 -3.749698059954694185e-01 2.254619039419220705e+00 -1.093711749693430241e-01 2.454109529230357606e-02 2.445015662253728073e-01 2.663657162826074502e-03
7.001032628968756333e-02 -1.727028785098027874e-01 -2.361889371839733312e-02 -3.841834801442985392e-01 2.679292178753343509e-02 2.009368339730667197e-01 1.756844591242745224e-01 -3.079234720254105939e-01 5.742344766871895212e-01 -2.465530607994418089e-01 5.160205215790689831e-02 3.737087273974152857e-01 3.321184786803057370e-02
-1.486478853113509628e-02 -2.669674051925918223e-01 5.562656692986972518e-01 -2.249333513672324703e-01 -1.009519017351706710e-01 1.179809314193332181e-01 7.036427686645495283e-02 -3.414466390104400340e-01 -7.584843144451108854e-01 -2.210764248595662174e-01 4.483681294150607122e-02 2.741115406606325355e-01 3.090632404122269083e-02
4.928500755437034697e-02 -1.908306721026468422e-01 8.824507359958122521e-01 6.702521805738877181e-02 -7.966109781471998608e-02 1.498870477861536932e-01 1.199267155760170844e-01 -2.744003050403811539e-01 4.004015908873240770e-01 -3.014258151314812562e-01 5.498467176610730839e-02 3.252560419578993112e-01 1.130937151335565001e-02
4.873610264405134514e-03 -1.038172628569955097e-01 3.093260632498485041e+00 7.305674212951644986e-01 5.164814119578990947e-01 2.136992805197949208e-01 1.343824268663061094e-01 3.625398676751770966e-01 1.906953267819489817e+00 -2.896673677746156583e-01 5.836729137430765602e-02 1.583634587773445901e-01 9.580228643249736123e-03
3.842888821682333145e-02 -2.053329069769220805e-01 9.186935211843814120e-01 -4.505377004680760633e-01 -1.435335095760720270e-01 3.540861925338056881e-01 1.880750688016650518e-01 -7.326130313020484675e-02 -8.164286097117325891e-01 -5.057893818501502797e-02 -1.266772039790095387e-02 1.637470904928463589e-01 5.165603848249367136e-02
2.954660875883028878e-02 -2.234607005697661353e-01 -8.209601678669009583e-01 -3.311001038852766643e-01 -1.222427056556213421e-01 6.693114523242021940e-02 3.319244783428328127e-02 -3.079234720254105939e-01 -1.395871562377949404e+00 -2.171569424072777033e-01 2.115847568410316251e-02 4.261537689405654750e-02 6.203089570312916162e-02
8.580104532611951274e-02 -1.582006436355276047e-01 1.571063654578611413e+00 -1.259984633114450553e-02 1.545377453102375065e-01 4.178984252674469158e-01 1.942703736403603998e-01 2.730819782488324438e-02 9.798445435535422243e-01 -1.093711749693430241e-01 9.895872667271263246e-02 2.121997759323622224e-01 1.937870490718325220e-02
1.006048444227746197e-01 -2.379629354440413735e-01 -5.672606715469228345e-01 -4.638085445328318235e-01 -7.966109781471998608e-02 2.264617270665231774e-01 6.210387041486124804e-02 -3.414466390104400340e-01 2.254619039419220705e+00 -7.017635044645763320e-02 2.792371490050399307e-02 2.633442772296289980e-01 3.321184786803057370e-02
7.198416616924153966e-02 -3.032229923782798764e-01 1.208635802692928918e+00 3.987963196762766005e-01 2.679292178753343509e-02 4.498045416342674185e-01 2.520932188015162501e-01 -2.408771380553519637e-01 4.572390850084090630e+00 1.257977721679691130e-01 7.866300902351015811e-02 2.646448174755123423e-02 6.203089570312916162e-02
5.718036707258640494e-02 -2.452140528811789788e-01 -2.361889371839733312e-02 -5.241237852541066888e-02 1.332469413897868493e-01 3.604674158071696777e-01 2.397026091241256651e-01 -4.755393069505576276e-01 2.080786153619355261e+00 3.609667193052812362e-01 4.483681294150607122e-02 7.222535132931623414e-02 8.854441971141986667e-02
6.704956647035643924e-02 -1.835795546655092092e-01 -2.361889371839733312e-02 -3.045584157557656990e-01 9.066533354888549334e-02 7.969359177914846215e-02 1.364475284792044940e-01 1.949240327500301739e-01 2.196674744152598890e+00 -2.387140958948646974e-01 9.219348745631181230e-02 6.953353547156540526e-02 2.802441925771283204e-02
7.494492598857249721e-02 -2.923463162225734546e-01 1.208635802692928918e+00 6.709977336111957709e-04 6.868078433215045742e-01 4.178984252674469158e-01 1.467730365436966389e-01 4.631093686302653056e-01 -1.395871562377949404e+00 6.700553538364112383e-02 9.895872667271263246e-02 1.045271416223268746e-01 5.626708613610944404e-02
5.027192749414733514e-02 -1.944562308212156587e-01 1.027421876750085783e+00 -6.568322259016637354e-02 2.184101570715895613e-01 3.502502886559973744e-02 1.034059026728296748e-01 -2.408771380553519637e-01 -2.949299523121363675e-01 -1.681634117536710271e-01 4.821943254970648129e-02 6.953353547156540526e-02 4.012841934845424313e-02
4.731116767481637064e-02 -1.908306721026468422e-01 1.575950322244455415e-01 1.333794383811663375e-01 5.502117867082751031e-03 2.583678434333439577e-01 1.963354752532587844e-01 -3.414466390104400340e-01 1.559287496219760261e+00 8.213298599312962925e-03 2.792371490050399307e-02 2.310424869366184686e-01 1.995508586388522465e-02
2.757276887927614592e-02 -2.524651703183166673e-01 1.716034795332884944e+00 -5.301627648566094031e-01 2.184101570715895613e-01 1.945556106997027301e-01 1.343824268663061094e-01 -7.326130313020484675e-02 -1.337927267111327589e+00 -8.977376270790041191e-02 4.483681294150607122e-02 4.530719275180737637e-02 1.534403821026945197e-02
4.873610264405134514e-03 -2.488396115997478508e-01 6.649940248644018448e-01 -1.983916632377215050e-01 -3.707948997381861622e-02 9.883726159924098587e-02 8.275488654384549614e-02 -2.408771380553519637e-01 -8.743729049783545149e-01 -1.583647056229497141e-01 5.498467176610730839e-02 -2.737183540746648824e-02 4.128118126185817416e-02
6.847450143959105638e-03 -3.032229923782798764e-01 -9.659313086211744892e-01 -5.301627648566094031e-01 -3.707948997381861622e-02 6.693114523242021940e-02 1.261220204147123769e-01 -2.744003050403811539e-01 -1.279982971844705775e+00 -2.661504730608844072e-01 7.528038941530973416e-02 2.108085003204946198e-02 3.148270499792465982e-02
1.203432432183148687e-01 5.995411285453534633e-01 5.200228841101280919e-01 -8.353921783459862249e-01 6.016446276397018345e-01 4.498045416342674185e-01 2.087260849306493415e-01 -5.425856409206163411e-01 2.834061992085438852e+00 8.213298599312962925e-03 -2.281557922250220319e-02 2.471933820831236639e-01 1.510895249422130899e-03
5.520652719303243555e-02 -2.270862592883349518e-01 -2.048328196612386187e-01 -4.372668564033208027e-01 3.674457845147443558e-01 5.455228907347291489e-01 2.603536252531098993e-01 -7.326130313020484675e-02 4.340613669017603371e+00 2.100666448921725826e-01 -2.519861573299745760e-03 2.068161442168604258e-01 5.545561946335933294e-03
4.040272809637730084e-02 5.451577477668211325e-01 -8.934457382440377238e-01 -9.222491071967731102e-02 -2.074059213374240818e-01 9.883726159924098587e-02 1.343824268663061094e-01 -3.079234720254105939e-01 -6.425957239118672559e-01 -1.524854819445168597e-01 -1.605034000610136916e-02 1.045271416223268746e-01 3.321184786803057370e-02
8.678796526589666049e-02 -1.618262023540964212e-01 8.099651656186754867e-01 -5.965169851803869827e-01 2.679292178753343509e-02 6.093351234683703765e-01 3.161113688013674206e-01 -6.431551418757045502e-01 6.321787719538113359e-01 7.288475906207379784e-02 -2.619819883070261674e-02 2.552688296563763726e-01 4.012841934845424313e-02
2.362508912016820367e-02 5.959155698267845080e-01 -2.773183900383754397e-01 -2.647458835614990846e-01 6.937452962843479454e-02 2.200805037931592156e-01 1.240569188018139091e-01 -1.403076371002636713e-01 4.004015908873240770e-01 -1.368075521353626922e-01 -4.649391647990510495e-02 1.045271416223268746e-01 -7.711200057809416628e-03
4.873610264405134514e-03 -2.053329069769220805e-01 -9.659313086211744892e-01 -3.311001038852766643e-01 1.545377453102375065e-01 4.498045416342674185e-01 2.004656784790556368e-01 -2.744003050403811539e-01 2.544340515752328447e+00 -3.545148757552566386e-03 -2.619819883070261674e-02 1.987406966436078282e-01 1.592041916697142442e-02
1.193563232785378875e-01 6.176689221381973516e-01 2.663233877901500235e-01 -7.895406665492207821e-02 2.397009609920402462e-01 3.540861925338056881e-01 1.281871220276107615e-01 -2.073539710703225236e-01 -1.975314515044167551e+00 3.564967576533281668e-02 -2.958081843890303375e-02 1.933570649281060316e-01 3.839927647834832231e-02
1.361339622547469708e-01 4.545187798026009696e-01 -3.135611752269446550e-01 -4.638085445328318235e-01 4.808372570798411655e-02 6.093351234683703765e-01 2.355724058983288127e-01 -3.079234720254105939e-01 3.471449240018277482e+00 -3.098152592357224927e-02 2.792371490050399307e-02 2.229670393633657322e-01 3.667013360824240148e-02
8.876180514545063682e-02 -2.379629354440413735e-01 -8.934457382440377238e-01 -4.638085445328318235e-01 2.679292178753343509e-02 5.136167743679086461e-01 2.810046413820941891e-01 -5.090624739355870121e-01 3.181727763685169741e+00 2.041874212137397282e-01 -1.605034000610136916e-02 1.933570649281060316e-01 2.744803830101085959e-02
1.085002039409906777e-01 -1.146939390127018760e-01 1.213522470358763400e-01 -9.222491071967731102e-02 6.937452962843479454e-02 2.902739598001644605e-01 1.839448655758682272e-01 -1.403076371002636713e-01 4.572390850084090630e+00 2.237848334751824930e-01 3.807157372510523718e-02 3.723174517855477872e-02 3.609375265154043250e-02
9.270948490455857560e-02 -2.198351418511973188e-01 -3.498039604155123161e-01 -2.780167276262547893e-01 1.758285492306881914e-01 3.732298623538979343e-01 3.119811655755705404e-01 -1.403076371002636713e-01 2.834061992085438852e+00 7.529149645341347563e-01 5.498467176610730839e-02 1.314453001998357462e-01 5.914899091961930283e-02
4.873610264405134514e-03 -2.198351418511973188e-01 -1.183388019752585008e+00 -9.415589308640301969e-01 -1.648243134965227119e-01 2.711302899800722144e-01 2.562234220273130747e-01 -6.431551418757045502e-01 7.643438499215045034e+00 4.197589560896092253e-01 5.498467176610730839e-02 8.030079890256895669e-02 4.646860987217592276e-02
8.185336556701156008e-02 -2.488396115997478508e-01 8.462079508072446465e-01 -3.045584157557656990e-01 -1.222427056556213421e-01 9.883726159924098587e-02 1.984005768661572522e-01 -4.755393069505576276e-01 4.050892192684495186e+00 1.062003599065263482e-01 9.557610706451222238e-02 2.041243283591095969e-01 5.972537187632127875e-02
8.086644562723457885e-02 -2.125840244140596857e-01 1.938378174130131748e-01 -7.292254258279420309e-01 2.397009609920402462e-01 1.011352189690309711e+00 3.532831978335390088e-01 -1.403076371002636713e-01 1.617231791486382075e+00 3.903628376974451752e-01 1.777585607590274550e-02 1.745143539238497854e-01 5.107965752579169544e-02
7.593184592834947844e-02 -1.582006436355276047e-01 1.136150232315791930e+00 -3.178292598205209041e-01 3.248641766738429859e-01 4.498045416342674185e-01 1.570985446081887282e-01 9.435453179494208975e-02 5.162901814205677065e-01 2.433822457366250913e-01 5.836729137430765602e-02 8.568443061807072547e-02 7.240575292376465188e-02
7.297108610901852088e-02 -2.415884941626101901e-01 -4.222895307926490815e-01 -4.107251682738099485e-01 3.887365884351949852e-01 1.945556106997027301e-01 1.798146623500713748e-01 -5.090624739355870121e-01 1.686244098208381503e-01 1.551938905601330243e-01 -1.266772039790095387e-02 1.583634587773445901e-01 3.609375265154043250e-02
5.520652719303243555e-02 -2.198351418511973188e-01 3.388089581672867889e-01 1.333794383811663375e-01 3.461549805942936708e-01 4.242796485408109053e-01 1.550334429952902604e-01 -5.425856409206163411e-01 4.978000916950445109e+00 2.335835396059038060e-01 7.627997251301500518e-03 1.126025891955794722e-01 4.301032413196409498e-02
1.203432432183148687e-01 -2.307118180069037405e-01 -2.410756048498078341e-01 -4.239960123385651536e-01 3.887365884351949852e-01 5.774290071015498738e-01 2.004656784790556368e-01 -3.414466390104400340e-01 2.544340515752328447e+00 2.590601755457792588e-01 -5.902481181500161475e-03 1.879734332126042629e-01 2.571889543090494570e-02
2.855968881905313062e-02 -1.328217326055459169e-01 1.136150232315791930e+00 -3.576417920147875740e-01 4.808372570798411655e-02 4.498045416342674185e-01 2.479630155757193699e-01 -1.738308040852930836e-01 4.004015908873240770e-01 1.845900089522971022e-01 3.807157372510523718e-02 6.145808789831268965e-02 6.030175283302324774e-02
7.099724622946455843e-02 -3.286019034082616197e-01 4.837800989215604863e-01 -3.709126360795432786e-01 1.758285492306881914e-01 7.050534725688321069e-01 3.388274865432500116e-01 -5.761088079056457811e-01 2.602284811018951594e+00 3.413693070438384436e-01 -2.281557922250220319e-02 6.953353547156540526e-02 6.203089570312916162e-02
-6.223694564043143890e-02 -5.062542806181331567e-01 -3.647897412575234810e+00 -1.180434124029629439e+00 -2.499875291783254239e-01 -2.010802322488727256e-01 -3.013540134552614158e-01 -2.744003050403811539e-01 -6.784691022173774400e+00 -6.091051876361311956e-01 3.130633450870441009e-02 -2.131071295922774000e-01 -2.615539067227250908e-02
-6.618462539953938462e-02 -4.482453411210322036e-01 -3.135611752269446550e-01 -4.638085445328318235e-01 2.679292178753343509e-02 -1.564116693353239940e-01 -1.939687295845433368e-01 8.989105394356475820e-01 -6.842635317440395326e+00 -3.504193457850879323e-01 9.895872667271263246e-02 -2.534843674585406936e-01 -7.711200057809416628e-03
-3.559010726645213396e-02 -3.539808144382431965e-01 -1.255873590129721995e+00 -3.576417920147875740e-01 5.502117867082751031e-03 -1.755553391554162401e-01 -1.278854779717937817e-01 5.636788695853536257e-01 -5.625805116841338993e+00 1.355964782986903983e-01 7.627997251301500518e-03 -2.750188943205477132e-01 -3.422472406610011647e-02
6.606264653057944414e-02 -3.938619603425000948e-01 -1.618301442015406044e+00 -1.983916632377215050e-01 -1.222427056556213421e-01 -1.245055529685032414e-01 -4.941161668165365561e-02 -1.403076371002636713e-01 -4.988417868908499031e+00 -2.465530607994418089e-01 9.219348745631181230e-02 -4.083091469622086161e-02 -1.347500962482913421e-02
-6.223694564043143890e-02 -4.373686649653258374e-01 -7.484745974897639709e-01 -6.568322259016637354e-02 -2.712783330987761365e-01 7.688657053024733345e-01 2.211166946080398987e-01 -5.761088079056457811e-01 1.617231791486382075e+00 -1.191698811000643232e-01 8.881086784811138835e-02 6.953353547156540526e-02 -3.768300980631195118e-02
-8.197534443597148668e-02 -3.213507859711239312e-01 5.925084544872648573e-01 -6.568322259016637354e-02 9.066533354888549334e-02 -2.585112417091498527e-01 -5.767202313324735347e-02 2.954935337051184385e-01 -3.250089010909845921e+00 -4.131310650217044356e-01 1.666111188367208618e-01 -1.027426794244911817e-01 -4.517596224343757572e-02
-6.223694564043143890e-02 -4.083641952167753608e-01 7.012368100529710047e-01 -1.851208191729658004e-01 -3.707948997381861622e-02 7.969359177914846215e-02 1.281871220276107615e-01 2.730819782488324438e-02 2.834061992085438852e+00 -8.977376270790041191e-02 7.866300902351015811e-02 -8.389996842023504653e-02 -7.941752440490204915e-03
1.079512990306704528e-02 -4.808753695881515244e-01 -2.415642716163910464e+00 -5.965169851803869827e-01 -4.628955683828322454e-01 4.370420950875391619e-01 2.376375075112272806e-01 -3.414466390104400340e-01 3.992947897417872483e+00 4.740812312219834512e-02 5.498467176610730839e-02 1.529798270618428213e-01 -2.823036211639961060e-02
-6.223694564043143890e-02 -4.228664300910505713e-01 -1.618301442015406044e+00 1.394184179836689685e-02 -4.628955683828322454e-01 -1.181243296951392657e-01 -6.044482810786763576e-03 -3.079234720254105939e-01 -3.192144715643224107e+00 -7.409583289874625833e-02 5.498467176610730839e-02 2.337343027943692975e-01 -2.730815258567645745e-02
3.349428851793823103e-02 -5.062542806181331567e-01 -2.361889371839733312e-02 -3.311001038852766643e-01 2.184101570715895613e-01 1.498870477861536932e-01 -1.506015957136764283e-01 6.307252035554125058e-01 -6.784691022173774400e+00 -3.700167580465306694e-01 2.115847568410316251e-02 -1.834971551570176995e-01 3.581333360181874581e-04
-7.802766467686338137e-02 -4.156153126539129383e-01 -2.234428790221068439e+00 -3.576417920147875740e-01 1.091333117810067588e+00 -2.840361348026061994e-01 -1.547317989394732807e-01 -7.437246428307927593e-01 5.267722393283552407e+00 -4.327284772831471171e-01 1.091065854973138766e-01 1.233698526265830098e-01 -3.330704786874431802e-03
-7.013230515864748993e-02 -2.633418464740229781e-01 -5.672606715469228345e-01 1.201085943164106329e-01 6.937452962843479454e-02 -7.626278803049151289e-01 -2.084244408748323063e-01 2.730819782488324438e-02 -7.584843144451108854e-01 -3.935336527602618650e-01 -1.740338784938153666e-02 -2.131071295922774000e-01 1.419127629686550880e-02
8.481412538634251763e-02 -2.995974336597110876e-01 1.099907447127222770e+00 7.305674212951644986e-01 -2.925691370192268215e-01 4.178984252674469158e-01 1.715542558984776700e-01 -5.090624739355870121e-01 1.617231791486382075e+00 -3.288621922975010214e-01 1.361675423629171988e-01 1.475961953463410525e-01 -3.883577171971589609e-02
4.829808761459335881e-02 -2.452140528811789788e-01 -4.585323159812166871e-01 5.978589806476092283e-01 -2.712783330987761365e-01 -2.648924649825140087e-01 -3.908610861716152463e-02 -3.079234720254105939e-01 -3.250089010909845921e+00 -2.583115081563072679e-01 7.627997251301500518e-03 4.530719275180737637e-02 -3.168864785661144184e-02
-1.047909374256952115e-03 -2.415884941626101901e-01 8.462079508072446465e-01 1.394109624532940073e+00 8.358434707646594797e-01 6.412412398351908793e-01 1.777495607371729902e-01 -5.090624739355870121e-01 2.138730448885977076e+00 -3.347414159759337648e-01 1.192544443219151346e-01 2.391179345098710662e-01 2.744803830101085959e-02
-1.027006631712885365e-01 -4.518708998396010479e-01 -2.410756048498078341e-01 1.997336587049439172e-01 2.679292178753343509e-02 6.922910260221039058e-01 2.286693976979119886e-02 -7.772478098158221993e-01 3.424572956207022623e-01 -3.621777931419535301e-01 1.101061685950191493e-02 1.395207477730883439e-01 1.603569535831182030e-02
-1.323082613645988059e-01 -1.654517610726652377e-01 -1.618301442015406044e+00 -4.638085445328318235e-01 -5.837029389426929421e-02 -4.371854933633450568e-01 -9.484385216541897645e-02 -7.326130313020484675e-02 -2.554757467710385477e+00 -2.465530607994418089e-01 9.219348745631181230e-02 -1.269690221442490996e-01 -3.676080027558879804e-02
2.899770384850988616e-03 -5.207565154924084228e-01 -2.379399930975341970e+00 -4.638085445328318235e-01 -2.925691370192268215e-01 -2.202239020689651106e-01 1.508220279084683698e-04 -4.084929729804988585e-01 -7.584843144451108854e-01 -8.977376270790041191e-02 7.866300902351015811e-02 -3.544728298071909284e-02 -4.091074316384299414e-02
-1.145437024486127137e-01 2.007296695027844802e-01 -4.947751011697859025e-01 -1.983916632377215050e-01 2.609917649124909311e-01 -3.669920373563398397e-01 -1.464713924878795759e-01 2.284471997350595862e-01 -3.713643373042820883e+00 -4.719233018060325913e-01 8.627580349006691964e-04 -2.468001954971554834e-02 -2.846091449908040236e-02
-6.618462539953938462e-02 -4.881264870252891575e-01 -1.509573086449700785e+00 -6.230586733098978369e-01 7.719710590033073139e-01 -2.521300184357857521e-01 -3.702100700426310537e-02 -3.973813614517560100e-02 6.774274070215716925e+00 -3.249427098452124518e-01 3.468895411690482017e-02 -8.120815256248409275e-02 3.581333360181874581e-04
-2.966858762779022579e-02 5.560344239225276652e-01 1.213522470358763400e-01 4.651505400000541801e-01 2.679292178753343509e-02 3.413237459870774315e-01 1.075361058986264995e-01 2.284471997350595862e-01 2.080786153619355261e+00 -4.876012316151866477e-01 7.866300902351015811e-02 1.395207477730883439e-01 -3.272613357867498740e-02
-9.875298341218059772e-02 -5.135053980552707342e-01 -1.328359160506858760e+00 -6.568322259016637354e-02 -2.925691370192268215e-01 7.969359177914846215e-02 4.764815912457221608e-02 -2.073539710703225236e-01 -9.323172002449763296e-01 -5.013194201981965303e-01 1.429327815793179635e-01 1.368289319153374872e-01 -5.405222897664794385e-02
-2.769474774823607946e-02 -1.908306721026468422e-01 -6.035034567354903290e-01 -9.222491071967731102e-02 -2.925691370192268215e-01 -6.069332023486199296e-02 1.034059026728296748e-01 -3.414466390104400340e-01 1.037788838820163928e+00 -2.269556485379990995e-01 6.851515019890890013e-02 1.422125636308392838e-01 -3.791809552236008810e-03
-9.085762389396453975e-02 -4.373686649653258374e-01 5.200228841101280919e-01 5.978589806476092283e-01 -4.628955683828322454e-01 -1.883177857021444690e-01 -9.277875055252055025e-02 1.278776987799715159e-01 -1.106150086044841663e+00 -5.601116569825245195e-01 1.192544443219151346e-01 2.915629760530217759e-02 -1.347500962482913421e-02
4.873610264405134514e-03 5.524088652039588210e-01 -1.685900344726709854e-01 3.987963196762766005e-01 -3.138599409396775064e-01 -4.116606002698887101e-01 -9.071364893962212406e-02 8.318642054655887019e-01 1.686244098208381503e-01 -5.057893818501502797e-02 -3.972867726350427786e-02 -1.619626282950106799e-01 -2.673177162897448500e-02
-1.145437024486127137e-01 -5.243820742109771560e-01 7.737223804301078811e-01 -1.983916632377215050e-01 -1.222427056556213421e-01 -6.069332023486199296e-02 3.732265106008012673e-02 -4.755393069505576276e-01 4.398557964284226962e+00 -3.935336527602618650e-01 -5.664177530450632131e-02 1.260616684843339497e-01 -2.615539067227250908e-02
-3.262934744712118335e-02 -4.917520457438579462e-01 -4.585323159812166871e-01 -1.983916632377215050e-01 -1.578868605336793129e-02 -6.069332023486199296e-02 -1.843509248817731816e-02 -2.073539710703225236e-01 -7.584843144451108854e-01 -4.778025254844653347e-01 9.219348745631181230e-02 1.475961953463410525e-01 -3.422472406610011647e-02
-8.296226437574848178e-02 -2.633418464740229781e-01 -2.048328196612386187e-01 4.386088518705432704e-01 -2.074059213374240818e-01 -3.287046977161550698e-01 -7.006263281063791759e-02 2.284471997350595862e-01 -1.790413617788927103e-01 -5.111181263289178434e-01 1.260196835383159686e-01 -9.466723185123858408e-02 -2.903729545578237134e-02
-1.332951813043757872e-01 -2.415884941626101901e-01 9.186935211843814120e-01 8.632758619427195468e-01 -2.499875291783254239e-01 -2.393675718890574955e-01 -8.658344571382527166e-02 1.278776987799715159e-01 -1.453815857644571219e+00 -4.817220079367537933e-01 1.361675423629171988e-01 1.610552746350954190e-01 -2.131379063597594811e-02
-1.342821012441527684e-01 -1.001917041384266238e-01 3.388089581672867889e-01 2.793587230934772014e-01 -3.351507448601281358e-01 -2.202239020689651106e-01 -7.006263281063791759e-02 3.960630346602064811e-01 -1.395871562377949404e+00 -4.425271834138685412e-01 1.439323646770233021e-02 3.723174517855477872e-02 -7.711200057809416628e-03
-9.085762389396453975e-02 -3.648574905939496182e-01 -2.410756048498078341e-01 5.447756043885874089e-01 -6.332219997464377803e-01 -6.069332023486199296e-02 -9.071364893962212406e-02 1.949240327500301739e-01 -1.222038676578085292e+00 -6.502597533851608436e-01 3.807157372510523718e-02 1.610552746350954190e-01 -1.405139058153110493e-02
-9.085762389396453975e-02 -1.835795546655092092e-01 -1.685900344726709854e-01 -1.320374429139439532e-01 -3.990231566214802461e-01 -4.435667166367091574e-01 -1.092995634557079598e-01 5.301557026003241857e-01 2.845130003540804475e-01 -5.209168324596391564e-01 4.145419333330565420e-02 -9.197541599348763031e-02 -3.076643832588828870e-02
-9.875298341218059772e-02 -2.995974336597110876e-01 1.938378174130131748e-01 3.324420993524990209e-01 -2.925691370192268215e-01 -5.392850657371710543e-01 -1.609271037781685731e-01 4.631093686302653056e-01 2.265687050874586883e-01 -2.857478853223270887e-01 3.130633450870441009e-02 1.031358660104591402e-02 -3.422472406610011647e-02
-3.065550756756721049e-02 -2.923463162225734546e-01 -3.860467456040815315e-01 1.599211265106772750e-01 -4.203139605419308755e-01 -5.839536286507199803e-01 -1.175599699073016507e-01 7.312947045105003818e-01 1.686244098208381503e-01 -3.935336527602618650e-01 8.627580349006691964e-04 -1.485035490062561747e-01 -2.903729545578237134e-02
-7.013230515864748993e-02 1.789763171913716089e-01 -5.310178863583535636e-01 -1.983916632377215050e-01 -2.499875291783254239e-01 9.883726159924098587e-02 4.558305751167383152e-02 -3.749698059954694185e-01 2.312563334685842520e+00 -5.699103631132459435e-01 6.513253059070847617e-02 1.852816173548533230e-01 -5.266891468056321413e-02
-1.362559411237068974e-01 -1.255706151684083116e-01 -3.135611752269446550e-01 -1.983916632377215050e-01 -3.707948997381861622e-02 4.625669881809956752e-01 4.764815912457221608e-02 -6.431551418757045502e-01 -1.395871562377949404e+00 -3.543388282373764464e-01 6.851515019890890013e-02 9.375987819132332313e-02 -4.632872415684152062e-02
-5.236774624266123807e-02 -2.959718749411422989e-01 -6.035034567354903290e-01 -6.568322259016637354e-02 1.325531960935025122e+00 1.307433779660614470e-01 4.971326073747068391e-02 -1.403076371002636713e-01 9.787377424080048627e+00 -4.817220079367537933e-01 6.851515019890890013e-02 4.929954885544142636e-03 2.191478111667193029e-02
-1.175044622679436712e-01 -7.843835182701376640e-02 1.353606943447202449e+00 2.660878790287214968e-01 7.293894511624059440e-01 -4.435667166367091574e-01 -2.146197457135275988e-01 -7.437246428307927593e-01 -1.790413617788927103e-01 -5.013194201981965303e-01 -2.519861573299745760e-03 -9.466723185123858408e-02 -1.405139058153110493e-02
-7.013230515864748993e-02 -3.358530208453992527e-01 -1.400844730883995526e+00 -4.638085445328318235e-01 -3.138599409396775064e-01 1.626494943328819498e-01 9.721059783413442401e-02 -2.408771380553519637e-01 1.037788838820163928e+00 -4.229297711524258596e-01 9.219348745631181230e-02 3.453992932080394984e-02 -3.676080027558879804e-02
-6.223694564043143890e-02 -4.591220172767386809e-01 -9.659313086211744892e-01 -1.320374429139439532e-01 -2.499875291783254239e-01 7.816281518492015357e-01 3.553482994464374212e-01 -4.084929729804988585e-01 2.080786153619355261e+00 -1.093711749693430241e-01 2.792371490050399307e-02 4.261537689405654750e-02 -1.001672388461730470e-02
-7.013230515864748993e-02 3.022453136227110648e-01 -5.672606715469228345e-01 -1.983916632377215050e-01 -2.499875291783254239e-01 3.540861925338056881e-01 1.984005768661572522e-01 2.954935337051184385e-01 7.063995546548826887e+00 -5.405142447210818935e-01 1.564632600121196315e-01 5.876627204056186771e-02 -3.929687648507747266e-02
-9.085762389396453975e-02 -9.294058670128900468e-02 -2.415642716163910464e+00 -2.647458835614990846e-01 -5.837029389426929421e-02 -4.154965041476976068e-02 2.906224460848642541e-02 -3.414466390104400340e-01 -1.106150086044841663e+00 -3.445401221066551889e-01 1.057239658891134665e-01 9.375987819132332313e-02 -4.252914317597586251e-03
-3.953778702556025315e-02 -3.612319318753808295e-01 -1.690787012392543032e+00 -1.320374429139439532e-01 -2.499875291783254239e-01 -5.392850657371710543e-01 -1.382109860362858711e-01 -2.408771380553519637e-01 -1.395871562377949404e+00 -5.111181263289178434e-01 2.792371490050399307e-02 4.261537689405654750e-02 -2.131379063597594811e-02
-6.519770545976238951e-02 4.120508588575694242e-02 3.388089581672867889e-01 1.997336587049439172e-01 -3.707948997381861622e-02 1.690307176062462169e-01 1.667163493109587516e-02 -7.326130313020484675e-02 -1.627648743444436663e+00 -4.425271834138685412e-01 -5.325915569630589735e-02 2.068161442168604258e-01 -3.560803836218484619e-02
-1.165175423281666900e-01 -2.234607005697661353e-01 -1.763272582769679797e+00 6.709977336111957709e-04 -2.925691370192268215e-01 1.307433779660614470e-01 -8.038814087513003470e-02 2.730819782488324438e-02 -9.902614955115980333e-01 -5.875480341485442848e-01 -5.902481181500161475e-03 -4.621454641172263039e-02 -3.825939076301392017e-02
-4.842006648355329235e-02 -2.198351418511973188e-01 -1.400844730883995526e+00 1.333794383811663375e-01 -3.138599409396775064e-01 -6.069332023486199296e-02 -2.256529571397416709e-02 -1.403076371002636713e-01 -6.425957239118672559e-01 -4.150908062478487759e-01 2.792371490050399307e-02 2.579606455141271737e-01 -8.633409588532571510e-03
-5.730234594154633848e-02 7.746067307144489933e-02 -3.498039604155123161e-01 3.324420993524990209e-01 -2.074059213374240818e-01 -3.925169304497962974e-01 -3.908610861716152463e-02 9.994800403907356801e-01 -9.902614955115980333e-01 -4.621245956753111672e-01 -3.296343804710344383e-02 1.852816173548533230e-01 -4.978700989705335533e-02
-7.407998491775544259e-02 -2.198351418511973188e-01 -8.934457382440377238e-01 -6.568322259016637354e-02 -4.203139605419308755e-01 -4.116606002698887101e-01 1.508220279084683698e-04 2.730819782488324438e-02 2.265687050874586883e-01 -3.249427098452124518e-01 1.439323646770233021e-02 1.502880112040918814e-01 -2.730815258567645745e-02
-2.769474774823607946e-02 -2.125840244140596857e-01 -3.135611752269446550e-01 3.987963196762766005e-01 -3.351507448601281358e-01 -5.839536286507199803e-01 -5.560692152034894115e-02 3.960630346602064811e-01 2.265687050874586883e-01 -3.445401221066551889e-01 -2.619819883070261674e-02 -5.159817812722440611e-02 -2.984422879516513208e-02
-7.704074473708640014e-02 -3.793597254682248843e-01 -1.545815871638269057e+00 -6.568322259016637354e-02 -1.648243134965227119e-01 4.140625213896372003e-02 2.215923640806939914e-03 9.435453179494208975e-02 2.834061992085438852e+00 -4.621245956753111672e-01 -3.296343804710344383e-02 1.099107733378286295e-01 -5.013283847107453950e-02
-1.372428610634839063e-01 -3.576063731568119852e-01 1.208635802692928918e+00 6.702521805738877181e-02 -1.222427056556213421e-01 2.838927365268004710e-01 1.839448655758682272e-01 -2.408771380553519637e-01 5.209778098016931480e+00 -4.719233018060325913e-01 8.627580349006691964e-04 1.745143539238497854e-01 -7.711200057809416628e-03
-1.520466601601388468e-01 5.089021605811332449e-01 -1.980729293901089427e+00 6.709977336111957709e-04 1.545377453102375065e-01 5.646665605548216726e-01 1.137314107373218336e-01 -4.084929729804988585e-01 1.152570628207870307e+01 -4.229297711524258596e-01 -7.017225373730796856e-02 5.338264032506009199e-02 -2.131379063597594811e-02
-4.743314654377631112e-02 3.395396844861931634e-02 -7.122318123011963653e-01 1.997336587049439172e-01 -2.499875291783254239e-01 1.626494943328819498e-01 4.971326073747068391e-02 -3.414466390104400340e-01 -2.149147400844033218e+00 -5.993064815054098826e-01 -1.943295961430178270e-02 4.530719275180737637e-02 -4.863424798364941043e-02
-1.224390619668287716e-01 1.245929364128395139e-01 2.005977076841432449e+00 6.702521805738877181e-02 6.937452962843479454e-02 -3.478483675362474825e-01 1.508220279084683698e-04 7.983410384805592619e-01 -3.134200420376602292e+00 -2.465530607994418089e-01 9.219348745631181230e-02 -3.006365126521731712e-02 -1.612636202565820298e-02
-1.569812598590239472e-01 -5.787654549895093758e-01 4.837800989215604863e-01 1.997336587049439172e-01 -2.499875291783254239e-01 1.179809314193332181e-01 -3.979381197888383348e-03 1.949240327500301739e-01 -8.743729049783545149e-01 -3.876544290818290106e-01 4.821943254970648129e-02 -8.120815256248409275e-02 -3.606914312754642277e-02
-9.085762389396453975e-02 -3.431041382825368302e-01 4.837800989215604863e-01 3.987963196762766005e-01 -3.351507448601281358e-01 1.690307176062462169e-01 5.384346396326754325e-02 2.284471997350595862e-01 -3.192144715643224107e+00 -4.229297711524258596e-01 -9.285100789700538593e-03 1.556716429195936502e-01 -4.171767650322574794e-02
-1.944842175705502607e-01 -2.995974336597110876e-01 -6.035034567354903290e-01 2.660878790287214968e-01 -3.138599409396775064e-01 1.052184848726049754e-01 2.906224460848642541e-02 5.301557026003241857e-01 2.428451925219084817e+00 -6.189038937668526197e-01 2.545592286499315793e-01 6.953353547156540526e-02 -3.918160029373707332e-02
-1.165175423281666900e-01 -3.140996685339863537e-01 -1.364601945695427032e+00 1.731919705754329797e-01 -2.925691370192268215e-01 -2.010802322488727256e-01 -8.864854732672369786e-02 -2.073539710703225236e-01 -3.528742475787581268e-01 -6.091051876361311956e-01 -2.519861573299745760e-03 1.933570649281060316e-01 -2.903729545578237134e-02
-5.730234594154633848e-02 -2.633418464740229781e-01 -6.397462419240595999e-01 3.987963196762766005e-01 1.758285492306881914e-01 -1.883177857021444690e-01 1.254143170529902276e-02 -7.326130313020484675e-02 1.106801145542163356e-01 -5.875480341485442848e-01 3.468895411690482017e-02 9.375987819132332313e-02 -4.632872415684152062e-02
-2.276014804935115252e-02 3.965098403055001275e-01 -1.400844730883995526e+00 -4.638085445328318235e-01 -4.203139605419308755e-01 -4.244230468166169667e-01 -1.609271037781685731e-01 2.284471997350595862e-01 -4.408974916242281772e+00 -3.249427098452124518e-01 -8.708535177831006058e-02 -1.323526538597508684e-01 -4.321626699065087701e-02
-9.875298341218059772e-02 3.965098403055001275e-01 -1.328359160506858760e+00 -6.568322259016637354e-02 -2.712783330987761365e-01 -1.883177857021444690e-01 -8.038814087513003470e-02 2.730819782488324438e-02 1.617231791486382075e+00 -7.404078497877971676e-01 -9.285100789700538593e-03 1.179862209110812271e-01 -2.108323825329515983e-02
-1.530335800999160223e-01 2.307729229291280090e-02 1.938378174130131748e-01 6.702521805738877181e-02 -7.966109781471998608e-02 3.859923089006261909e-01 1.570985446081887282e-01 -1.403076371002636713e-01 1.385454610419894816e+00 -3.543388282373764464e-01 -5.325915569630589735e-02 2.095079600746113657e-01 -1.405139058153110493e-02
-1.421774607623688402e-01 -1.038172628569955097e-01 3.129503417687052202e+00 1.195046963561607445e+00 4.100273923556457256e-01 5.646665605548216726e-01 6.300068139619278140e-01 3.625398676751770966e-01 1.617231791486382075e+00 1.845900089522971022e-01 -9.285100789700538593e-03 2.902624358071378419e-01 -3.249558119599420258e-02
-5.730234594154633848e-02 7.590657121623808345e-01 1.317364158258633289e+00 9.296300822664972374e-01 4.808372570798411655e-02 -6.069332023486199296e-02 2.080183815689272409e-02 2.284471997350595862e-01 6.901230672204331507e-01 -5.836285516962557152e-01 -1.266772039790095387e-02 1.368289319153374872e-01 -4.402320033003363775e-02
4.873610264405134514e-03 1.255767256606307614e+00 -8.572029530554701182e-01 2.660878790287214968e-01 -2.925691370192268215e-01 2.073180572464309868e-01 1.281871220276107615e-01 -2.073539710703225236e-01 2.428451925219084817e+00 -4.817220079367537933e-01 -7.693749295370881647e-02 1.314453001998357462e-01 -4.229405745992772386e-02
-1.115829426292817561e-01 7.155590075395551475e-01 8.510946184730872055e-02 1.997336587049439172e-01 -3.777323527010295057e-01 3.604674158071696777e-01 2.066609833177508460e-01 -5.090624739355870121e-01 7.643438499215045034e+00 -4.425271834138685412e-01 -7.017225373730796856e-02 2.768033565183834477e-01 -4.229405745992772386e-02
-9.184454383374152098e-02 -6.393611695273851425e-02 -7.122318123011963653e-01 1.997336587049439172e-01 -3.138599409396775064e-01 1.945556106997027301e-01 1.281871220276107615e-01 2.730819782488324438e-02 -1.395871562377949404e+00 -4.503661483184456249e-01 -3.296343804710344383e-02 1.798979856393515819e-01 -4.252460984260851562e-02
-5.631542600176935726e-02 -2.923463162225734546e-01 -2.773183900383754397e-01 2.660878790287214968e-01 -2.925691370192268215e-01 2.838927365268004710e-01 2.314422026725319603e-01 9.435453179494208975e-02 1.037788838820163928e+00 -2.191166836334220158e-01 -9.046797138651047065e-02 6.145808789831268965e-02 -4.552179081745876682e-02
-1.194783021474978141e-01 -7.481279310844503316e-02 1.498578084201474647e+00 1.195046963561607445e+00 -1.648243134965227119e-01 -1.053618831484110091e-01 4.351795589877545389e-02 7.312947045105003818e-01 9.798445435535422243e-01 -4.033323588909831781e-01 4.245377643101084369e-03 -4.621454641172263039e-02 -3.238030500465380324e-02
-6.223694564043143890e-02 -2.560907290368854561e-01 -2.410756048498078341e-01 6.642132009713869190e-01 -2.499875291783254239e-01 -4.793087368813374327e-02 8.688508976964234853e-02 1.278776987799715159e-01 1.791064677286246409e+00 -5.757895867916786870e-01 -2.281557922250220319e-02 4.530719275180737637e-02 -4.667455273086271172e-02
-9.480530365307265894e-02 7.119334488209863032e-01 4.886667665873950517e-02 3.324420993524990209e-01 -4.203139605419308755e-01 -1.245055529685032414e-01 -5.767202313324735347e-02 1.949240327500301739e-01 -1.395871562377949404e+00 -4.817220079367537933e-01 -5.664177530450632131e-02 -1.122094026096117324e-02 -1.923881919184885006e-02
-1.387786859135811159e-02 -3.576063731568119852e-01 -1.685900344726709854e-01 -1.983916632377215050e-01 4.738998041169977249e-01 -5.009977260969863400e-01 -1.609271037781685731e-01 -5.090624739355870121e-01 -3.771587668309442254e+00 -1.877608240151137919e-01 -6.678963412910755848e-02 -3.557733700530742449e-01 -1.347500962482913421e-02
-1.190402871180396352e-02 2.369852566884725897e-01 1.213522470358763400e-01 6.702521805738877181e-02 9.066533354888549334e-02 -6.350034148376327847e-01 -1.671224086168638379e-01 -4.084929729804988585e-01 -4.408974916242281772e+00 6.700553538364112383e-02 -7.355487334550839251e-02 -3.207797639023127756e-01 -2.500262875886857111e-02
-1.881246829024303679e-02 -9.552736174206422765e-03 1.213522470358763400e-01 5.978589806476092283e-01 -3.707948997381861622e-02 -7.307217639380946261e-01 -1.939687295845433368e-01 -3.079234720254105939e-01 -4.408974916242281772e+00 1.257977721679691130e-01 -1.006158302111116731e-01 -3.369306590488180264e-01 -2.154434301865673640e-02
-2.966858762779022579e-02 4.400165449283257035e-01 -2.361889371839733312e-02 2.660878790287214968e-01 1.332469413897868493e-01 -3.797544839030680963e-01 -1.712526118426606903e-01 -6.431551418757045502e-01 -4.351030620975659957e+00 -1.138411366212964404e-02 -6.002439491270673139e-02 -3.557733700530742449e-01 -1.693329536504096372e-02
-4.842006648355329235e-02 -3.974875190610689391e-01 -4.222895307926490815e-01 -2.647458835614990846e-01 -3.138599409396775064e-01 -1.883177857021444690e-01 -2.992889118423629480e-01 7.983410384805592619e-01 -1.975314515044167551e+00 7.680424151436242297e-02 -7.017225373730796856e-02 -2.965534211825547883e-01 -1.116948579802124787e-02
-3.953778702556025315e-02 4.483064460432566872e-02 -6.035034567354903290e-01 -1.320374429139439532e-01 -1.222427056556213421e-01 -4.308042700899809008e-01 -2.827680989391755384e-01 8.989105394356475820e-01 -3.771587668309442254e+00 4.001615438281664328e-01 -7.693749295370881647e-02 -2.777107101782985699e-01 -5.982057187703501873e-03
-7.407998491775544259e-02 8.642069150008762080e-01 6.287512396758341282e-01 1.997336587049439172e-01 -2.286967252578747667e-01 -5.839536286507199803e-01 -3.220050295842455945e-01 5.636788695853536257e-01 -4.582807802042146328e+00 -2.367543546687203848e-01 -7.017225373730796856e-02 -3.611570017685760137e-01 -3.100152404193643081e-03
-4.644622660399932990e-02 1.150626053767812129e+00 9.911790915615183994e-01 7.305674212951644986e-01 -7.966109781471998608e-02 -3.223234744427909693e-01 -2.951587086165660678e-01 8.989105394356475820e-01 -2.844478944043493218e+00 -1.138411366212964404e-02 -4.649391647990510495e-02 -2.481007357430389249e-01 -2.673177162897448500e-02
4.829808761459335881e-02 4.545187798026009696e-01 -6.397462419240595999e-01 6.709977336111957709e-04 -2.499875291783254239e-01 -4.308042700899809008e-01 -3.199399279713471822e-01 7.312947045105003818e-01 -4.119253439909172698e+00 1.257977721679691130e-01 -4.987653608810548728e-02 -2.131071295922774000e-01 -1.923881919184885006e-02
-1.585170847091208271e-02 2.261085805327660847e-01 8.824507359958122521e-01 5.978589806476092283e-01 2.679292178753343509e-02 1.588135904550722066e-02 -2.951587086165660678e-01 5.636788695853536257e-01 -4.524863506775524513e+00 -2.706204347128379761e-02 -2.281557922250220319e-02 -1.242772062864982707e-01 -1.808605727844490862e-02
-6.969429012919039178e-03 1.717251997542340036e-01 1.208635802692928918e+00 1.997336587049439172e-01 -7.966109781471998608e-02 -4.818540562768939273e-01 -3.158097247455503020e-01 5.636788695853536257e-01 -4.872529278375255402e+00 -8.977376270790041191e-02 -6.340701452090714840e-02 -8.120815256248409275e-02 -1.693329536504096372e-02
3.546812839749220736e-02 8.108623179001378523e-02 -5.986167890696494215e-02 6.702521805738877181e-02 -2.286967252578747667e-01 -5.711911821039916681e-01 -3.158097247455503020e-01 2.730819782488324438e-02 -5.509916526308094475e+00 1.062003599065263482e-01 -8.708535177831006058e-02 -3.813909883846991478e-02 3.816419076230017672e-03
5.125884743392432330e-02 3.022453136227110648e-01 1.281121373070065683e+00 5.315047603238317597e-01 -5.837029389426929421e-02 -4.754728330035298267e-01 -3.116795215197535329e-01 4.631093686302653056e-01 -6.031415183707690808e+00 -1.387672933615070880e-01 -2.281557922250220319e-02 -1.485035490062561747e-01 -2.615539067227250908e-02
6.112804683169434372e-02 9.475947655279590709e-01 -5.986167890696494215e-02 6.702521805738877181e-02 -1.648243134965227119e-01 -1.883177857021444690e-01 -2.538566763585975994e-01 3.625398676751770966e-01 -3.308033306176468180e+00 -1.289685872307856362e-01 -1.605034000610136916e-02 -1.511953648640071424e-01 -2.269710493206068130e-02
-7.407998491775544259e-02 5.596599826410963985e-01 -6.035034567354903290e-01 -1.320374429139439532e-01 2.609917649124909311e-01 -5.839536286507199803e-01 -2.579868795843944795e-01 -2.408771380553519637e-01 -2.612701762977007292e+00 6.176928199301803257e-01 -1.039984498193120971e-01 -1.646544441527615088e-01 1.246213342675959318e-02
1.572972960195214570e-02 4.472676623654633365e-01 -7.847173826783333528e-01 1.997336587049439172e-01 4.808372570798411655e-02 -5.073789493703504405e-01 -3.054842166810582405e-01 2.284471997350595862e-01 -1.685593038711058478e+00 -2.073582362765564180e-01 -1.209115478603141752e-01 -2.507925516007897815e-01 9.580228643249736123e-03
8.678796526589666049e-02 9.802247939950782252e-01 -4.947751011697859025e-01 6.702521805738877181e-02 -4.203139605419308755e-01 -8.392025595852845576e-01 -3.488513505519251212e-01 1.278776987799715159e-01 -5.278139345241607217e+00 -3.098152592357224927e-02 -1.276767870767150093e-01 -3.450061066220707073e-01 -3.825939076301392017e-02
-1.289094865158112689e-02 8.243257690966195872e-01 4.112945285444236654e-01 2.660878790287214968e-01 -2.925691370192268215e-01 -3.797544839030680963e-01 -2.848332005520740062e-01 3.625398676751770966e-01 -4.235142030442416328e+00 5.079473112661012646e-01 -1.412072655095166218e-01 -2.023398661612738625e-01 -1.405139058153110493e-02
3.152044863838426164e-02 3.276242246526928081e-01 4.886667665873950517e-02 2.660878790287214968e-01 -1.648243134965227119e-01 -2.329863486156933672e-01 -2.621170828101913042e-01 2.954935337051184385e-01 -1.975314515044167551e+00 6.588473856792098626e-01 -1.378246459013162117e-01 -2.669434467472950878e-01 -1.116948579802124787e-02
7.834370083736091200e-03 5.669111000782340870e-01 -2.361889371839733312e-02 2.660878790287214968e-01 2.822825688329416161e-01 -5.648099588306275676e-01 -1.320156811975906341e-01 -7.326130313020484675e-02 -2.612701762977007292e+00 8.509020258413482196e-01 -1.310594066849154193e-01 -3.450061066220707073e-01 -2.269710493206068130e-02
4.928500755437034697e-02 2.841175200298670656e-01 9.186935211843814120e-01 5.978589806476092283e-01 4.951906080374484653e-01 -5.711911821039916681e-01 -9.484385216541897645e-02 -4.755393069505576276e-01 -1.975314515044167551e+00 6.941227277498066561e-01 -1.242941674685145853e-01 -3.530815541953233327e-01 -2.846091449908040236e-02
-2.078630816979718313e-02 1.209673776942706419e-01 4.112945285444236654e-01 3.324420993524990209e-01 2.609917649124909311e-01 -5.201413959170786416e-01 -1.382109860362858711e-01 -4.084929729804988585e-01 -1.917370219777545515e+00 1.125265797501545650e+00 -1.615029831587191100e-01 -3.073206846135583814e-01 -3.076643832588828870e-02
1.079512990306704528e-02 -1.582006436355276047e-01 1.389849728635770054e+00 7.969216416189420782e-01 3.461549805942936708e-01 -6.069332023486199296e-02 -1.547317989394732807e-01 -3.414466390104400340e-01 -1.790413617788927103e-01 4.001615438281664328e-01 -1.175289282521137513e-01 -3.450061066220707073e-01 -3.710662884960997526e-02
2.263816918039122245e-02 3.493775769641055406e-01 -3.135611752269446550e-01 -1.320374429139439532e-01 -3.707948997381861622e-02 -3.159422511694268132e-01 -2.476613715199023624e-01 8.318642054655887019e-01 1.617231791486382075e+00 1.070393043169505898e+00 -1.344420262931158017e-01 -2.965534211825547883e-01 -8.287581014511389080e-03
-4.151162690511422254e-02 -3.793597254682248843e-01 -9.659313086211744892e-01 6.702521805738877181e-02 6.937452962843479454e-02 -5.201413959170786416e-01 -2.992889118423629480e-01 5.636788695853536257e-01 -1.106150086044841663e+00 4.981486051353798961e-01 -1.276767870767150093e-01 -2.857861577515512508e-01 -1.232224771142519104e-02
1.671664954172913387e-02 1.034608174773610445e+00 -1.685900344726709854e-01 3.324420993524990209e-01 -1.435335095760720270e-01 -3.542295908096115831e-01 -2.889634037778708309e-01 8.318642054655887019e-01 -2.369856570455145250e-01 5.569408419197080518e-01 -1.209115478603141752e-01 -3.046288687558074693e-01 -2.523771447491671496e-03
8.284028550678855518e-02 6.466733918867479947e-01 4.886667665873950517e-02 6.709977336111957709e-04 -2.286967252578747667e-01 -3.159422511694268132e-01 -2.476613715199023624e-01 3.960630346602064811e-01 -1.790413617788927103e-01 7.744721180217216672e-01 -1.310594066849154193e-01 -2.615598150317933746e-01 -3.076643832588828870e-02
-5.434158612221538093e-02 2.514874915627476892e-01 9.911790915615183994e-01 9.959843025902747060e-01 -5.837029389426929421e-02 -2.521300184357857521e-01 -2.992889118423629480e-01 8.989105394356475820e-01 -2.612701762977007292e+00 4.785511928739372145e-01 -9.723321060291126305e-02 -2.373334723120353595e-01 1.534403821026945197e-02
1.321862824956388793e-01 -2.379629354440413735e-01 1.208635802692928918e+00 7.305674212951644986e-01 -3.707948997381861622e-02 3.221800761669849078e-01 -1.485364941007779882e-01 5.636788695853536257e-01 6.426608298615987813e+00 1.556408867253284534e+00 -1.310594066849154193e-01 -1.754217075837650464e-01 -1.001672388461730470e-02
4.731116767481637064e-02 -2.415884941626101901e-01 9.911790915615183994e-01 3.987963196762766005e-01 -2.286967252578747667e-01 1.945556106997027301e-01 -1.919036279716448967e-01 5.301557026003241857e-01 4.050892192684495186e+00 1.311441213985250931e+00 -1.310594066849154193e-01 -2.238743930232809376e-01 -1.462777153823307738e-02
-6.322386558020842706e-02 5.415321890482523992e-01 4.886667665873950517e-02 1.997336587049439172e-01 -2.499875291783254239e-01 3.118912498778971410e-03 -2.290754570038165405e-01 4.631093686302653056e-01 -3.192144715643224107e+00 5.079473112661012646e-01 -1.344420262931158017e-01 -2.777107101782985699e-01 -2.615539067227250908e-02
6.803648641013342047e-02 3.348753420898302746e-01 6.287512396758341282e-01 6.702521805738877181e-02 1.545377453102375065e-01 -2.967985813493344560e-01 -3.034191150681598281e-01 4.631093686302653056e-01 -4.582807802042146328e+00 1.610731142385658787e-01 8.627580349006691964e-04 -2.131071295922774000e-01 -7.711200057809416628e-03
-1.486478853113509628e-02 3.385009008083991189e-01 7.737223804301078811e-01 3.324420993524990209e-01 1.332469413897868493e-01 -4.116606002698887101e-01 -2.951587086165660678e-01 7.983410384805592619e-01 -3.655699077776198624e+00 1.022808774542378896e-01 -2.958081843890303375e-02 -1.350444697175018083e-01 -2.039158110525279496e-02
-4.008669193587908151e-03 4.037609577426377605e-01 -5.986167890696494215e-02 -1.320374429139439532e-01 1.332469413897868493e-01 -5.775724053773557687e-01 -2.745076924875818891e-01 1.278776987799715159e-01 -3.771587668309442254e+00 4.348864066990989347e-02 -9.385059099471085298e-02 -2.319498405965336185e-01 -8.287581014511389080e-03
7.691876586812645966e-02 1.535974061613898656e-01 -2.410756048498078341e-01 3.324420993524990209e-01 -2.074059213374240818e-01 -6.030972984708121709e-01 -2.786378957133787138e-01 1.614008657650007339e-01 -3.250089010909845921e+00 8.861773679119449021e-01 -8.708535177831006058e-02 -2.507925516007897815e-01 -1.520415249493504983e-02
7.198416616924153966e-02 7.336868011323993688e-01 -3.860467456040815315e-01 3.987963196762766005e-01 -2.499875291783254239e-01 -6.477658613843609858e-01 -3.220050295842455945e-01 5.301557026003241857e-01 -2.554757467710385477e+00 3.060939649732417056e-01 -6.002439491270673139e-02 -2.319498405965336185e-01 -2.615539067227250908e-02
4.435040785548524656e-02 4.943999257068580344e-01 8.462079508072446465e-01 4.651505400000541801e-01 2.397009609920402462e-01 -3.797544839030680963e-01 -2.290754570038165405e-01 2.284471997350595862e-01 -7.584843144451108854e-01 1.101748902787814233e+00 -3.634605765530386084e-02 -2.830943418938003941e-01 -5.982057187703501873e-03
-1.782554835046605210e-02 3.747564879940872840e-01 -2.410756048498078341e-01 6.709977336111957709e-04 -2.499875291783254239e-01 -5.201413959170786416e-01 -2.827680989391755384e-01 1.278776987799715159e-01 -3.597754782509576810e+00 1.019439771289755159e+00 -8.032011256190921267e-02 -2.319498405965336185e-01 -7.134819101107445043e-03
5.718036707258640494e-02 8.833734922715140436e-02 1.172393017504359758e+00 6.642132009713869190e-01 1.119561374693361644e-01 -4.754728330035298267e-01 -2.455962699070039779e-01 9.435453179494208975e-02 -2.949299523121363675e-01 7.058811751066722540e-01 -7.355487334550839251e-02 -2.184907613077791966e-01 3.581333360181874581e-04
3.941580815660031961e-02 8.207002103780504099e-01 1.788520365710021709e+00 7.305674212951644986e-01 2.609917649124909311e-01 -2.010802322488727256e-01 -2.208150505522228357e-01 -3.079234720254105939e-01 -2.786534648776871848e+00 6.745253154883640301e-01 -9.723321060291126305e-02 -1.861889710147685839e-01 -1.347500962482913421e-02
-7.901458461664054300e-02 2.514874915627476892e-01 -1.685900344726709854e-01 -6.568322259016637354e-02 -7.966109781471998608e-02 -6.669095312044533985e-01 -3.178748263584487699e-01 1.278776987799715159e-01 -4.988417868908499031e+00 8.660294764508373599e-02 -1.006158302111116731e-01 -2.104153137345265157e-01 -2.730815258567645745e-02
-2.276014804935115252e-02 1.945173357434407113e-02 -3.135611752269446550e-01 6.709977336111957709e-04 -2.925691370192268215e-01 -5.775724053773557687e-01 -3.137446231326519452e-01 3.960630346602064811e-01 -5.509916526308094475e+00 9.488888911744386423e-01 -1.310594066849154193e-01 -2.642516308895442312e-01 -3.191920023929222666e-02
1.144217235796527871e-01 6.295843819716964718e-02 4.112945285444236654e-01 6.702521805738877181e-02 -1.861151174169733968e-01 -3.925169304497962974e-01 -2.745076924875818891e-01 2.619703667200890540e-01 -2.033258810310789588e+00 9.096942626256758757e-01 -1.141463086439133273e-01 -2.427171040275371283e-01 -1.001672388461730470e-02
7.001032628968756333e-02 1.201383875827775727e+00 3.025661729787192389e-01 1.333794383811663375e-01 -1.009519017351706710e-01 -3.925169304497962974e-01 -2.930936070036677110e-01 5.301557026003241857e-01 -3.076256125109980921e+00 5.177460173968225776e-01 -1.073810694275125072e-01 -2.346416564542844752e-01 -7.946285773857559827e-04
3.941580815660031961e-02 5.705366587968029313e-01 4.112945285444236654e-01 4.651505400000541801e-01 4.808372570798411655e-02 -3.159422511694268132e-01 -2.641821844230897720e-01 2.284471997350595862e-01 -1.048205790778219848e+00 4.393563683510518514e-01 -8.708535177831006058e-02 -2.830943418938003941e-01 3.581333360181874581e-04
2.658584893949916123e-02 7.046823313838489478e-01 -3.860467456040815315e-01 6.702521805738877181e-02 4.313181962760963550e-01 -4.499479399100733135e-01 -2.765727941004803014e-01 2.284471997350595862e-01 -1.395871562377949404e+00 1.007681323932889450e+00 -1.242941674685145853e-01 -2.830943418938003941e-01 1.015660959995170684e-02
1.671664954172913387e-02 9.196290794572013760e-02 1.262389147017188920e-02 6.702521805738877181e-02 4.313181962760963550e-01 -4.116606002698887101e-01 -2.786378957133787138e-01 5.636788695853536257e-01 -7.584843144451108854e-01 8.313046135799055936e-01 -1.209115478603141752e-01 -2.669434467472950878e-01 1.073299055665367929e-02
1.114609637603218295e-01 6.394222744496101951e-01 1.353606943447202449e+00 6.642132009713869190e-01 -7.966109781471998608e-02 -1.564116693353239940e-01 -2.621170828101913042e-01 6.642483705404418348e-01 -1.395871562377949404e+00 8.117072013184626345e-01 -1.175289282521137513e-01 -2.723270784627968011e-01 -2.154434301865673640e-02
