1.595308489737894964e-01 -1.127867224584840483e-01 2.323174190091483945e-02 -1.966542974102374330e-01 4.778073577521012583e-01 2.516237353026824053e+00 1.751505237039702179e+00 -8.662234088293477990e-03 1.901353453073752198e-01 5.382886176714829496e-02 4.971902983242908365e-04 9.022962977810051743e-01 2.914816209983431272e-02
2.587282287657048999e-02 -1.001818021801387931e-01 -8.289414455264640380e-02 -4.188086977155857094e-01 4.529913119661298226e-03 1.768673790928057210e+00 1.241719551870900329e+00 -1.077874427047088336e-02 -8.455552884370130806e-02 -6.272584957269848605e-02 5.574188767248104345e-04 5.436714896282667242e-01 2.777371014909773075e-02
2.068221992133879861e-02 4.258965840436122578e-03 1.110600617245516425e-01 -4.518538811113626680e-02 2.205870736530722229e-02 2.516237353026824053e+00 2.057376648140983200e+00 -6.545723906116078690e-03 3.315603498208007371e-01 5.752901133349264118e-02 4.369617199237712927e-04 3.850489783299400059e-01 4.014377770572699622e-02
1.776979593171006400e-01 -6.956985293272892334e-02 4.884833518280886494e-02 -1.360667336905969360e-01 2.324042383130583422e-01 7.749182287718197948e+00 2.482198052448317593e+00 -1.289525445264828873e-02 1.602185174295352454e-01 2.536369383497428243e-01 -5.869241128850601931e-04 5.781546442583378465e-01 6.717466607021314873e-02
3.106342583180240688e-02 4.567513246928479875e-02 1.842503282442490842e-01 7.598973932814451215e-02 3.200482095412879313e-01 2.516237353026824053e+00 1.122769558664846956e+00 2.978571913682238545e-03 6.230889892024061433e-02 -6.827607392221494986e-02 4.971902983242908365e-04 2.195298361055993130e-01 -1.089780816370546079e-03
1.556378967573655014e-01 -1.037832079739517271e-01 3.055076855288458779e-02 -2.168501519834508950e-01 2.148754440674123800e-01 4.858603180936296617e+00 2.312269490725384014e+00 -2.312703541761268380e-03 1.031045732991133362e-01 1.565080122332038470e-01 5.574188767248104345e-04 1.643567886974856562e-01 6.442576216873999173e-02
1.802932607947166921e-01 -8.397547610798059003e-02 3.055076855288458779e-02 -2.471439338432711297e-01 -6.558526386292240495e-02 1.021110228829290145e+00 8.338910037358594485e-01 -6.545723906116078690e-03 1.058242849243715145e-01 1.775240349529098524e-02 3.767331415232518031e-04 6.678108462965223202e-01 4.976494136088308734e-02
1.374707864140543578e-01 -3.355579499459962478e-02 8.910298176864238362e-02 -9.567502454416995650e-02 3.726345922782257070e-01 1.519485936895135891e+00 8.168981475635657130e-01 -5.487468815027376004e-03 -9.271466371947587048e-02 -7.483443364307453124e-04 6.176474551253299241e-04 6.678108462965223202e-01 5.022309201112861582e-02
2.373898933022664526e-01 -1.253916427368293451e-01 -7.191560457469185763e-02 -2.774377157030912810e-01 -4.805646961727647049e-02 2.516237353026824053e+00 1.615562387661354959e+00 -7.603978997204781376e-03 1.058242849243715145e-01 1.312721653736057328e-02 7.381046119263690117e-04 1.643567886974856562e-01 2.731555949885220574e-02
1.115177716378952105e-01 -1.776120267471167635e-01 -3.532047131484312985e-02 -1.764584428370239433e-01 -3.052767537163055336e-02 3.413313627545346396e+00 1.904440942590342134e+00 -1.501176463482568890e-02 7.046803379601516981e-02 1.999847696377498318e-01 3.165045631227322593e-04 6.471209535184796469e-01 2.731555949885220574e-02
1.426613893692860457e-01 -3.175509209769312308e-02 -2.434193133688859062e-02 -7.547916997095655001e-02 9.217388434789092200e-02 3.263800915125593782e+00 2.193319497519329531e+00 -1.501176463482568890e-02 2.146127499346988377e-01 6.400427307459526094e-02 1.761990444735199793e-03 3.850489783299400059e-01 6.992356997168631960e-02
1.452566908469018758e-01 -1.542028890873327340e-01 -1.702290468491884229e-02 -1.360667336905969360e-01 -8.311405810856832554e-02 -4.740168953682438735e-01 6.809552981852192710e-01 -1.077874427047088336e-02 -5.683891711213976544e-03 -5.373531294361156944e-03 1.280161817531043659e-03 1.436668959194428719e-01 4.884864006039202344e-02
9.724361351100783979e-02 -1.091853166646711282e-01 1.591271524894509112e-02 -1.764584428370239433e-01 -1.882868235824438630e-01 1.519485936895135891e+00 1.241719551870900329e+00 -7.603978997204781376e-03 5.958918729498242917e-02 5.012871220080395568e-02 1.159704660730004463e-03 1.988399433275565564e-01 5.251384526235625128e-02
2.270086873918028547e-01 -1.091853166646711282e-01 8.593688596975346261e-03 -4.087107704289788535e-01 -1.532292350911520218e-01 4.011364477224360847e+00 2.822055175894185197e+00 7.211592278037042350e-03 3.315603498208007371e-01 3.162796436908230091e-02 1.761990444735199793e-03 8.159721758531515712e-02 3.693672315400828993e-02
1.789956100559088048e-01 -8.397547610798059003e-02 4.934175270990393165e-03 -3.784169885691586743e-01 3.958750161095314635e-02 5.008115893356049675e+00 2.737090895032718407e+00 -7.603978997204781376e-03 3.723560241996735076e-01 2.258858166021602554e-01 1.460847552732602236e-03 2.678062525876986344e-01 7.331388478350323035e-02
8.167180464531254014e-02 -9.477969348941940597e-02 1.220386017025063274e-01 -1.158708791173835434e-01 2.148754440674123800e-01 2.765425207059748036e+00 1.496612394455301587e+00 -6.545723906116078690e-03 -3.560071958905402373e-02 2.073850687704385243e-01 1.942676179936758370e-03 1.850466814755281075e-01 5.159754396186520126e-02
1.686144041454451792e-01 -7.497196162344831050e-02 1.293576283544760619e-01 2.550010289511082245e-02 3.551057980325798002e-01 2.516237353026824053e+00 1.887448086418049176e+00 -3.370958632849971066e-03 1.031045732991133362e-01 1.056309556959691420e-01 6.778760335258495221e-04 2.642417017720148989e-02 4.884864006039202344e-02
1.076248194214714377e-01 -1.379965630151745448e-01 9.276249509462733411e-02 2.550010289511082245e-02 2.674618268043501557e-01 3.263800915125593782e+00 2.329262346897676750e+00 4.036827004770941231e-03 3.511178266765875577e-02 1.426324513594125210e-01 1.039247503928965484e-03 -2.874887723091217387e-02 3.510412055302618295e-02
1.543402460185575864e-01 -1.343951572213616108e-01 4.152930853083912355e-02 -1.512136246205070811e-01 1.447602670848286976e-01 5.008115893356049675e+00 3.229883724029226411e+00 -4.429213723938673318e-03 7.318774542127336191e-02 3.368903035924904477e-01 1.641533287934160814e-03 1.436668959194428719e-01 8.550069208003428789e-02
8.296945538412046905e-02 1.375109802115145607e-01 7.080541513871810300e-02 -2.168501519834508950e-01 2.849906210499960624e-01 2.017861644960980971e+00 1.700526668522821527e+00 -2.030304009026919626e-02 1.879351291610963787e-02 3.876842621499666970e-03 1.536167112013454026e-05 5.160849659242098264e-01 8.989533489031073521e-03
1.374707864140543578e-01 -1.271923456337357983e-01 -3.166095798885833895e-02 -1.764584428370239433e-01 4.602785635064552960e-01 3.512988769158515545e+00 1.938426654934928939e+00 -1.289525445264828873e-02 1.384608244274697364e-01 5.475389915873444396e-02 7.983331903268886098e-04 7.574670483347069050e-01 3.033575035839207630e-03
-9.163747071244107700e-03 2.635601829949670294e-01 1.037410350725818803e-01 -4.518538811113626680e-02 3.958750161095314635e-02 5.725720915700304170e-01 6.469695858406323552e-01 -1.183699936155958518e-02 1.058242849243715145e-01 -5.162540087366544045e-02 4.369617199237712927e-04 6.264310607404370845e-01 2.117273735348151539e-03
9.205301055577615188e-02 -8.577617900488707092e-02 -2.384851380979353432e-03 -1.461646609772036531e-01 2.205870736530722229e-02 1.569323507701719356e+00 1.445633825938420935e+00 -9.720489179382179809e-03 2.695264779188419335e-02 -1.163780182846914646e-01 9.187903471279275890e-04 9.574693451891188589e-01 2.639925819836114532e-02
-1.954495298170771944e-02 -1.325944543244551577e-01 5.616736183477860633e-02 -8.557709725756326713e-02 -8.311405810856832554e-02 9.214350872161212180e-01 5.789981611514589677e-01 -1.077874427047088336e-02 -3.560071958905402373e-02 -1.043525321940723116e-01 7.983331903268886098e-04 7.022940009265933314e-01 2.456665559737903487e-02
6.480234504080908953e-02 -9.477969348941940597e-02 8.910298176864238362e-02 2.550010289511082245e-02 -6.558526386292240495e-02 1.170622941249042759e+00 9.868267092864997370e-01 -8.662234088293477990e-03 1.879351291610963787e-02 -1.422790652491018326e-01 9.790189255284471870e-04 8.333299885208630409e-01 8.989533489031073521e-03
6.408061794451421801e-03 -5.156282396366428794e-02 3.123332946537195620e-01 2.779482850602792432e-01 4.252209750151634826e-01 1.668998649314888061e+00 1.105776702492553776e+00 1.144461264239184789e-02 8.950601517282241737e-02 -1.367288408995853410e-01 1.039247503928965484e-03 4.057388711079827903e-01 7.615081538294490686e-03
5.052818691392170491e-02 -1.019825050770452601e-01 9.276249509462733411e-02 -1.714094791937204876e-01 -1.181716465998601806e-01 2.765425207059748036e+00 1.547590962972181350e+00 -2.312703541761268380e-03 -3.832043121431220889e-02 -2.387427912608288891e-02 -2.255526424819429574e-04 4.195321329600111837e-01 4.106007900621804624e-02
3.884933026465017120e-02 -1.109860195615775813e-01 -8.289414455264640380e-02 -1.259688064039902466e-01 -1.006428523542142461e-01 5.227345207634448432e-01 2.731267500501777246e-01 -9.720489179382179809e-03 -6.551754746689400499e-02 -1.025024574109001385e-01 3.767331415232518031e-04 1.091837412893719855e-01 4.930679071063755886e-02
1.128154223767031394e-01 -7.857336741726124452e-02 1.586337349623548887e-01 -4.793678964709464224e-03 1.272314728391827632e-01 3.263800915125593782e+00 1.598569531489062001e+00 8.620617315048332814e-04 4.599062916869149642e-02 -5.162540087366544045e-02 1.761990444735199793e-03 5.436714896282667242e-01 1.540364259246846876e-02
1.322801834588224201e-01 -1.181888311492034493e-01 -5.727755127075237485e-02 -1.764584428370239433e-01 -6.558526386292240495e-02 1.768673790928057210e+00 5.110267364622853581e-01 -1.077874427047088336e-02 1.058242849243715145e-01 -3.312465304194371629e-02 4.971902983242908365e-04 6.747074772225365447e-01 2.639925819836114532e-02
9.464831203339199583e-02 -1.506014832935198000e-01 1.220386017025063274e-01 1.517241939776950432e-01 2.205870736530722229e-02 3.512988769158515545e+00 2.074369504313276380e+00 -7.603978997204781376e-03 2.146127499346988377e-01 5.937908611666485592e-02 1.400618974332082638e-03 6.780395573328674985e-02 4.930679071063755886e-02
7.518355095127268739e-02 -1.217902369430163834e-01 -2.384851380979353432e-03 -1.994056989461942889e-02 1.097026785935368565e-01 2.815262777866331501e+00 1.972412367279515966e+00 -1.501176463482568890e-02 9.766515004859697979e-02 1.703835731069951454e-01 7.983331903268886098e-04 1.850466814755281075e-01 7.038172062193186196e-02
8.816005833935214309e-02 -9.117828769560647195e-02 -2.384851380979353432e-03 -1.158708791173835434e-01 7.464509010224500141e-02 6.224096623766138814e-01 1.122769558664846956e+00 6.153337186948340531e-03 1.031045732991133362e-01 -1.126778687183471045e-01 1.641533287934160814e-03 1.781500505495140496e-01 2.227590234615139247e-02
9.854126424981575483e-02 -1.451993746028004129e-01 1.220386017025063274e-01 2.552846785939760321e-04 5.654513289803309029e-01 3.263800915125593782e+00 1.207733839526314190e+00 1.461937791565795335e-02 -6.551754746689400499e-02 3.162796436908230091e-02 1.761990444735199793e-03 2.678062525876986344e-01 4.472528420818227407e-02
6.609999577961700457e-02 -9.658039638632585910e-02 1.037410350725818803e-01 -2.498953353792286725e-02 1.798178555761205388e-01 2.735466667305231914e-01 8.508838599081525178e-01 -7.603978997204781376e-03 -1.384302658698853550e-02 -7.937652262124800240e-02 8.585617687274080994e-04 1.781500505495140496e-01 3.189706600130749053e-02
6.220704356319323169e-02 -9.477969348941940597e-02 1.591271524894509112e-02 5.074492111162765690e-02 4.529913119661298226e-03 2.017861644960980971e+00 1.615562387661354959e+00 -1.077874427047088336e-02 7.318774542127336191e-02 3.876842621499666970e-03 4.971902983242908365e-04 5.919479061103662954e-01 1.586179324271399724e-02
3.625402878703409826e-02 -1.253916427368293451e-01 1.732717882662943854e-01 -2.017032610535407777e-01 1.798178555761205388e-01 1.519485936895135891e+00 1.105776702492553776e+00 -2.312703541761268380e-03 -6.279783584163582677e-02 -4.237502695780461653e-02 7.983331903268886098e-04 1.160803722153860434e-01 1.219658804074977114e-02
6.408061794451421801e-03 -1.235909398399228643e-01 6.714590181273315250e-02 -7.547916997095655001e-02 -3.052767537163055336e-02 7.719223747963687154e-01 6.809552981852192710e-01 -7.603978997204781376e-03 -4.104014283957039405e-02 -7.475133566331758350e-02 9.790189255284471870e-04 -7.012866278699741995e-02 3.281336730179854055e-02
9.003363272067266623e-03 -1.506014832935198000e-01 -9.753219785658588659e-02 -2.017032610535407777e-01 -3.052767537163055336e-02 5.227345207634448432e-01 1.037805277803380166e+00 -8.662234088293477990e-03 -6.007812421637763467e-02 -1.256283922005522746e-01 1.340390395931563040e-03 5.401069388125832871e-02 2.502480624762456335e-02
1.582331982349815813e-01 2.977735380361899442e-01 5.250784850879366278e-02 -3.178294248495183161e-01 4.953361519977471650e-01 3.512988769158515545e+00 1.717519524695115374e+00 -1.712827481700309254e-02 1.330214011769533800e-01 3.876842621499666970e-03 -4.062383776835015617e-04 6.333276916664511980e-01 1.200972434857094798e-03
7.258824947365685731e-02 -1.127867224584840483e-01 -2.068241801090363666e-02 -1.663605155504172262e-01 3.025194152956420246e-01 4.260552331257282610e+00 2.142340929002449545e+00 -2.312703541761268380e-03 2.037339034336660970e-01 9.915569395486652227e-02 -4.486690728038499678e-05 5.298782277762381643e-01 4.408026986575792200e-03
5.312348839153754887e-02 2.707629945825928974e-01 -9.021317120461613825e-02 -3.508746082452957049e-02 -1.707580293367979563e-01 7.719223747963687154e-01 1.105776702492553776e+00 -9.720489179382179809e-03 -3.016129633853764994e-02 -7.197622348855930996e-02 -2.857812208824624741e-04 2.678062525876986344e-01 2.639925819836114532e-02
1.141130731155112904e-01 -8.037407031416771153e-02 8.178395511667264917e-02 -2.269480792700576122e-01 2.205870736530722229e-02 4.758928039323127912e+00 2.601148045654371188e+00 -2.030304009026919626e-02 2.967235941714238198e-02 3.440307654384049812e-02 -4.664669560840211055e-04 6.540175844444939823e-01 3.189706600130749053e-02
3.106342583180240688e-02 2.959728351392834078e-01 -2.800144466287338499e-02 -1.007239881874733983e-01 5.711629585659907388e-02 1.718836220121473968e+00 1.020812421631086320e+00 -4.429213723938673318e-03 1.879351291610963787e-02 -6.457592435587060364e-02 -8.278384264871382599e-04 2.678062525876986344e-01 -6.129437969071356747e-03
6.408061794451421801e-03 -1.019825050770452601e-01 -9.753219785658588659e-02 -1.259688064039902466e-01 1.272314728391827632e-01 3.512988769158515545e+00 1.649548100005941764e+00 -8.662234088293477990e-03 1.194228430506623917e-01 -1.673381728016811159e-03 -4.664669560840211055e-04 5.091883349981958240e-01 1.265473869099530135e-02
1.569355474961736663e-01 3.067770525207221821e-01 2.689125522689963382e-02 -3.003849718122630907e-02 1.973466498217664455e-01 2.765425207059748036e+00 1.054798133975673124e+00 -6.545723906116078690e-03 -9.271466371947587048e-02 1.682736610370491950e-02 -5.266955344845407035e-04 4.953950731461673196e-01 3.052261405057090163e-02
1.789956100559088048e-01 2.257454221599312638e-01 -3.166095798885833895e-02 -1.764584428370239433e-01 3.958750161095314635e-02 4.758928039323127912e+00 1.938426654934928939e+00 -9.720489179382179809e-03 1.629382290547933543e-01 -1.462390521022197999e-02 4.971902983242908365e-04 5.712580133323235110e-01 2.914816209983431272e-02
1.167083745931271344e-01 -1.181888311492034493e-01 -9.021317120461613825e-02 -1.764584428370239433e-01 2.205870736530722229e-02 4.011364477224360847e+00 2.312269490725384014e+00 -1.607001972591439246e-02 1.493396709285025048e-01 9.638058178010823485e-02 -2.857812208824624741e-04 4.953950731461673196e-01 2.181775169590586400e-02
1.426613893692860457e-01 -5.696493265438364734e-02 1.225320192296013889e-02 -3.508746082452957049e-02 5.711629585659907388e-02 2.267049498993902734e+00 1.513605250627594545e+00 -4.429213723938673318e-03 2.146127499346988377e-01 1.056309556959691420e-01 6.778760335258495221e-04 9.539047943734357826e-02 2.869001144958878771e-02
1.218989775483588084e-01 -1.091853166646711282e-01 -3.532047131484312985e-02 -1.057729518307768263e-01 1.447602670848286976e-01 2.914937919479500650e+00 2.567162333309784383e+00 -4.429213723938673318e-03 1.330214011769533800e-01 3.553910514242122898e-01 9.790189255284471870e-04 3.367725618478407124e-01 4.701603745940991647e-02
6.408061794451421801e-03 -1.091853166646711282e-01 -1.194892778124951177e-01 -3.582211339959451846e-01 -1.357004408455060873e-01 2.117536786574150121e+00 2.108355216657863185e+00 -2.030304009026919626e-02 3.587574660733826581e-01 1.981346948545777142e-01 9.790189255284471870e-04 2.057365742535709197e-01 3.693672315400828993e-02
1.076248194214714377e-01 -1.235909398399228643e-01 8.544346844265759966e-02 -1.158708791173835434e-01 -1.006428523542142461e-01 7.719223747963687154e-01 1.632555243833648806e+00 -1.501176463482568890e-02 1.901353453073752198e-01 5.012871220080395568e-02 1.701761866334680195e-03 5.229815968502241619e-01 4.747418810965544494e-02
1.063271686826635226e-01 -1.055839108708581942e-01 1.957222857492988549e-02 -2.774377157030912810e-01 1.973466498217664455e-01 7.898695000137951006e+00 2.907019456755651987e+00 -4.429213723938673318e-03 7.590745704653154013e-02 1.842591339807863882e-01 3.165045631227322593e-04 4.471186566640677484e-01 4.060192835597251776e-02
9.983891498862368374e-02 -7.857336741726124452e-02 1.147195750505365791e-01 -1.209198427606867909e-01 2.674618268043501557e-01 3.512988769158515545e+00 1.292698120387780758e+00 2.978571913682238545e-03 2.423293616662600819e-02 1.148813296118299659e-01 1.039247503928965484e-03 2.195298361055993130e-01 5.755350241505706455e-02
9.594596277219991087e-02 -1.199895340461099164e-01 -4.263949796681287124e-02 -1.562625882638105368e-01 3.200482095412879313e-01 1.519485936895135891e+00 1.479619538283007740e+00 -1.607001972591439246e-02 7.914666415076952732e-03 7.325464699045609873e-02 -2.255526424819429574e-04 4.057388711079827903e-01 2.869001144958878771e-02
7.258824947365685731e-02 -1.091853166646711282e-01 3.421028187886937522e-02 5.074492111162765690e-02 2.849906210499960624e-01 3.313638485932177247e+00 1.275705264215486912e+00 -1.712827481700309254e-02 2.336507313115062101e-01 1.102561426538995609e-01 1.358188279211736279e-04 2.884961453657410857e-01 3.418781925253512599e-02
1.582331982349815813e-01 -1.145874253553905153e-01 -2.434193133688859062e-02 -1.613115519071137705e-01 3.200482095412879313e-01 4.509740185290206149e+00 1.649548100005941764e+00 -1.077874427047088336e-02 1.194228430506623917e-01 1.222816287445186445e-01 -1.050954856809045338e-04 4.816018112941389262e-01 2.044329974516927856e-02
3.755167952584202024e-02 -6.596844713891597545e-02 1.147195750505365791e-01 -1.360667336905969360e-01 3.958750161095314635e-02 3.512988769158515545e+00 2.040383791968689575e+00 -5.487468815027376004e-03 1.879351291610963787e-02 8.713020786424741093e-02 6.778760335258495221e-04 1.574601577714712930e-01 4.793233875990097342e-02
9.335066129458406692e-02 -1.632064035718650830e-01 4.884833518280886494e-02 -1.411156973339003917e-01 1.447602670848286976e-01 5.506491601421894977e+00 2.788069463549598392e+00 -1.818652990809179609e-02 1.221425546759206393e-01 1.611331991911342520e-01 -4.062383776835015617e-04 1.781500505495140496e-01 4.930679071063755886e-02
-8.183218844448937601e-02 -2.514408455202818415e-01 -3.683361839794662140e-01 -4.491024795754058330e-01 -2.058156178280897974e-01 -1.570443453113103960e+00 -2.479715949861350133e+00 -8.662234088293477990e-03 -3.184507286159051209e-01 -2.875099357281172829e-01 5.574188767248104345e-04 -5.459961966819771861e-01 -2.079025877692825680e-02
-8.702279139972106392e-02 -2.226295991697783694e-01 -3.166095798885833895e-02 -1.764584428370239433e-01 2.205870736530722229e-02 -1.221580457467013270e+00 -1.596087428902094096e+00 2.837669409981107699e-02 -3.211704402411633130e-01 -1.654050000387539965e-01 1.761990444735199793e-03 -6.494456605721903308e-01 -6.129437969071356747e-03
-4.679561849667454587e-02 -1.758113238502103104e-01 -1.268083044644648938e-01 -1.360667336905969360e-01 4.529913119661298226e-03 -1.371093169886765661e+00 -1.052316031388706108e+00 1.779414318892406227e-02 -2.640564961107414454e-01 6.400427307459526094e-02 1.358188279211736279e-04 -7.046187079803037934e-01 -2.720436788036565204e-02
8.686240760054422805e-02 -1.956190557161814059e-01 -1.634034377243136216e-01 -7.547916997095655001e-02 -1.006428523542142461e-01 -9.723926034340892866e-01 -4.065874968415573720e-01 -4.429213723938673318e-03 -2.341396682329014156e-01 -1.163780182846914646e-01 1.641533287934160814e-03 -1.046118174170683063e-01 -1.071094447152663894e-02
-8.183218844448937601e-02 -2.172274904790590100e-01 -7.557511790067664159e-02 -2.498953353792286725e-02 -2.233444120737357319e-01 6.004867309487740279e+00 1.819476661728875788e+00 -1.818652990809179609e-02 7.590745704653154013e-02 -5.625058783159585934e-02 1.581304709533641216e-03 1.781500505495140496e-01 -2.995327178183882291e-02
-1.077852032206482874e-01 -1.596049977780521212e-01 5.982687516076340417e-02 -2.498953353792286725e-02 7.464509010224500141e-02 -2.018981590372364909e+00 -4.745589215307309261e-01 9.328102460214447722e-03 -1.525483194751558746e-01 -1.950061965695087107e-01 2.966562012745589151e-03 -2.632343287153949829e-01 -3.590923023503068967e-02
-8.183218844448937601e-02 -2.028218673038072739e-01 7.080541513871810300e-02 -7.043020632765310818e-02 -3.052767537163055336e-02 6.224096623766138814e-01 1.054798133975673124e+00 8.620617315048332814e-04 1.330214011769533800e-01 -4.237502695780461653e-02 1.400618974332082638e-03 -2.149579122332956338e-01 -6.312698229169567271e-03
1.419396622729895453e-02 -2.388359252419365863e-01 -2.439127308959807561e-01 -2.269480792700576122e-01 -3.811035602845490589e-01 3.413313627545346396e+00 1.955419511107222785e+00 -1.077874427047088336e-02 1.874156336821169722e-01 2.237759045322139720e-02 9.790189255284471870e-04 3.919456092559543414e-01 -2.243960111781215933e-02
-8.183218844448937601e-02 -2.100246788914331419e-01 -1.634034377243136216e-01 5.304248321897415963e-03 -3.811035602845490589e-01 -9.225550326275059332e-01 -4.973751722339642828e-02 -9.720489179382179809e-03 -1.498286078498977103e-01 -3.497472782511592410e-02 9.790189255284471870e-04 5.988445370363802978e-01 -2.170656007741931723e-02
4.403993321988186604e-02 -2.514408455202818415e-01 -2.384851380979353432e-03 -1.259688064039902466e-01 1.798178555761205388e-01 1.170622941249042759e+00 -1.239237449283933090e+00 1.991065337110146938e-02 -3.184507286159051209e-01 -1.746553739546148620e-01 3.767331415232518031e-04 -4.701332564958210503e-01 2.846711343660385447e-04
-1.025946002654163774e-01 -2.064232730976202079e-01 -2.256151642660563506e-01 -1.360667336905969360e-01 8.984984196476034635e-01 -2.218331873598701875e+00 -1.273223161628519895e+00 -2.347780536353530345e-02 2.472492894377970873e-01 -2.042565704853695763e-01 1.942676179936758370e-03 3.160826690697979280e-01 -2.647493027205342041e-03
-9.221339435495298775e-02 -1.307937514275486768e-01 -5.727755127075237485e-02 4.569595746832422201e-02 5.711629585659907388e-02 -5.956149684092538976e+00 -1.715037422108147913e+00 8.620617315048332814e-04 -3.560071958905402373e-02 -1.857558226536478729e-01 -3.098726522426702916e-04 -5.459961966819771861e-01 1.128028674025871592e-02
1.115177716378952105e-01 -1.488007803966133469e-01 1.110600617245516425e-01 2.779482850602792432e-01 -2.408732063193816386e-01 3.263800915125593782e+00 1.411648113593834131e+00 -1.607001972591439246e-02 7.590745704653154013e-02 -1.552295887313070721e-01 2.424504807140914504e-03 3.781523474039260035e-01 -3.086957308232988334e-02
6.350469430200116061e-02 -1.217902369430163834e-01 -4.629901129279766214e-02 2.274586486272455466e-01 -2.233444120737357319e-01 -2.068819161178949706e+00 -3.216232159800903601e-01 -9.720489179382179809e-03 -1.525483194751558746e-01 -1.219282426342079284e-01 1.358188279211736279e-04 1.160803722153860434e-01 -2.518850501928533020e-02
-1.377842638396343383e-03 -1.199895340461099164e-01 8.544346844265759966e-02 5.303964672254476431e-01 6.881528886998523609e-01 5.008115893356049675e+00 1.462626682110714782e+00 -1.607001972591439246e-02 1.003848616738551441e-01 -1.580047009060652763e-01 2.123361915138316947e-03 6.126377988884087467e-01 2.181775169590586400e-02
-1.350358687356151000e-01 -2.244303020666848503e-01 -2.434193133688859062e-02 7.598973932814451215e-02 2.205870736530722229e-02 5.406816459808726272e+00 1.881624691887111289e-01 -2.453606045462400354e-02 1.607380129085144924e-02 -1.709552243882705158e-01 1.960474063216931446e-04 3.574624546258831637e-01 1.274636882104440705e-02
-1.739653908998537168e-01 -8.217477321107417854e-02 -1.634034377243136216e-01 -1.764584428370239433e-01 -4.805646961727647049e-02 -3.414433572956729890e+00 -7.804303326320117806e-01 -2.312703541761268380e-03 -1.199117799720577221e-01 -1.163780182846914646e-01 1.641533287934160814e-03 -3.253040070495226699e-01 -2.922023074144598082e-02
3.812760316835346261e-03 -2.586436571079077096e-01 -2.402532175699958472e-01 -1.764584428370239433e-01 -2.408732063193816386e-01 -1.719956165532857684e+00 1.241051293483388593e-03 -1.289525445264828873e-02 -3.560071958905402373e-02 -4.237502695780461653e-02 1.400618974332082638e-03 -9.081855556503989901e-02 -3.251891542321378586e-02
-1.506076776013106633e-01 9.969621937647878129e-02 -4.995852461878261958e-02 -7.547916997095655001e-02 2.148754440674123800e-01 -2.866220294084301123e+00 -1.205251736939346285e+00 7.211592278037042350e-03 -1.743060124772214114e-01 -2.227573183170913351e-01 1.536167112013454026e-05 -6.323203186098307060e-02 -2.262286137791037419e-02
-8.702279139972106392e-02 -2.424373310357495204e-01 -1.524248977463589783e-01 -2.370460065566643293e-01 6.355665059629145297e-01 -1.969144019565780335e+00 -3.046303598077970132e-01 -1.254448450672571765e-03 3.179617916945097766e-01 -1.533795139481348713e-01 6.176474551253299241e-04 -2.080612813072812983e-01 2.846711343660385447e-04
-3.900971406382701401e-02 2.761651032733122846e-01 1.225320192296013889e-02 1.769690121942118777e-01 2.205870736530722229e-02 2.665750065446579331e+00 8.848695722527392116e-01 7.211592278037042350e-03 9.766515004859697979e-02 -2.301576174497799998e-01 1.400618974332082638e-03 3.574624546258831637e-01 -2.601317618972728146e-02
-1.298452657803834398e-01 -2.550422513140947478e-01 -1.341273311164346282e-01 -2.498953353792286725e-02 -2.408732063193816386e-01 6.224096623766138814e-01 3.920767432562311527e-01 -6.545723906116078690e-03 -4.375985446482857921e-02 -2.366328791908825779e-01 2.544961963941952399e-03 3.505658236998691057e-01 -4.296475024881182131e-02
-3.641441258621094107e-02 -9.477969348941940597e-02 -6.093706459673715187e-02 -3.508746082452957049e-02 -2.408732063193816386e-01 -4.740168953682438735e-01 8.508838599081525178e-01 -1.077874427047088336e-02 4.871034079394968158e-02 -1.071276443688305990e-01 1.219933239130524061e-03 3.643590855518975546e-01 -3.014013547401764390e-03
-1.194640598699198281e-01 -2.172274904790590100e-01 5.250784850879366278e-02 2.274586486272455466e-01 -3.811035602845490589e-01 -1.470768311499934811e+00 -7.634374764597183782e-01 4.036827004770941231e-03 -5.191898934060313470e-02 -2.643840009384650913e-01 2.123361915138316947e-03 7.470058665930109920e-02 -1.071094447152663894e-02
6.408061794451421801e-03 2.743644003764058037e-01 -1.702290468491884229e-02 1.517241939776950432e-01 -2.584020005650276008e-01 -3.215083289730392924e+00 -7.464446202874248648e-01 2.626018391763367335e-02 7.914666415076952732e-03 -2.387427912608288891e-02 -7.073812696860992807e-04 -4.149602090877075322e-01 -2.124840942717378528e-02
-1.506076776013106633e-01 -2.604443600048141350e-01 7.812444179068785133e-02 -7.547916997095655001e-02 -1.006428523542142461e-01 -4.740168953682438735e-01 3.071124623947645293e-01 -1.501176463482568890e-02 2.064536150589243446e-01 -1.857558226536478729e-01 -1.008524161688696295e-03 3.229792999958122635e-01 -2.079025877692825680e-02
-4.290266628025078688e-02 -2.442380339326559735e-01 -4.629901129279766214e-02 -7.547916997095655001e-02 -1.299888112598462583e-02 -4.740168953682438735e-01 -1.516946542571568080e-01 -6.545723906116078690e-03 -3.560071958905402373e-02 -2.255324304918495670e-01 1.641533287934160814e-03 3.781523474039260035e-01 -2.720436788036565204e-02
-1.090828539594562163e-01 -1.307937514275486768e-01 -2.068241801090363666e-02 1.668710849076051883e-01 -1.707580293367979563e-01 -2.567194869244793676e+00 -5.765160585644913960e-01 7.211592278037042350e-03 -8.403603336472161706e-03 -2.412580661488130107e-01 2.243819071939356143e-03 -2.425444359373524761e-01 -2.308101202815589920e-02
-1.752630416386616319e-01 -1.199895340461099164e-01 9.276249509462733411e-02 3.284379214933129676e-01 -2.058156178280897974e-01 -1.869468877952611185e+00 -7.124589079428381710e-01 4.036827004770941231e-03 -6.823725909215218322e-02 -2.273825052750216846e-01 2.424504807140914504e-03 4.126355020339968482e-01 -1.694179331486582105e-02
-1.765606923774695469e-01 -4.976212106675777930e-02 3.421028187886937522e-02 1.062835211879648023e-01 -2.759307948106735076e-01 -1.719956165532857684e+00 -5.765160585644913960e-01 1.250286773348054971e-02 -6.551754746689400499e-02 -2.088817574433000368e-01 2.562759847222127155e-04 9.539047943734357826e-02 -6.129437969071356747e-03
-1.194640598699198281e-01 -1.812134325409296975e-01 -2.434193133688859062e-02 2.072627940540321678e-01 -5.213339142497165346e-01 -4.740168953682438735e-01 -7.464446202874248648e-01 6.153337186948340531e-03 -5.735841259111951196e-02 -3.069357209514250728e-01 6.778760335258495221e-04 4.126355020339968482e-01 -1.116909512177216568e-02
-1.194640598699198281e-01 -9.117828769560647195e-02 -1.702290468491884229e-02 -5.023435175443971556e-02 -3.285171775476112832e-01 -3.464271143763314242e+00 -8.993803258380654864e-01 1.673588809783535872e-02 1.335408966559326407e-02 -2.458832531067434157e-01 7.381046119263690117e-04 -2.356478050113381129e-01 -2.445546397889248463e-02
-1.298452657803834398e-01 -1.488007803966133469e-01 1.957222857492988549e-02 1.264793757611782088e-01 -2.408732063193816386e-01 -4.211834705862083084e+00 -1.324201730145400102e+00 1.461937791565795335e-02 1.063437804033507891e-02 -1.348787661164131402e-01 5.574188767248104345e-04 2.642417017720148989e-02 -2.720436788036565204e-02
-4.030736480263493599e-02 -1.451993746028004129e-01 -3.897998464082808728e-02 6.084284839823436708e-02 -3.460459717932571899e-01 -4.560697701508174440e+00 -9.673517505272389849e-01 2.308541864436756269e-02 7.914666415076952732e-03 -1.857558226536478729e-01 1.536167112013454026e-05 -3.804770544576363545e-01 -2.308101202815589920e-02
-9.221339435495298775e-02 8.889200199503999311e-02 -5.361803794476741047e-02 -7.547916997095655001e-02 -2.058156178280897974e-01 7.719223747963687154e-01 3.750838870839380834e-01 -1.183699936155958518e-02 1.085439965496297066e-01 -2.690091878963956074e-01 1.159704660730004463e-03 4.747051803681245352e-01 -4.186518868822255990e-02
-1.791559938550856268e-01 -6.236704134510304143e-02 -3.166095798885833895e-02 -7.547916997095655001e-02 -3.052767537163055336e-02 3.612663910771684694e+00 3.920767432562311527e-01 -2.030304009026919626e-02 -6.551754746689400499e-02 -1.672550748219261418e-01 1.219933239130524061e-03 2.402197288836417921e-01 -3.682553153552174663e-02
-6.885568105640969827e-02 -1.470000774997068660e-01 -6.093706459673715187e-02 -2.498953353792286725e-02 1.091315156349708548e+00 1.021110228829290145e+00 4.090695994285248882e-01 -4.429213723938673318e-03 4.593867962079353773e-01 -2.273825052750216846e-01 1.219933239130524061e-03 1.263090832517307568e-02 1.741950545354879407e-02
-1.545006298177344084e-01 -3.895790368531899112e-02 1.366766550064457963e-01 1.012345575446613605e-01 6.005089174716227163e-01 -3.464271143763314242e+00 -1.766015990625028120e+00 -2.347780536353530345e-02 -8.403603336472161706e-03 -2.366328791908825779e-01 -4.486690728038499678e-05 -2.425444359373524761e-01 -1.116909512177216568e-02
-9.221339435495298775e-02 -1.668078093656780170e-01 -1.414463577684043627e-01 -1.764584428370239433e-01 -2.584020005650276008e-01 1.270298082862211908e+00 7.999052913912726437e-01 -7.603978997204781376e-03 4.871034079394968158e-02 -1.996313835274391713e-01 1.641533287934160814e-03 8.849384851132952035e-02 -2.922023074144598082e-02
-8.183218844448937601e-02 -2.280317078604977843e-01 -9.753219785658588659e-02 -5.023435175443971556e-02 -2.058156178280897974e-01 6.104542451100908984e+00 2.924012312927945167e+00 -1.289525445264828873e-02 9.766515004859697979e-02 -5.162540087366544045e-02 4.971902983242908365e-04 1.091837412893719855e-01 -7.962040570053469796e-03
-9.221339435495298775e-02 1.501159004898597604e-01 -5.727755127075237485e-02 -7.547916997095655001e-02 -2.058156178280897974e-01 2.765425207059748036e+00 1.632555243833648806e+00 9.328102460214447722e-03 3.315603498208007371e-01 -2.551336270226043368e-01 2.785876277544030791e-03 1.505635268454572351e-01 -3.123609360252630265e-02
-1.194640598699198281e-01 -4.616071527294485222e-02 -2.439127308959807561e-01 -1.007239881874733983e-01 -4.805646961727647049e-02 -3.245041829484913709e-01 2.391410377055909198e-01 -1.077874427047088336e-02 -5.191898934060313470e-02 -1.626298878639957368e-01 1.882447601536238772e-03 2.402197288836417921e-01 -3.380534067598187174e-03
-5.198622145190646970e-02 -1.794127296440232167e-01 -1.707224643762833560e-01 -5.023435175443971556e-02 -2.058156178280897974e-01 -4.211834705862083084e+00 -1.137280312250172676e+00 -7.603978997204781376e-03 -6.551754746689400499e-02 -2.412580661488130107e-01 4.971902983242908365e-04 1.091837412893719855e-01 -1.694179331486582105e-02
-8.572514066091313500e-02 2.046529191259435776e-02 3.421028187886937522e-02 7.598973932814451215e-02 -3.052767537163055336e-02 1.320135653668797593e+00 1.371839006718305609e-01 -2.312703541761268380e-03 -7.639639396792674564e-02 -2.088817574433000368e-01 -9.482955832881766970e-04 5.298782277762381643e-01 -2.830392944095492386e-02
-1.532029790789264934e-01 -1.109860195615775813e-01 -1.780414910282530905e-01 2.552846785939760321e-04 -2.408732063193816386e-01 1.021110228829290145e+00 -6.614803394259582969e-01 8.620617315048332814e-04 -4.647956609008676437e-02 -2.773345244206703586e-01 -1.050954856809045338e-04 -1.184050792690967274e-01 -3.041142243208435139e-02
-6.366507810117799648e-02 -1.091853166646711282e-01 -1.414463577684043627e-01 5.074492111162765690e-02 -2.584020005650276008e-01 -4.740168953682438735e-01 -1.856803666017435850e-01 -4.429213723938673318e-03 -3.016129633853764994e-02 -1.959312339610948250e-01 4.971902983242908365e-04 6.609142153705079847e-01 -6.862479009464201446e-03
-7.534393475044953714e-02 3.847232088165893765e-02 -3.532047131484312985e-02 1.264793757611782088e-01 -1.707580293367979563e-01 -3.065570577310638978e+00 -3.216232159800903601e-01 3.155145937307718418e-02 -4.647956609008676437e-02 -2.181321313591608468e-01 -5.869241128850601931e-04 4.747051803681245352e-01 -3.957443543699491750e-02
-9.740399731018467566e-02 -1.091853166646711282e-01 -9.021317120461613825e-02 -2.498953353792286725e-02 -3.460459717932571899e-01 -3.215083289730392924e+00 1.241051293483388593e-03 8.620617315048332814e-04 1.063437804033507891e-02 -1.533795139481348713e-01 2.562759847222127155e-04 3.850489783299400059e-01 -2.170656007741931723e-02
-3.641441258621094107e-02 -1.055839108708581942e-01 -3.166095798885833895e-02 1.517241939776950432e-01 -2.759307948106735076e-01 -4.560697701508174440e+00 -4.575660653584375792e-01 1.250286773348054971e-02 1.063437804033507891e-02 -1.626298878639957368e-01 -4.664669560840211055e-04 -1.321983411211251624e-01 -2.372242293849963907e-02
-1.012969495266084485e-01 -1.884162441285555656e-01 -1.560844110723438594e-01 -2.498953353792286725e-02 -1.357004408455060873e-01 3.233842375371066002e-01 1.823390746577716048e-02 2.978571913682238545e-03 1.330214011769533800e-01 -2.181321313591608468e-01 -5.869241128850601931e-04 2.815995144397270278e-01 -3.984932582714223459e-02
-1.804536445938935696e-01 -1.776120267471167635e-01 1.220386017025063274e-01 2.550010289511082245e-02 -1.006428523542142461e-01 2.217211928187319270e+00 1.513605250627594545e+00 -7.603978997204781376e-03 2.445295778125389508e-01 -2.227573183170913351e-01 1.536167112013454026e-05 4.471186566640677484e-01 -6.129437969071356747e-03
-1.999184056760126282e-01 2.527559656135283106e-01 -1.999985709841622661e-01 2.552846785939760321e-04 1.272314728391827632e-01 4.410065043677036556e+00 9.358481407696198628e-01 -1.289525445264828873e-02 5.409781449656808627e-01 -1.996313835274391713e-01 -1.249438475290774470e-03 1.367702649934288417e-01 -1.694179331486582105e-02
-6.236742736237008145e-02 1.686388611878142374e-02 -7.191560457469185763e-02 7.598973932814451215e-02 -2.058156178280897974e-01 1.270298082862211908e+00 4.090695994285248882e-01 -1.077874427047088336e-02 -1.008737985952504329e-01 -2.828847487701868224e-01 -3.460097992829820179e-04 1.160803722153860434e-01 -3.865813413650386055e-02
-1.609888835117742611e-01 6.188145854144303654e-02 2.025478948741733787e-01 2.550010289511082245e-02 5.711629585659907388e-02 -2.716707581664547622e+00 1.241051293483388593e-03 2.520192882654496980e-02 -1.471088962246395182e-01 -1.163780182846914646e-01 1.641533287934160814e-03 -7.702529371301147787e-02 -1.281843746265606820e-02
-2.064066593700524532e-01 -2.874549034584111262e-01 4.884833518280886494e-02 7.598973932814451215e-02 -2.058156178280897974e-01 9.214350872161212180e-01 -3.274466105110340058e-02 6.153337186948340531e-03 -4.104014283957039405e-02 -1.829807104788896133e-01 8.585617687274080994e-04 -2.080612813072812983e-01 -2.867044996115134317e-02
-1.194640598699198281e-01 -1.704092151594909510e-01 4.884833518280886494e-02 1.517241939776950432e-01 -2.759307948106735076e-01 1.320135653668797593e+00 4.430553117731117485e-01 7.211592278037042350e-03 -1.498286078498977103e-01 -1.996313835274391713e-01 -1.653240640814234135e-04 3.988422401819684548e-01 -3.316032633355751880e-02
-2.557173874447546402e-01 -1.488007803966133469e-01 -6.093706459673715187e-02 1.012345575446613605e-01 -2.584020005650276008e-01 8.217599456029520688e-01 2.391410377055909198e-01 1.673588809783535872e-02 1.139834198001460353e-01 -2.921351226860477435e-01 4.532505051159096097e-03 1.781500505495140496e-01 -3.114446347247719696e-02
-1.532029790789264934e-01 -1.560035919842391872e-01 -1.377868444424194816e-01 6.589181204153780891e-02 -2.408732063193816386e-01 -1.570443453113103960e+00 -7.294517641151314624e-01 -6.545723906116078690e-03 -1.656273821224672066e-02 -2.875099357281172829e-01 -4.486690728038499678e-05 4.953950731461673196e-01 -2.308101202815589920e-02
-7.534393475044953714e-02 -1.307937514275486768e-01 -6.459657792272210930e-02 1.517241939776950432e-01 1.447602670848286976e-01 -1.470768311499934811e+00 1.031981883272437700e-01 -2.312703541761268380e-03 5.194954789818767571e-03 -2.773345244206703586e-01 6.176474551253299241e-04 2.402197288836417921e-01 -3.682553153552174663e-02
-2.992615889217132771e-02 1.969341758094278749e-01 -1.414463577684043627e-01 -1.764584428370239433e-01 -3.460459717932571899e-01 -3.314758431343562073e+00 -1.324201730145400102e+00 7.211592278037042350e-03 -2.069425519803195779e-01 -1.533795139481348713e-01 -1.550581367293372244e-03 -3.390972689015510633e-01 -3.435151802419589284e-02
-1.298452657803834398e-01 1.969341758094278749e-01 -1.341273311164346282e-01 -2.498953353792286725e-02 -2.233444120737357319e-01 -1.470768311499934811e+00 -6.614803394259582969e-01 8.620617315048332814e-04 7.590745704653154013e-02 -3.494874409643849988e-01 -1.653240640814234135e-04 3.022894072177694791e-01 -1.675853305476760965e-02
-2.012160564148207931e-01 1.146177742806198802e-02 1.957222857492988549e-02 2.550010289511082245e-02 -6.558526386292240495e-02 3.014613061092669799e+00 1.292698120387780758e+00 -4.429213723938673318e-03 6.502861054549879949e-02 -1.672550748219261418e-01 -9.482955832881766970e-04 5.367748587022526108e-01 -1.116909512177216568e-02
-1.869418982879331725e-01 -5.156282396366428794e-02 3.159928079797043043e-01 4.546620125758971676e-01 3.375770037869338935e-01 4.410065043677036556e+00 5.184062183842964799e+00 1.144461264239184789e-02 7.590745704653154013e-02 8.713020786424741093e-02 -1.653240640814234135e-04 7.436737864826785671e-01 -2.582991592962907007e-02
-7.534393475044953714e-02 3.770044655000742706e-01 1.330171416804608597e-01 3.536827397098298298e-01 3.958750161095314635e-02 -4.740168953682438735e-01 1.711696130164173657e-01 7.211592278037042350e-03 3.239207104240056367e-02 -2.754844496374981855e-01 -2.255526424819429574e-04 3.505658236998691057e-01 -3.499292893453963271e-02
6.408061794451421801e-03 6.237007623762599318e-01 -8.655365787863135429e-02 1.012345575446613605e-01 -2.408732063193816386e-01 1.619161078508304819e+00 1.054798133975673124e+00 -6.545723906116078690e-03 1.139834198001460353e-01 -2.273825052750216846e-01 -1.369895632091813449e-03 3.367725618478407124e-01 -3.361847698380304728e-02
-1.467147253848868904e-01 3.553960307371966665e-01 8.593688596975346261e-03 7.598973932814451215e-02 -3.109883833019653210e-01 2.815262777866331501e+00 1.700526668522821527e+00 -1.607001972591439246e-02 3.587574660733826581e-01 -2.088817574433000368e-01 -1.249438475290774470e-03 7.091906318526076669e-01 -3.361847698380304728e-02
-1.207617106087277431e-01 -3.175509209769312308e-02 -7.191560457469185763e-02 7.598973932814451215e-02 -2.584020005650276008e-01 1.519485936895135891e+00 1.054798133975673124e+00 8.620617315048332814e-04 -6.551754746689400499e-02 -2.125819070096443553e-01 -5.869241128850601931e-04 4.609119185160961973e-01 -3.380173724390126561e-02
-7.404628401164162210e-02 -1.451993746028004129e-01 -2.800144466287338499e-02 1.012345575446613605e-01 -2.408732063193816386e-01 2.217211928187319270e+00 1.904440942590342134e+00 2.978571913682238545e-03 4.871034079394968158e-02 -1.034274948024862389e-01 -1.610809945693891842e-03 1.574601577714712930e-01 -3.618412062517800676e-02
-1.570959312953504883e-01 -3.715720078841255880e-02 1.513147083103851542e-01 4.546620125758971676e-01 -1.357004408455060873e-01 -8.228798910143368950e-01 3.580910309116451251e-01 2.308541864436756269e-02 4.599062916869149642e-02 -1.903810096115783057e-01 7.559024952065408406e-05 -1.184050792690967274e-01 -2.573828579957996437e-02
-8.183218844448937601e-02 -1.271923456337357983e-01 -2.434193133688859062e-02 2.527034668437624365e-01 -2.058156178280897974e-01 -3.743417537550748353e-01 7.149410105298059648e-01 4.036827004770941231e-03 8.406659192230604705e-02 -2.717843000711538393e-01 -4.062383776835015617e-04 1.160803722153860434e-01 -3.710042192566906372e-02
-1.246546628251517380e-01 3.535953278402902411e-01 4.934175270990393165e-03 1.264793757611782088e-01 -3.460459717932571899e-01 -9.723926034340892866e-01 -4.745589215307309261e-01 6.153337186948340531e-03 -6.551754746689400499e-02 -2.273825052750216846e-01 -1.008524161688696295e-03 -2.874887723091217387e-02 -1.529245097398192026e-02
-1.824730224289979746e-02 -1.776120267471167635e-01 -1.702290468491884229e-02 -7.547916997095655001e-02 3.901633865238716137e-01 -3.912809281022575636e+00 -1.324201730145400102e+00 -1.607001972591439246e-02 -1.770257241024795758e-01 -8.862689653710889570e-02 -1.189209896890254872e-03 -9.115176357607299718e-01 -1.071094447152663894e-02
-1.565200076528371759e-02 1.177032483455434514e-01 1.225320192296013889e-02 2.550010289511082245e-02 7.464509010224500141e-02 -4.959398267960849260e+00 -1.375180298662280087e+00 -1.289525445264828873e-02 -2.069425519803195779e-01 3.162796436908230091e-02 -1.309667053691294068e-03 -8.218614337225453870e-01 -1.987395747643720331e-02
-2.473555593693940735e-02 -4.744548644096168236e-03 1.225320192296013889e-02 2.274586486272455466e-01 -3.052767537163055336e-02 -5.706961830059617213e+00 -1.596087428902094096e+00 -9.720489179382179809e-03 -2.069425519803195779e-01 5.937908611666485592e-02 -1.791495680895449551e-03 -8.632412192786304006e-01 -1.712505357496403244e-02
-3.900971406382701401e-02 2.185426105723053958e-01 -2.384851380979353432e-03 1.012345575446613605e-01 1.097026785935368565e-01 -2.965895435697470273e+00 -1.409166011006867114e+00 -2.030304009026919626e-02 -2.042228403550614135e-01 -5.373531294361156944e-03 -1.068752740089215893e-03 -9.115176357607299718e-01 -1.345984837299980807e-02
-6.366507810117799648e-02 -1.974197586130878868e-01 -4.263949796681287124e-02 -1.007239881874733983e-01 -2.584020005650276008e-01 -1.470768311499934811e+00 -2.462723093689056508e+00 2.520192882654496980e-02 -9.271466371947587048e-02 3.625315132701271287e-02 -1.249438475290774470e-03 -7.597917553884174779e-01 -8.878341870544526754e-03
-5.198622145190646970e-02 2.226599480950078661e-02 -6.093706459673715187e-02 -5.023435175443971556e-02 -1.006428523542142461e-01 -3.364596002150145093e+00 -2.326780244310709289e+00 2.837669409981107699e-02 -1.770257241024795758e-01 1.888843209387167932e-01 -1.369895632091813449e-03 -7.115153389063180178e-01 -4.754986018334772177e-03
-9.740399731018467566e-02 4.292248495103617167e-01 6.348638848674836854e-02 7.598973932814451215e-02 -1.882868235824438630e-01 -4.560697701508174440e+00 -2.649644511584283713e+00 1.779414318892406227e-02 -2.151016868560940987e-01 -1.117528313267609902e-01 -1.249438475290774470e-03 -9.253108976127583096e-01 -2.464232767107131083e-03
-6.106977662356215947e-02 5.714803783659725411e-01 1.000815217465970963e-01 2.779482850602792432e-01 -6.558526386292240495e-02 -2.517357298438209323e+00 -2.428737381344469703e+00 2.837669409981107699e-02 -1.335103380983485855e-01 -5.373531294361156944e-03 -8.278384264871382599e-04 -6.356523987201618819e-01 -2.124840942717378528e-02
6.350469430200116061e-02 2.257454221599312638e-01 -6.459657792272210930e-02 2.552846785939760321e-04 -2.058156178280897974e-01 -3.364596002150145093e+00 -2.632651655411990088e+00 2.308541864436756269e-02 -1.933439938540286729e-01 5.937908611666485592e-02 -8.880670048876572074e-04 -5.459961966819771861e-01 -1.529245097398192026e-02
-2.084260372051564142e-02 1.123011396548240087e-01 8.910298176864238362e-02 2.274586486272455466e-01 2.205870736530722229e-02 1.240339543107684406e-01 -2.428737381344469703e+00 1.779414318892406227e-02 -2.123819752308359343e-01 -1.277383042704985025e-02 -4.062383776835015617e-04 -3.184073761235086120e-01 -1.437614967349086330e-02
-9.163747071244107700e-03 8.529059620122705909e-02 1.220386017025063274e-01 7.598973932814451215e-02 -6.558526386292240495e-02 -3.763296568602821690e+00 -2.598665943067403283e+00 1.779414318892406227e-02 -2.287002449823850592e-01 -4.237502695780461653e-02 -1.128981318489735274e-03 -2.080612813072812983e-01 -1.345984837299980807e-02
4.663523469749771000e-02 4.027302377856544630e-02 -6.044364706964145198e-03 2.550010289511082245e-02 -1.882868235824438630e-01 -4.461022559895005735e+00 -2.598665943067403283e+00 8.620617315048332814e-04 -2.586170728602250612e-01 5.012871220080395568e-02 -1.550581367293372244e-03 -9.771518649105394305e-02 3.033575035839207630e-03
6.739764651842493348e-02 1.501159004898597604e-01 1.293576283544760619e-01 2.022138304107287121e-01 -4.805646961727647049e-02 -3.713458997796237337e+00 -2.564680230722816923e+00 1.461937791565795335e-02 -2.830944774875486791e-01 -6.550096174745675959e-02 -4.062383776835015617e-04 -3.804770544576363545e-01 -2.079025877692825680e-02
8.037415390650437530e-02 4.706410161392104996e-01 -6.044364706964145198e-03 2.550010289511082245e-02 -1.357004408455060873e-01 -1.470768311499934811e+00 -2.088880257898602100e+00 1.144461264239184789e-02 -1.552680311004140945e-01 -6.087577478952626436e-02 -2.857812208824624741e-04 -3.873736853836506899e-01 -1.804135487545508940e-02
-9.740399731018467566e-02 2.779658061702187655e-01 -6.093706459673715187e-02 -5.023435175443971556e-02 2.148754440674123800e-01 -4.560697701508174440e+00 -2.122865970243188904e+00 -7.603978997204781376e-03 -1.226314915973159003e-01 2.915634714047724008e-01 -1.851724259295969149e-03 -4.218568400137215901e-01 9.905834789522130479e-03
2.068221992133879861e-02 2.221440163661183298e-01 -7.923463122666160596e-02 7.598973932814451215e-02 3.958750161095314635e-02 -3.962646851829159544e+00 -2.513701662205936938e+00 7.211592278037042350e-03 -7.911610559318493774e-02 -9.787727045296973349e-02 -2.152867151298567139e-03 -6.425490296461761064e-01 7.615081538294490686e-03
1.141130731155112904e-01 4.868473422113686611e-01 -4.995852461878261958e-02 2.550010289511082245e-02 -3.460459717932571899e-01 -6.554200533771553872e+00 -2.870551641824097278e+00 4.036827004770941231e-03 -2.477382263591923206e-01 -1.462390521022197999e-02 -2.273324308099605902e-03 -8.839311120566730740e-01 -3.041142243208435139e-02
-1.694965150409187549e-02 4.094171176443907600e-01 4.152930853083912355e-02 1.012345575446613605e-01 -2.408732063193816386e-01 -2.965895435697470273e+00 -2.343773100483002914e+00 1.144461264239184789e-02 -1.987834171045450016e-01 2.397613774759515815e-01 -2.514238621701683427e-03 -5.184096729779203994e-01 -1.116909512177216568e-02
4.144463174226602209e-02 1.627208207682050711e-01 4.934175270990393165e-03 1.012345575446613605e-01 -1.357004408455060873e-01 -1.819631307146026611e+00 -2.156851682587775709e+00 9.328102460214447722e-03 -9.271466371947587048e-02 3.109892566280801907e-01 -2.454010043301163829e-03 -6.839288152022612310e-01 -8.878341870544526754e-03
1.030101401087518860e-02 2.815672119640316717e-01 -2.384851380979353432e-03 1.012345575446613605e-01 2.324042383130583422e-01 -4.411184989088421382e+00 -1.086301743733292691e+00 -2.312703541761268380e-03 -1.226314915973159003e-01 4.016429210035166175e-01 -2.333552886500125500e-03 -8.839311120566730740e-01 -1.804135487545508940e-02
6.480234504080908953e-02 1.411123860053274670e-01 9.276249509462733411e-02 2.274586486272455466e-01 4.076921807695175759e-01 -4.461022559895005735e+00 -7.804303326320117806e-01 -1.501176463482568890e-02 -9.271466371947587048e-02 3.276399296766296931e-01 -2.213095729699086304e-03 -9.046210048347156363e-01 -2.262286137791037419e-02
-2.733085741455548376e-02 6.008075564453653483e-02 4.152930853083912355e-02 1.264793757611782088e-01 2.148754440674123800e-01 -4.062321993442329138e+00 -1.137280312250172676e+00 -1.289525445264828873e-02 -8.999495209421767838e-02 5.311481558255686242e-01 -2.875610092104800581e-03 -7.873782790924743757e-01 -2.445546397889248463e-02
1.419396622729895453e-02 -7.857336741726124452e-02 1.403361683324305942e-01 3.031931032767961054e-01 2.849906210499960624e-01 -4.740168953682438735e-01 -1.273223161628519895e+00 -1.077874427047088336e-02 -8.403603336472161706e-03 1.888843209387167932e-01 -2.092638572898047108e-03 -8.839311120566730740e-01 -2.949512113159329443e-02
2.976577509299448837e-02 1.735250381496437899e-01 -3.166095798885833895e-02 -5.023435175443971556e-02 -3.052767537163055336e-02 -2.467519727631624527e+00 -2.037901689381722115e+00 2.626018391763367335e-02 7.590745704653154013e-02 5.052471088611580896e-01 -2.393781464900644231e-03 -7.597917553884174779e-01 -6.587588619316884359e-03
-5.458152292952231366e-02 -1.884162441285555656e-01 -9.753219785658588659e-02 2.550010289511082245e-02 5.711629585659907388e-02 -4.062321993442329138e+00 -2.462723093689056508e+00 1.779414318892406227e-02 -5.191898934060313470e-02 2.351361905180210932e-01 -2.273324308099605902e-03 -7.322052316843605801e-01 -9.794643171035581977e-03
2.197987066014672405e-02 5.138578856649657078e-01 -1.702290468491884229e-02 1.264793757611782088e-01 -1.181716465998601806e-01 -2.766545152471131974e+00 -2.377758812827589718e+00 2.626018391763367335e-02 -1.112331496173034860e-02 2.628873122656037453e-01 -2.152867151298567139e-03 -7.804816481664601513e-01 -2.006082116861602604e-03
1.089224701602793804e-01 3.211826756959739737e-01 4.934175270990393165e-03 2.552846785939760321e-04 -1.882868235824438630e-01 -2.467519727631624527e+00 -2.037901689381722115e+00 1.250286773348054971e-02 -8.403603336472161706e-03 3.655664627316592141e-01 -2.333552886500125500e-03 -6.701355533502328932e-01 -2.445546397889248463e-02
-7.145098253402576427e-02 1.249060599331692500e-01 1.000815217465970963e-01 3.789275579263466365e-01 -4.805646961727647049e-02 -1.969144019565780335e+00 -2.462723093689056508e+00 2.837669409981107699e-02 -1.226314915973159003e-01 2.258858166021602554e-01 -1.731267102494930170e-03 -6.080658750161050952e-01 1.219658804074977114e-02
1.738050071006768948e-01 -1.181888311492034493e-01 1.220386017025063274e-01 2.779482850602792432e-01 -3.052767537163055336e-02 2.516237353026824053e+00 -1.222244593111639466e+00 1.779414318892406227e-02 3.016435219429607906e-01 7.346563819745074442e-01 -2.333552886500125500e-03 -4.494433637177784324e-01 -7.962040570053469796e-03
6.220704356319323169e-02 -1.199895340461099164e-01 1.000815217465970963e-01 1.517241939776950432e-01 -1.882868235824438630e-01 1.519485936895135891e+00 -1.579094572729800694e+00 1.673588809783535872e-02 1.901353453073752198e-01 6.190267080262465971e-01 -2.333552886500125500e-03 -5.735827203860340839e-01 -1.162724577201769416e-02
-8.312983918329730493e-02 2.689622916856864165e-01 4.934175270990393165e-03 7.598973932814451215e-02 -2.058156178280897974e-01 2.435881269759935033e-02 -1.884965983831081715e+00 1.461937791565795335e-02 -1.498286078498977103e-01 2.397613774759515815e-01 -2.393781464900644231e-03 -7.115153389063180178e-01 -2.079025877692825680e-02
8.945770907816007200e-02 1.663222265620179219e-01 6.348638848674836854e-02 2.550010289511082245e-02 1.272314728391827632e-01 -2.318007015211871025e+00 -2.496708806033643313e+00 1.461937791565795335e-02 -2.151016868560940987e-01 7.602975916521437227e-02 1.536167112013454026e-05 -5.459961966819771861e-01 -6.129437969071356747e-03
-1.954495298170771944e-02 1.681229294589244028e-01 7.812444179068785133e-02 1.264793757611782088e-01 1.097026785935368565e-01 -3.215083289730392924e+00 -2.428737381344469703e+00 2.520192882654496980e-02 -1.715863008519631916e-01 4.827863741763181726e-02 -5.266955344845407035e-04 -3.459938998275654543e-01 -1.620875227447297895e-02
-5.270794854820110183e-03 2.005355816032408089e-01 -6.044364706964145198e-03 -5.023435175443971556e-02 1.097026785935368565e-01 -4.510860130701589199e+00 -2.258808819621536124e+00 4.036827004770941231e-03 -1.770257241024795758e-01 2.052751567004926572e-02 -1.671038524094410572e-03 -5.942726131640766463e-01 -6.587588619316884359e-03
1.011365657274316127e-01 7.628708171669469629e-02 -2.434193133688859062e-02 1.264793757611782088e-01 -1.707580293367979563e-01 -4.710210413927927497e+00 -2.292794531966122484e+00 5.095082095859637845e-03 -1.525483194751558746e-01 4.182935940520661200e-01 -1.550581367293372244e-03 -6.425490296461761064e-01 -1.208539642226322437e-02
9.464831203339199583e-02 3.643995452217291264e-01 -3.897998464082808728e-02 1.517241939776950432e-01 -2.058156178280897974e-01 -5.059073409574018854e+00 -2.649644511584283713e+00 1.673588809783535872e-02 -1.199117799720577221e-01 1.444825261425847496e-01 -1.068752740089215893e-03 -5.942726131640766463e-01 -2.079025877692825680e-02
5.831409134676923678e-02 2.455531540259024426e-01 8.544346844265759966e-02 1.769690121942118777e-01 1.973466498217664455e-01 -2.965895435697470273e+00 -1.884965983831081715e+00 7.211592278037042350e-03 -3.560071958905402373e-02 5.200477071265354745e-01 -6.471526912855796827e-04 -7.253086007583464667e-01 -4.754986018334772177e-03
-2.343790519813148537e-02 1.861299584279891006e-01 -2.434193133688859062e-02 2.552846785939760321e-04 -2.058156178280897974e-01 -4.062321993442329138e+00 -2.326780244310709289e+00 4.036827004770941231e-03 -1.688665892267049995e-01 4.811961366799199502e-01 -1.430124210492332831e-03 -5.942726131640766463e-01 -5.671287318825828268e-03
7.518355095127268739e-02 4.387442957237837338e-02 1.183790883765213769e-01 2.527034668437624365e-01 9.217388434789092200e-02 -3.713458997796237337e+00 -2.020908833209428934e+00 2.978571913682238545e-03 -1.384302658698853550e-02 3.331901540261462125e-01 -1.309667053691294068e-03 -5.597894585340056350e-01 2.846711343660385447e-04
5.182583765272962689e-02 4.076164147474841126e-01 1.805908149182641198e-01 2.779482850602792432e-01 2.148754440674123800e-01 -1.570443453113103960e+00 -1.816994559141907883e+00 -9.720489179382179809e-03 -1.307906264730904211e-01 3.183895557607688276e-01 -1.731267102494930170e-03 -4.770298874218352192e-01 -1.071094447152663894e-02
-1.038922510042245145e-01 1.249060599331692500e-01 -1.702290468491884229e-02 -2.498953353792286725e-02 -6.558526386292240495e-02 -5.208586121993772799e+00 -2.615658799239696908e+00 4.036827004770941231e-03 -2.341396682329014156e-01 4.087833828494313176e-02 -1.791495680895449551e-03 -5.390995657559630727e-01 -2.170656007741931723e-02
-2.992615889217132771e-02 9.661074531155560904e-03 -3.166095798885833895e-02 2.552846785939760321e-04 -2.408732063193816386e-01 -4.510860130701589199e+00 -2.581673086895110547e+00 1.250286773348054971e-02 -2.586170728602250612e-01 4.478946980790815546e-01 -2.333552886500125500e-03 -6.770321842762472286e-01 -2.537176527938354159e-02
1.504472938021338135e-01 3.126950929403307655e-02 4.152930853083912355e-02 2.550010289511082245e-02 -1.532292350911520218e-01 -3.065570577310638978e+00 -2.258808819621536124e+00 8.269847369125745903e-03 -9.543437534473406259e-02 4.293940427510990476e-01 -2.032409994497527510e-03 -6.218591368681334330e-01 -7.962040570053469796e-03
9.205301055577615188e-02 5.966902189226630515e-01 3.055076855288458779e-02 5.074492111162765690e-02 -8.311405810856832554e-02 -3.065570577310638978e+00 -2.411744525172176523e+00 1.673588809783535872e-02 -1.443891845993813539e-01 2.443865644338819865e-01 -1.911952837696488747e-03 -6.011692440900907597e-01 -6.316301661250179255e-04
5.182583765272962689e-02 2.833679148609382081e-01 4.152930853083912355e-02 1.769690121942118777e-01 3.958750161095314635e-02 -2.467519727631624527e+00 -2.173844538760068890e+00 7.211592278037042350e-03 -4.919927771534494954e-02 2.073850687704385243e-01 -1.550581367293372244e-03 -7.253086007583464667e-01 2.846711343660385447e-04
3.495637804822617628e-02 3.499939220464773904e-01 -3.897998464082808728e-02 2.550010289511082245e-02 3.551057980325798002e-01 -3.514108714569899039e+00 -2.275801675793829748e+00 7.211592278037042350e-03 -6.551754746689400499e-02 4.756459123304033754e-01 -2.213095729699086304e-03 -7.253086007583464667e-01 8.073232188540018298e-03
2.197987066014672405e-02 4.567513246928479875e-02 1.274661945005600965e-03 2.550010289511082245e-02 3.551057980325798002e-01 -3.215083289730392924e+00 -2.292794531966122484e+00 1.779414318892406227e-02 -3.560071958905402373e-02 3.923925470876557520e-01 -2.152867151298567139e-03 -6.839288152022612310e-01 8.531382838785546777e-03
1.465543415857100407e-01 3.175812699021609564e-01 1.366766550064457963e-01 2.527034668437624365e-01 -6.558526386292240495e-02 -1.221580457467013270e+00 -2.156851682587775709e+00 2.096890846219016946e-02 -6.551754746689400499e-02 3.831421731717947754e-01 -2.092638572898047108e-03 -6.977220770542895689e-01 -1.712505357496403244e-02
