8.422233998405657118e+00 1.638455511097639761e+00 -5.673950312279697705e+00
1.180858359935592361e+01 1.819256096374493703e+00 -6.021294044135411028e+00
8.252529973800658780e+00 2.151122614376974607e+00 -6.619197057246640981e+00
8.800188024791975039e+00 1.736374845212802276e+00 -6.157232961635887847e+00
8.538609886990832010e+00 2.305808364291075829e+00 -6.161210565435722764e+00
1.398627893400963984e+01 1.469667826376622966e+00 -7.619213895500503320e+00
1.419909442177379155e+01 1.929923428898252968e+00 -7.861384605554352589e+00
1.410730936302721261e+01 1.991253469392671116e+00 -7.780642642251108576e+00
1.416379925931743422e+01 1.788441520398034834e+00 -8.069105357835619330e+00
1.354249678405802371e+01 2.188818118258799572e+00 -6.798897704610967985e+00
1.372075255255755444e+01 2.271970325711989869e+00 -5.397823302638472320e+00
1.204624355176157735e+01 2.630745222483291901e+00 -5.786356549529412696e+00
1.409557906644690739e+01 2.472226104232043031e+00 -4.514067169124287737e+00
1.438462717440266481e+01 2.572170940858547805e+00 -6.930969130225681063e+00
-2.599698201797543629e+00 1.817040304159167396e+00 2.895793170726116195e+00
2.850230833181382373e+00 -2.328266745688379880e-01 2.487200920820100691e+00
3.228531609071739084e+00 5.729362286733784976e-02 2.738318822883282433e+00
3.406816562787139624e+00 -6.681034967047287942e-01 4.690938799610065324e+00
-6.822513716635742576e+00 2.555267549094426993e+00 3.210413993860478765e+00
-4.678622826969156101e+00 -1.014221815900616219e+00 1.241738530968690313e+01
-3.115992554814342341e+00 -2.431048866281983134e+00 1.858566885212588060e+00
-2.742289321927577461e+00 2.229449560934083419e+00 2.368528572212779348e+00
-6.301128541200730737e+00 -1.191002404008118631e+00 2.096929396560643255e+00
-3.773197404341513295e+00 4.294394073188040117e+00 -2.450199828698108873e-02
3.285528477315202700e+00 9.114624678608713726e-01 4.133857259960949548e+00
1.212076499001333652e+01 5.609132684869109209e-01 -9.341000759954095400e+00
9.260241948164221526e+00 7.644525426236774279e-02 -1.066113142846585937e+01
9.234406993441098166e+00 5.202461542165872643e-01 -1.056446490368357338e+01
9.260027306180084850e+00 -3.767988541167356376e-01 -1.086211265349731647e+01
-6.822513716635742576e+00 2.555267549094426993e+00 3.210413993860478765e+00
-4.774381604331050077e+00 1.175003958842724128e+00 2.629405779805329857e+00
-2.673811683243888737e+00 2.860493198432415785e+00 4.102427306262230289e+00
4.979634915438016840e+00 3.550371105457390097e+00 4.295473235519190247e+00
4.194368019646654844e+00 -2.447414735979884792e+00 -2.854991895143632163e+00
5.177494145272233617e+00 -2.658643421631088355e+00 -1.944522109406086940e+00
4.917466354153285479e+00 -2.979173919380454283e+00 -1.078101823495331235e+00
4.055391938425542797e+00 -2.726064531195177665e+00 -2.344939890085930845e+00
1.180437156305202429e+01 2.192922976236441612e-01 -7.360082393182882932e+00
1.364986311789546214e+01 9.287987593032412392e-02 -7.233430061657371013e+00
1.210088767113858665e+01 -1.130026536087168632e+00 -5.886290979526906497e+00
9.357380051238086693e+00 -5.828703853120922318e-01 -6.890124014362296379e+00
1.306703280164004433e+01 -5.407413675915009321e-01 -8.084384722688092495e+00
1.370046879003113638e+01 -6.429687294858669189e-01 -7.400797779011779376e+00
1.362352078441787562e+01 -9.245601842687554139e-01 -7.796969262444604531e+00
5.973023933483857739e+00 2.898490722893328542e+00 3.005518277337690503e+00
-1.327090827186954369e+00 -3.505424354615023219e+00 5.064042409878891426e+00
4.713224069899091262e+00 -3.063991059196818245e+00 -2.115993933216834488e+00
5.147838881434332770e+00 -3.524070879122887412e+00 -7.657243589462765510e-01
-1.674602753752459261e+00 3.018422911819148347e+00 5.453787238504190782e+00
-5.448597994011821655e+00 2.804518761569616547e+00 3.502066548670059287e+00
-7.335186337053435146e+00 7.081061636885423172e-02 1.028810777155716316e+01
-8.074093808790840043e+00 4.062516731100137002e-01 4.478799807027345814e+00
-8.281666121033678607e+00 -1.251811524100852724e+00 9.497558548507518239e+00
-1.092718165123146079e+01 -1.826013702196966459e+00 7.826903122955611636e+00
-5.295707812013351834e+00 -1.127687787804954267e+00 1.112388021578271236e+01
-4.833977499045984949e+00 -3.415548785517541486e-02 1.189116549017168722e+01
-2.495851314631480022e+00 1.456121109628936150e+00 3.429041238325535534e+00
-6.154628875987747882e+00 -7.668175533415219070e-01 3.530214421560437188e+00
4.030101441143273122e-02 -6.558605019204931386e-02 1.534691418179309785e+01
-9.608378829950164901e-01 -3.245355035199779081e+00 4.747327250618297967e+00
-9.990857263497544549e-01 -2.717055208295804936e-01 5.308603524212407443e+00
1.204719484441977961e+01 7.615201923011943874e-02 -7.335336364119952712e+00
1.367444777482407048e+01 2.380385765239082796e-01 -7.107461056524110532e+00
9.024260041517278452e+00 -1.109268658154870080e+00 -7.065145238208230261e+00
1.209687964948768268e+01 -5.424326569282312827e-01 -5.900001110939795623e+00
8.423490995356386790e+00 1.665493410679774744e+00 -6.794782024016170929e+00
1.396789151674986584e+01 1.206457676916416810e+00 -8.066945474236852931e+00
1.216610234263176871e+01 -1.701275021031203760e+00 -6.775926245087207533e+00
1.235884568565642816e+01 -1.437623299226724383e+00 -6.862801896847483540e+00
1.363038781331079541e+01 4.780568551744877048e-01 -7.761325560920956157e+00
2.192441793171248654e-02 3.364303007660501610e+00 4.470538527538230333e+00
9.043773919320452492e+00 3.670445864239224032e-01 -6.669118530839884151e+00
9.911830943230762969e+00 -1.681543812806399085e+00 -5.263160953844452372e+00
9.678334173962497289e+00 -2.919850794326830368e+00 -6.486680353134739008e+00
9.385013503420468695e+00 -1.453765184649329578e+00 -6.747099797552997380e+00
-1.803157009914805320e+00 2.062925386683318152e+00 -6.288987033667529092e-01
-1.553223016905350917e+00 -2.738902785955986463e+00 3.843099898035743145e+00
-2.732237576720021988e+00 6.738126982472565363e-01 -3.499290476974495245e+00
-5.153141267645287904e+00 4.980831119852518474e-01 1.005919730583283744e+01
-1.662514935276918182e+00 -9.830322443773883978e-02 3.297620103262358882e+00
-7.635217733160948761e+00 -7.511470689069073003e-01 1.680840863737809165e+00
-2.347816915605008603e+00 2.244135010550979636e+00 2.103313740982317270e+00
-6.969503379573691149e+00 1.964756031638560829e+00 5.006126846380847262e+00
-6.915183661630830869e+00 -9.825072352464037095e-02 2.804744854725662595e+00
1.200386437890332303e+01 6.547706301763158709e-01 -7.538500924140246973e+00
9.439717267309864823e+00 1.680630869692443019e+00 -6.330069016697921214e+00
1.253585028535929702e+01 -4.366214170789785576e-01 -4.877436430837778225e+00
9.564530833287296474e+00 -1.773637306550104320e+00 -5.646467336995687702e+00
9.155845798006994940e+00 7.277842093846491611e-01 -6.392965599858838388e+00
1.396096275164224210e+01 6.464943261151384624e-01 -8.026912732531231498e+00
1.398378773522956031e+01 -8.414144447218179224e-01 -5.929010505095400063e+00
1.218251797261553371e+01 -1.074030010881434460e+00 -6.726017268746796063e+00
9.333097844718608371e+00 -2.073723384226832334e+00 -7.012619105232142047e+00
1.403163763482922377e+01 1.306534407834098577e+00 -8.207418761068844049e+00
1.410773423800949899e+01 1.419377405243074985e+00 -8.362387568131518734e+00
1.234115727452483746e+01 1.875450841694779269e+00 -6.501650309414295670e+00
4.039573067637413750e+00 -1.983823158616140558e+00 -1.867368209137328705e+00
5.625124353247740849e+00 -6.163595224613278578e-01 -8.285358225038985669e-01
5.026476226807996994e+00 -4.378714273627341003e-01 2.653639325065333843e+00
5.471696294347182743e+00 -2.092115001559441634e+00 9.019490620980546991e-01
2.567930849509362456e+00 -8.470952453494342560e-01 1.789197059955762947e+00
-4.638811457503236646e+00 -8.151568973631593273e-01 1.262278338438937020e+01
1.402647222437457231e+01 -2.470392966616155039e+00 -6.345298221396937777e+00
1.377051181720001516e+01 -1.058875365699853965e+00 -7.389396835640011929e+00
1.208949377444120543e+01 -7.786735104545525754e-01 -7.880395853560568931e+00
1.208331182586691810e+01 9.153483272396688297e-02 -8.225087868316711237e+00
5.225299956517096334e+00 8.606099630806277601e-01 3.667764153435892016e+00
-6.461790964316568298e-01 -2.828382873709340384e+00 5.079813880815874150e+00
-1.026825117099534168e+00 -3.611801133833884681e+00 5.249658071128880721e+00
-1.599394021529618737e+00 -3.413669580477450283e-01 4.059959285229215453e+00
3.123331285277610725e-01 3.146361263721672241e+00 6.004871527397115827e+00
-7.389293444043931736e-01 -2.596872314348250388e+00 5.065048281071090841e+00
2.277424977513101467e+00 3.209014265236917574e+00 2.683156793775415938e+00
-6.759139011014273279e+00 1.124378041921771487e+00 1.719420955085740221e+00
1.193377659303942018e+01 -6.925469183497833248e-01 -5.399667172037896812e+00
1.327210962782245041e+01 2.016480900900877504e+00 -8.407866689099718016e+00
-7.175020590518934149e+00 -1.294514720309321243e+00 1.087271149461663278e+01
-1.506098634869413200e+00 1.433169512027170800e+00 8.459621790505334360e+00
-1.379269918250358939e+00 2.637569057949984863e+00 2.205757184800350768e+00
-1.879193205525244270e+00 1.056769041309631563e+00 -7.596804718955030289e-01
9.212285903480308846e+00 2.187485105395999607e+00 -6.111596379313064986e+00
-3.218985349599500001e+00 2.931513869744464706e+00 -3.884224211614050182e-01
2.096258586542758984e+00 3.392017949305587532e+00 1.294691869995107103e+00
1.257690872027907680e+01 2.045584582344018187e+00 -6.346980625474571092e+00
2.266785593888291928e+00 -2.175919661639300173e+00 -1.374981858571066917e+00
4.661636691187601045e+00 -3.394741261800887089e-01 2.632520694305505060e+00
5.651900781217512382e+00 -1.244819424192710411e+00 -1.430637120958078379e+00
-8.335961688537024017e+00 -5.089327806819776701e-01 9.478183177692281802e+00
-3.327285387282324702e+00 -1.237581613388259782e+00 2.378460613329673734e+00
-8.277123418590731418e+00 -3.245522018989017154e-01 1.057069336414942917e+01
-3.900897191024824906e+00 -2.184660412457989143e+00 2.291647314767065069e+00
5.270118484472143372e+00 -4.425949748658808969e-01 -2.621527949137629321e+00
5.279652391220458263e+00 8.475262129577577908e-02 -2.611824400909323440e+00
3.763139777747234849e+00 -1.106485950031618426e+00 -3.289467786370202429e+00
8.712560837106485323e+00 -1.719023506000936674e+00 -6.528746423516722075e+00
1.217661651630793251e+01 -2.557623813627207809e+00 -6.734062906728559561e+00
9.162654906630338658e+00 -1.787739633725034860e+00 -7.889605653699368837e+00
9.229616952590390611e+00 -3.203939713423008762e+00 -7.365839387230721513e+00
9.309056523689903884e+00 -2.674687865115032093e+00 -6.967801637015983651e+00
-8.034635101937842805e+00 -4.776672549140772994e-01 2.327692802548382289e+00
-5.829686760610015561e+00 -7.143090468996630138e-01 7.224862711030868745e+00
-6.156162538239278170e+00 1.713229266788156124e+00 4.866290450574823012e+00
-8.683541486648438834e+00 -2.257452426133962575e+00 7.590223580109429768e+00
-8.647343003838395603e+00 -7.000488294296401959e-01 9.570968078225243758e+00
-7.120154936551110758e+00 7.986667716081921053e-01 4.949932111105730392e+00
-5.361592666395940121e+00 1.160071400512135975e+00 6.805707215615866446e+00
-2.486873904044764050e+00 1.226522722667900300e+00 6.462019908809821800e+00
-2.708811891918513570e+00 1.809242343503324468e+00 2.219099237959637705e+00
-6.522738800162275474e+00 1.161766647907709116e+00 1.191791616338247151e+00
-8.964402848926994238e+00 -6.308560327547330093e-01 6.321845716365274370e+00
3.705067318188231873e+00 -2.639406428115106173e+00 -1.935418351389504243e+00
4.782121594510349460e+00 -1.938486709339006131e+00 -2.597196649574087246e+00
5.872038820841928519e+00 1.958893144015380061e+00 -2.796994125315720447e-01
5.983544165672545212e+00 1.597341743458295049e+00 2.766030677636708290e-01
1.344370872183796806e+01 -4.226106383129624167e-01 -7.462261367931105838e+00
1.172672144553607509e+01 -2.088194897243184744e+00 -6.474918407386089036e+00
8.535538581886415344e+00 -2.446057801052549774e+00 -8.054531768242330969e+00
1.188921628167674704e+01 -2.172821116644837236e+00 -6.977219737616649375e+00
4.086647220889285670e+00 1.365175331755472676e+00 -3.074855469531987406e+00
5.237100169827313856e+00 5.851598564862133811e-01 -2.764412198685370470e+00
5.449649343005283697e+00 7.011337208546287725e-01 -2.465394865578856010e+00
3.853848924683902943e+00 8.931855445758901668e-01 -2.809355919056916839e+00
3.797921097957567493e+00 1.610916610810837701e+00 1.695386862234167458e+00
9.698529761843397878e+00 2.862581248641399068e+00 4.009730032777767406e+00
1.003120714228140464e+01 2.265543750390816236e+00 -4.630048685659399865e+00
-7.243377321633923671e+00 1.339174290471330853e+00 6.404505901784325772e+00
-2.151627368868539669e+00 -1.920500420369404493e+00 2.375921182253566410e+00
4.238579436979559745e+00 -3.719272474367850134e-01 2.399453424969526516e+00
-1.892273179175522291e+00 -3.180511838055264384e+00 3.723148473715865769e+00
-3.808920559856851629e+00 2.963506384885116862e+00 5.477725690412726944e-01
-5.291396509585004182e+00 9.798116577436730701e-01 8.214458522665049500e+00
-2.473336312100967938e+00 -9.432275142669382939e-01 3.442524676414644436e+00
2.429413444938195887e+00 1.208278372911662624e+00 2.119739915484558868e+00
-7.554457190029848945e+00 -9.501395427457506315e-01 5.034446541516120810e+00
4.007500895255815543e+00 -1.614795336835326500e+00 -7.161545885672166989e-01
-2.623761482629874742e+00 1.032876426248621859e+00 9.355237897209089937e-01
-3.340138576410760507e+00 -1.798752653231129317e+00 -2.988197134825834933e+00
-2.326025636307494704e+00 1.191856602917660712e+00 -1.955820927296326658e-02
-3.692941022694042452e+00 3.299926035622415377e+00 -8.592519443333040963e-01
-9.737536202692457010e+00 -2.030630885030259236e+00 7.597843097059260309e+00
-7.742925588123555691e+00 1.440023261272347921e-01 1.065266109298377978e-01
-2.514864744157419896e+00 -7.868072170742509419e-01 4.959880954140761133e+00
-4.145279157665140879e+00 1.392383888005064740e+00 1.075938810357075281e+00
-6.501509135812577611e+00 -2.098478903090456704e+00 3.023734670099672339e+00
-6.483296395659413847e+00 2.383592148309801928e+00 4.863052815923611938e+00
8.273366652759380102e+00 -1.143798116199302495e+00 -6.961834870522029206e+00
8.644589831765172150e+00 -8.726692674541133288e-01 -7.499442490936909955e+00
9.152117416006483097e+00 -1.415197929807979094e+00 -5.189454613228892121e+00
1.189689249374613134e+01 -7.290452136797832550e-01 -6.257434379347822428e+00
2.669502829168260316e+00 -2.899961220753514812e+00 -2.848736077488769780e+00
2.614774218954985852e+00 -3.118487427135206325e+00 -3.508518419556611700e+00
1.363954118918055736e+00 -1.086244326142982830e+00 -1.095999465116879623e+00
3.091291110614392768e+00 -1.131596707524746170e+00 -7.504897872467093389e-01
-6.209912750046389540e+00 -3.586698433585553958e-01 1.217498539340222052e+01
-4.177743850171502515e+00 -2.549720943805453607e-03 1.302029547343839511e+01
-7.528517794782517036e+00 -8.455388963390314538e-01 5.168512515188804279e+00
-9.750889050396981617e+00 -2.046065773496089868e+00 7.529682956038343811e+00
3.089762469542721490e+00 -1.878393975078025135e-01 -3.288225553720609984e+00
5.117414545305901008e+00 1.865919038822732468e+00 -8.632570164535250390e-01
4.564938562496775987e+00 -1.302830101917727301e+00 -3.232198118322533009e+00
5.418208354615380529e+00 -8.475128339889512752e-01 -3.708401252636132073e-01
-7.843409503447928088e+00 -1.529479377659358486e+00 4.531480793673082985e+00
-9.141320662454958779e+00 -2.794233276604216609e-01 7.215368673446373116e+00
-6.559495097556033549e+00 1.159023836065526059e+00 7.192487331224745262e+00
-3.845170864121616461e+00 1.735884265863878007e+00 5.215073092192206161e+00
-2.882119283062688719e+00 -2.690637553388130154e+00 -5.224658094105709694e+00
9.753526236986614251e+00 -2.221118064714688867e-01 -6.265617564985241472e+00
-2.598102966097483257e+00 2.168701022661873257e+00 -4.367066848165370274e+00
2.134034611389570291e+00 8.221576290179455349e-01 1.158599715426311016e+00
9.452298206125204771e-01 -5.944833229974815225e-01 -5.560561860990745231e+00
1.101525253065135601e+01 3.793833022646199704e-01 -8.530810002093835109e+00
1.241822158343132010e+01 1.178538915511693902e-01 -5.463882313407289359e+00
1.007638367463080620e+01 -1.625666412886154211e+00 -4.441808684062255708e+00
9.877989192872787427e+00 5.983124308036834316e-02 -5.631124099793338722e+00
-8.901378149504941106e+00 -1.752900399395670439e-01 8.885653777976603607e+00
-8.445107837522984440e+00 1.865184436131283929e+00 4.183635307910808621e+00
-1.131150891954194471e+01 -1.452585737161622426e+00 8.167096107250445769e+00
-3.085272022996627950e+00 1.490576949639409898e+00 3.064931801822467605e+00
-1.011911920088219929e+01 -6.415848681065913217e-01 6.631166208481943158e+00
8.315551614889985288e+00 2.436699537863845355e-01 -6.747723203376073897e+00
8.662581134219282220e+00 9.489553877463192677e-01 -1.328068977250378646e+00
8.935125712874008030e+00 -1.410328090066777840e+00 -6.773594510370053889e+00
9.161533438420974562e+00 -2.498440327793893356e+00 -6.043696866404002499e+00
4.855761758663894589e+00 -1.527640250792862142e+00 -2.862681648537497736e+00
2.988486401615095378e+00 -1.293752036288018603e+00 -3.172454237326673088e+00
3.482270577123323996e+00 -2.099403246664331424e-01 -3.062099247168720506e+00
4.797335657924637786e+00 5.067253704203437126e-01 -2.044778345978231382e+00
1.349626841986233217e+01 8.643545635594701571e-01 -7.200440760004711116e+00
1.135648871805656945e+01 5.942383304030565139e-01 -7.732305466915179615e+00
1.343349524033066622e+01 6.826867112069479049e-01 -7.717001781854895270e+00
1.155696535870258224e+01 -2.192493266572407062e+00 -6.228670891797961851e+00
-7.573023822532616300e+00 -3.132796532540990109e-01 4.695634712525878385e+00
-4.257590598776213930e+00 -9.865452654680231248e-01 3.035803540355254126e-01
-6.498665071595740805e+00 -2.635768972141796507e+00 3.095212045942164369e+00
-4.495307481216292089e+00 -7.775138100747648329e-01 2.601059538412412928e-03
-7.538494381453748616e+00 -2.982478865591785544e-01 8.131292688106817934e+00
-1.129593160075673275e+01 1.942377304642983471e-01 1.317476395274178591e+00
-7.467942090232261521e+00 -6.455463875692272202e-01 7.471410931768565966e+00
-8.372601777389373723e+00 1.317255604771665256e+00 3.800098870473574308e+00
2.112707693755292215e+00 1.342822450309524518e+00 2.394256358753158231e+00
-2.132154290381486295e+00 3.729092299724855231e+00 2.526043915424425190e-01
-7.041452586584405759e-01 3.199271317011502358e+00 6.213422119203418914e-01
-1.220248993461857090e+01 -7.198034833155326773e-01 9.280813618437864676e+00
-1.214988149096534364e+01 -1.427544127419133613e+00 3.352497155598026080e+00
-8.783148925566520049e+00 -1.131969153008508977e+00 9.986333130565485661e+00
-1.211826414521720885e+01 1.943552719001099063e-02 7.470763668218392439e+00
-1.173781016262223176e+01 -1.830275806020601692e+00 5.860037388127080860e+00
8.715308886346491590e+00 -2.425995477961450764e+00 -1.057472820132620228e+00
8.175979783427809622e+00 2.460714035689125778e-01 -6.164146451314223008e+00
8.065124341624731130e+00 9.809588314977620849e-01 -6.090175169781103293e+00
3.479515124044115559e+00 5.667297838951360633e-01 -2.903513278990662805e+00
2.191212078584351186e+00 -6.298001419395290457e-01 -1.733295408229291290e+00
2.675685509971184928e+00 -2.227766786208737582e+00 6.694582876482579881e-01
-4.316866022169550732e+00 -2.731398769529313486e-01 3.243076411020843208e-01
3.010649378566370604e+00 -9.702245452262207026e-01 -2.862525279253129273e+00
3.815726559012802444e+00 -1.406278317912980302e+00 -8.116595488720208529e-01
2.938239990425666193e+00 -2.301419686583968449e+00 -3.283471136232486653e+00
2.359524106031576807e+00 -1.977602846072847198e+00 -7.688805850612983050e-01
3.609055481848836067e+00 4.083615256018372497e-01 -3.183103921425984417e+00
4.649802775319151316e+00 -2.311607825358141799e+00 -3.706229770020910586e+00
8.159214314315411443e+00 1.230354372139534247e+00 -6.140784721005759117e+00
2.769780810369300017e+00 1.144912746632625877e+00 -9.093772064153007761e+00
8.345640904166433671e+00 2.271021122746582854e+00 -5.832885930992058654e+00
8.378414128505683678e+00 -1.292822083898558017e+00 -6.563737347586686255e+00
-7.490043161675597361e+00 4.505694090935588036e-01 7.398287286988457723e+00
-5.193763806173859798e+00 2.355155840960213798e+00 4.459480115511402221e-01
-5.712556908321547056e+00 2.186352370328241257e+00 1.742859423817803677e+00
-8.635717096024386308e+00 1.343738192225564010e+00 4.082140265761353248e+00
-1.577242210834193470e+00 1.832372949774497606e+00 2.521295529547282310e+00
-4.500432812202829425e+00 -1.257023770380996108e-01 -1.930443255117459955e+00
-4.856735706190274726e+00 -1.249250435832948813e+00 -3.431474798125255354e+00
-2.572852344014847858e+00 2.001070050215235874e+00 2.709266696149373654e+00
-1.515328119743901469e+00 6.648146316273924328e-03 -2.183401175462186816e-01
2.130929827661079745e+00 3.288934751969541104e+00 6.558264284819284029e-01
-2.411117025444147632e+00 9.747137115358280868e-01 -1.080259053795118218e+00
7.543588849197344626e-01 -1.938316699201873883e+00 -6.482479276468207097e+00
-9.540625235000568694e+00 -4.671497101207202074e-01 4.697133810918426633e+00
-7.237087832667049803e+00 3.481412970778233751e-01 7.658383065548872715e+00
2.542745447097091827e+00 -2.636258979598338215e+00 -4.200333553857719338e+00
2.448621892971817093e+00 -6.706600073830806252e-01 -6.244170161611909409e-01
-2.944376007052018185e+00 -1.528794341785612465e+00 -2.603019495283327878e+00
3.444772723206917853e+00 -4.242615544898309388e-01 -1.337331381518752194e+00
2.872436801520031668e+00 -1.684017010546914106e+00 -3.418431793585243739e+00
8.819279114687025967e+00 -1.654681262504136496e+00 -4.771361029473298210e+00
8.519332196160576132e+00 -4.532497550141243448e-01 -5.484856861856052923e+00
1.174786874725214325e+01 -6.879411010891802736e-01 -4.794889394784552117e+00
8.525029656099498254e+00 -1.658904917890923647e+00 -5.085173659844564931e+00
1.136865050098995056e+01 -2.482188547265420819e+00 -6.427455411121584916e+00
1.191551794715380908e+01 -1.626741585925046918e+00 -4.923829848118416841e+00
8.286207787486361553e+00 -1.746734110386078287e+00 -3.390706860900686070e+00
1.136692460808335170e+01 -8.118760052423634743e-02 -5.600500806322340708e+00
-9.823464515970089295e+00 -9.605879492975525347e-01 3.941804936034310369e+00
-1.072146555079653751e+01 -9.004433286101356515e-01 4.722047290249264506e+00
-1.220358251310412356e+01 -4.242463655692400581e-01 2.462160393724586616e+00
-5.981666613287514700e+00 -2.617673913528893725e-02 5.230702478555611379e-02
5.344385944098392072e-01 1.570346241315339730e+00 -2.889236847553930954e+00
1.184610818355197637e+01 -2.070737448528848501e-01 -6.038733296181845178e-01
-6.200942861329712841e+00 2.648832805963840631e+00 -5.790313183413172915e+00
9.007630764968986625e+00 2.323001373095620270e+00 8.206672034420851025e-01
-1.146792010874717604e+01 5.535496586511967632e-01 2.209324278439716682e+00
-1.131157049516895619e+01 6.255019994179115139e-01 3.583987561547256284e+00
-8.626587165200087171e+00 -3.376705965008438004e-01 9.553392004634682522e+00
-1.260583358778133878e+01 3.457697718464985415e-01 2.914500699991409594e+00
-5.241817256010243398e+00 -8.828617743613951241e-01 1.119470473941178990e-01
1.342656233853922076e+00 4.344552350690351616e+00 1.676341998042387260e+00
1.460933167919210574e+00 3.703167288244396005e+00 1.451582443229292085e+00
-1.031745521969424928e+01 3.290349804771818931e+00 -1.859254562033527680e+00
-1.346763166368233833e+01 1.079061705526435322e+00 2.173102510223301920e+00
-1.179628639394240963e+01 -8.824934949466760603e-01 7.962182180992710911e+00
-9.890248126403257345e+00 5.436615085730199803e-01 4.975638344653860123e+00
-1.213463969757881600e+01 -5.249707844462589978e-01 5.348915937721247182e+00
-5.118124447378686881e+00 -1.356457474771261662e+00 2.843043997228338893e-01
-5.577979885210238464e+00 -9.449373829763163535e-01 -3.850420446697546240e+00
-5.207110112522990164e+00 7.832277502834318339e-01 -4.739916306279249092e+00
3.732101693259060937e+00 7.287273960188273003e-02 -1.570405205853770081e+00
-1.103851580795081588e+01 1.625600545889316573e+00 4.229421731677639684e+00
-5.725849887689913764e+00 -2.872331542117387282e-01 -4.424302670713436414e-01
-9.729515295537483510e+00 -2.591725213491992363e+00 -1.884984381872439052e-01
-1.308988187917204549e+01 1.443634161521197612e+00 -2.259811732299540132e+00
-1.025224770111582551e+01 1.637707078895223489e+00 3.954592004876403610e+00
-1.285007872054168843e+01 -4.581564006147988144e-02 6.546206207856194226e+00
-5.433755963934345345e+00 1.911846005373601720e+00 -1.602742965304278400e+00
-1.224704096025469724e+01 -8.183574877029217709e-02 7.850394766423102411e+00
-1.224029186074949926e+01 -5.955543558830830309e-01 9.367633894710179376e+00
-1.211436230531382918e+01 -1.675143651499682029e-01 9.824317716299725944e+00
-1.423780400480824504e+01 1.564064116806111349e+00 -8.797693790570013661e+00
-6.730645972223054052e+00 2.121549296764452031e+00 -5.910384937035283670e+00
-1.362235075870867007e+01 -1.423361593337459041e+00 2.335615418412928523e+00
-1.013136326966143486e+01 2.150767271231023570e-01 7.870171521092457212e+00
-7.598860329628315036e+00 -1.458887371424757662e+00 6.455344454645130625e+00
-9.750527503690030739e-01 2.326266464201057094e+00 -9.437607878990199595e+00
-4.177831065499654772e-01 4.052522541739906003e+00 1.981576816565350674e+00
-1.271841975963417859e+01 8.087668845198984213e-01 -2.406680996436894038e+00
-9.838993914545973496e+00 1.246851919081959137e+00 6.396195782852053924e+00
-4.902344990517366163e+00 -2.651888852381310557e-01 1.314640599624611106e+00
-4.673419521419111433e+00 -1.306679460601769760e+00 9.397159209496561694e-01
-4.536996132478692267e+00 1.965064090666329699e+00 6.170529163106774906e-01
1.828905486299056138e+00 3.815389145423547124e+00 1.787312279068911547e+00
-5.056437268846730504e+00 3.928349703625380496e+00 3.064492447340592562e+00
-1.238034321049197217e+01 -1.992726593223230980e+00 5.958915753594763665e+00
-1.248700470440943455e+01 -1.342547975935631133e+00 5.256960513355529052e+00
-1.132616595303695384e+01 -1.990827187855610747e+00 5.896918517897754342e+00
-9.358861018407086618e+00 -8.587350632873395895e-02 8.032257244169830557e+00
-1.149130909010899160e+01 -4.985687281852179686e-01 8.425095862066218189e+00
-1.203412087429371979e+01 -3.780729474570532767e-01 6.358392639213825248e+00
-1.062283274150169099e+01 -6.856431223380325957e-01 5.539640877569476096e+00
-1.133766220715956763e+01 2.733406492182363090e-01 3.816839721536089414e+00
-1.081455154338869562e+01 -3.506927324364466081e-01 5.711628212380783332e+00
-6.662528845723744375e+00 5.490135647973931610e-01 1.143722296346905942e+01
-1.076329848142742662e+01 8.704596393397349141e-01 2.948844801288294626e+00
-1.115084895394281972e+01 1.146531900419930583e+00 2.856110025143459907e+00
-1.083027302948389092e+01 -1.539161767763521649e+00 1.323766766143281481e+00
-1.183012275325983431e+01 1.680428800852040938e+00 -3.131093717285072131e+00
-9.749311641832765218e+00 -3.126515825730522558e+00 -6.918644712928991025e-02
-6.397039161087079151e+00 1.486349949375258994e+00 -5.696499737962241738e+00
4.631343729410320464e-01 1.428827757483216221e+00 -2.310520992965030551e+00
1.501505846308948344e+00 3.669440595107447134e+00 1.069777035588042935e+00
1.584054477242853531e+00 3.128971315275362208e+00 8.200773156825907906e-01
2.468332013943458136e+00 -2.162775602269207287e+00 -3.948920731245566085e+00
1.208387259026350513e+01 7.740847983125777043e-01 7.325423085184635807e-01
2.378908870512893348e+00 -1.600576512541840302e+00 -8.641790287564725670e-01
4.282211716929113621e+00 -2.040087244967819569e+00 -1.133299212952166624e+00
-5.783262606750418477e+00 -3.801020147894564438e+00 2.204085237003644782e+00
-5.951663589362400586e+00 -3.687155490211681208e+00 1.630292485153005178e+00
-1.194512042942299779e+01 -2.349360351119778034e+00 -2.835223312589099098e-01
-9.811916651139480194e+00 -1.038768352373426351e+00 -1.243987126022171763e+00
-5.340813931956672533e+00 -6.592523256532708542e-01 1.019104147728391530e+00
-5.606127343985352063e+00 -1.260811258919247058e+00 -3.338477238729029573e+00
-4.439704888051437592e+00 -1.403341397603559138e+00 -1.693560346491779223e+00
-1.188648654308570052e+01 -1.896431641018467562e-01 3.947184360743371645e+00
-1.165672288775463983e+01 -2.949833347652577875e-01 7.387012975022960504e+00
-8.563828244760843589e+00 -4.189557500113506028e-01 8.239998831682605385e+00
-1.259096307670957948e+01 1.298551678508900499e-02 3.203392399048321959e+00
-1.152191711755349068e+01 3.640152454117012160e-01 6.419958639080514118e+00
-1.232341009267194032e+01 2.511667635429353673e+00 6.117265285728710200e-01
-1.212882045380707474e+01 1.188970358441860053e+00 2.559986506070283774e+00
-1.066856150205070186e+01 9.600765464963131324e-01 6.117662226411604287e+00
-1.263024589055047286e+01 -8.241722184991934208e-01 3.584549483267783554e+00
-9.554846307080332224e+00 -7.956616733943592257e-01 5.741562138285029704e+00
-1.235189236603172347e+01 -7.306904887121430381e-01 5.003103770602889355e+00
1.448023874795363541e+00 3.375385992219713249e-01 5.911650499544554016e-01
4.296347138211466521e-01 -1.691465853743309156e+00 -1.519230628216204915e+00
-4.553411144354084783e+00 1.859865467042645104e+00 7.668761131200417802e-01
3.681051646173912228e+00 1.970416656268128008e+00 2.023725499148381513e+00
-1.031789951228245350e+01 2.556554046206744868e+00 -2.351350593111936504e+00
-1.241705762320912321e+01 3.817609652232823780e+00 -2.916829361652520936e-01
-5.764779823093574507e+00 -1.523945194992383900e+00 -4.156452848772032915e+00
-5.083011374970767271e+00 -7.034099781590471556e-01 -2.932311339058558675e-01
-1.213802875430715744e+01 -1.347931761901579040e-01 9.857291844380005941e+00
-9.653131441769405185e+00 4.196564767502707127e+00 9.438614225252454082e-01
-5.620600954808067762e+00 -3.335881710273029821e+00 1.955865037690925012e+00
-9.612905449771858457e+00 -3.924121451748125544e+00 1.651484933369622154e-01
