1.254863500125005804e-01 -4.394185718840692978e-01 2.622554232371959726e-02
4.277487729967120039e-02 -5.628275457561628947e-01 2.955922637335336653e-02
6.153020722562308614e-02 -4.884463426984864132e-01 7.517512299827586175e-02
7.652003191791281744e-02 -4.703801062293422874e-01 4.411621676655474306e-02
7.117744965249141187e-02 -4.597396053826857121e-01 7.562549756280412261e-02
-6.436471231614331046e-02 -7.188190194194215010e-01 2.261892732641253984e-02
-1.303736982990384707e-01 -7.904958512306792251e-01 6.861377994331502306e-02
-1.337780524330291765e-01 -7.687504667133285841e-01 8.019862980287215115e-02
-1.479910864390991954e-01 -7.877846505033343494e-01 4.079942793428098513e-02
-5.556136995312072752e-02 -6.594055030334848855e-01 1.288290877385190047e-01
6.012554829451281779e-02 -6.159373737572183538e-01 9.663029105048169531e-02
-6.518841640804356671e-03 -5.688456682393852049e-01 1.467982215323516970e-01
1.114371954381149082e-01 -6.323934878560425465e-01 9.146948697712364851e-02
2.459718334365566111e-03 -7.783229179541841791e-01 2.726269372507120758e-01
-8.259393045838088476e-02 1.492604415940216867e-01 3.659278611780415053e-02
1.016006318818702125e-01 -8.733900517345728753e-02 -7.502178513534778041e-03
1.288426334364303483e-01 -1.161746081549494408e-01 7.339811159480753161e-03
1.607845935903172152e-01 -6.886866565551588715e-02 5.003415966417644467e-03
-8.535053868774543362e-02 2.033901894026734491e-01 7.895062230211512266e-02
1.823245412655047915e-01 2.900805283011073099e-01 -1.224314172807896006e-01
-5.409711889430609405e-02 1.809615832442030281e-01 -7.017886743126301730e-02
-8.760714562180990650e-02 1.515412145601450489e-01 4.937521896889460193e-02
-3.921289042685676546e-02 1.948117698298513778e-01 -4.593861930538062355e-02
-1.805358205232728275e-01 1.331337125484420014e-01 1.282449314387659189e-01
1.244789203999324828e-01 -8.418704701167535609e-02 2.639825717151230919e-02
-2.005094562557371840e-01 -6.678613695300816833e-01 3.468934488629543678e-02
-1.738925670572416815e-01 -5.710835356814314423e-01 -9.744149036136576930e-03
-1.987707314700313532e-01 -5.964206996053524890e-01 5.944852949716781382e-02
-4.503658346971348841e-02 -5.001142720669543573e-01 -3.456634249640476719e-01
-8.335000771421352539e-02 2.041665257586190163e-01 7.855505148633599999e-02
-6.683768275056940766e-02 1.782604092773766580e-01 2.446437695565521070e-02
-9.371768842658408094e-02 1.528928650243190912e-01 8.485179594040398454e-02
9.892532626771251281e-02 -1.550667313546311155e-01 8.414757423149298032e-02
7.631577083797685956e-02 -1.902200984330122135e-01 -7.408284470961960799e-02
1.236411767169625919e-01 -2.047170586813781556e-01 -5.469324934978257030e-02
1.478094016464701621e-01 -1.766065961321882372e-01 -6.755521149876642095e-02
1.005649407427115088e-01 -1.737672639853477530e-01 -5.952777505954991166e-02
4.611452659112518296e-03 -5.694186475903643130e-01 -3.365559271903301175e-02
-7.556713937133530123e-03 -6.520789830133536524e-01 -6.215360636341359796e-02
7.420628962888808910e-02 -5.469252893844959162e-01 -8.189861887732564905e-02
4.286181768006548654e-02 -5.056787149862815856e-01 -6.312398075577158041e-02
-1.149601058946509852e-01 -6.416221985128345295e-01 -7.871258064287005307e-02
-1.692649674967282303e-02 -6.515906373409469099e-01 -1.112615245510712447e-01
-9.863432073171750358e-02 -6.521684683278278216e-01 -1.320972491986743824e-01
9.496464151023281675e-02 -2.132600328620827268e-01 3.436090937797186412e-02
1.045936491885852831e-01 1.567197427836981294e-01 -7.789051222248828676e-02
1.032793043334972322e-01 -1.890346625080688292e-01 -4.060157871527888401e-02
1.399872843160039904e-01 -1.852253254656378856e-01 -8.490865214352806556e-03
-3.537525872221671669e-02 1.401105441418531716e-01 8.570750087263503958e-02
-9.709812882584990812e-02 1.925101626946369437e-01 9.082514988467592365e-02
3.726971496224538993e-02 3.096774779929867827e-01 -6.779055115483509364e-02
-7.793912043521318556e-02 2.549963860828519668e-01 8.016190707075210309e-02
5.898554218764903018e-02 3.333111274945751989e-01 -2.865330664010025744e-02
3.035245070656472643e-03 3.746000550274524166e-01 1.535361246483540019e-02
1.134164906742476525e-01 2.769344422347697621e-01 -5.365971194118005633e-02
1.194212383278905332e-01 2.642227351993686746e-01 -9.607216250396155566e-02
-5.596363118518696972e-02 1.477320324325896994e-01 3.401242548753852235e-02
2.083766612670689966e-02 2.045380236652203920e-01 3.026323958302231006e-03
2.241722202775056350e-01 2.621689056236100601e-01 -2.044692585597282231e-01
9.419680011583425605e-02 1.366271032019031884e-01 -1.050567773518677611e-01
3.873094640484592982e-02 1.332004481235606330e-01 1.612692816199156123e-02
-3.103563409163376079e-04 -5.781517069027020117e-01 -4.986888223440235496e-02
1.468503305274176420e-02 -6.501964691829964504e-01 -5.378386959684357954e-02
4.362373313866966390e-02 -4.964357785129498990e-01 -8.027670525100980004e-02
7.263598067783808010e-02 -5.481227008983043936e-01 -6.537495445982337283e-02
3.375087631344957095e-02 -4.790655144487363515e-01 2.581141654605785540e-02
-1.094541169067557579e-01 -7.375601882126219255e-01 -2.301306488274702799e-02
3.382226504493581615e-02 -5.597999675889592242e-01 -1.203164633718506460e-01
2.904966947684879328e-02 -5.703830665942667411e-01 -1.125284688936487865e-01
-4.394284023869089728e-02 -6.618618837765106733e-01 -4.727086637534569369e-02
-2.970701241066087128e-01 2.652455412978859117e-01 2.449628499831712353e-02
3.854428007205955298e-02 -4.883719973883563492e-01 -2.294798043404243718e-02
1.317119345745489389e-01 -4.749757239024384181e-01 -1.029725892921529162e-01
1.004225823019588987e-01 -4.636027443407438886e-01 -1.691181309791286724e-01
6.772407729364804396e-02 -4.980574770252546579e-01 -8.967161404353127252e-02
-1.948646087396752880e-01 7.177230690785665890e-02 -3.698186096935443534e-02
4.479033925132233640e-02 1.607821209213426694e-01 -5.626551164668394667e-02
-1.571593217010784291e-02 1.481782009234903497e-01 -1.785311021560633538e-01
4.526698078525287494e-02 2.379850625645457685e-01 -3.356125538145380421e-02
-7.658988474724234136e-03 1.388410441101384785e-01 1.152823346517962283e-02
-6.844045218891200988e-02 2.272466585611209733e-01 -1.781761527635866704e-02
-9.601777050964370452e-02 1.259116102075142907e-01 3.075052930320457470e-02
-6.427692991986407034e-02 2.191855670913999410e-01 5.714638181750753693e-02
-3.545459959514046799e-02 2.217526110001455386e-01 2.034158188585818983e-02
5.452108722545602124e-04 -5.760969039964354277e-01 -3.122567926662987714e-02
5.362449891414195619e-02 -4.958607124247490505e-01 2.768527572151731689e-02
1.243864237760347741e-01 -5.441390751606506315e-01 -5.323153863404744834e-02
1.116067726389682047e-01 -4.666092518522362287e-01 -9.662841095716614981e-02
7.072124078816591219e-02 -5.010641600531676731e-01 -9.602745952778202893e-03
-1.167829917799469708e-01 -7.188743083006987611e-01 -7.901010031805240363e-02
9.637121790195662951e-02 -6.360544624459453233e-01 -9.548898101675293293e-02
3.473813837771672769e-02 -5.670351288068193885e-01 -8.578138444361325943e-02
5.466845791534382520e-02 -4.943589021459969257e-01 -1.203030902499232641e-01
-1.536790360386801058e-01 -7.451607472330508131e-01 -1.936901544924363866e-02
-1.994617843542846602e-01 -7.876607079756809959e-01 -1.350892242010247324e-02
4.504777789555236903e-03 -6.039831159280056871e-01 3.798182429671873722e-02
1.163418532472686728e-01 -1.581409619633837305e-01 -6.024929636344431017e-02
1.863385515109399759e-01 -1.856778514980509665e-01 -1.192457585222223143e-01
1.448921305115054570e-01 -1.534892938767992154e-01 -2.419365461494302552e-02
1.948093106950971876e-01 -1.593932187498543762e-01 -5.394080460028732871e-02
9.231796611115340723e-02 -7.586026019105851503e-02 -3.090759391896833255e-02
1.817481167961134958e-01 2.928294209067608400e-01 -1.459179508039856465e-01
6.955486412972120003e-02 -6.331750742788009312e-01 -2.038566954823441690e-01
-1.569253757044554790e-02 -6.464940708712340056e-01 -1.448866299406406932e-01
-4.060524091481923503e-02 -5.872571354556417322e-01 -1.073023269472076630e-01
-7.519528748991911871e-02 -5.943904305250687914e-01 -5.143399440036869330e-02
1.382124123665321169e-01 -1.569429609273052528e-01 1.595364267999385341e-02
9.958018563463090500e-02 1.642240251853861188e-01 -6.318961789055425882e-02
1.286749999319519444e-01 1.520667191871381829e-01 -8.845992106974683022e-02
-2.892264459237223195e-02 1.498186785595783665e-01 -5.352577793413554764e-04
-2.770481286930275844e-01 3.082931891073426023e-01 6.205879645468830724e-02
1.051947807020427311e-01 1.262603129855509876e-01 -4.668095087232714685e-02
3.336363058949825405e-02 -5.963275329265985136e-02 8.256793206616648562e-02
-6.999878939310333337e-02 1.954896001221611002e-01 3.340410769434729726e-02
9.969763951997757945e-02 -5.364557399117675374e-01 -6.539143811118050542e-02
-2.306540595347372491e-01 -7.016482103509055213e-01 1.295581182207562188e-01
1.178354089832397700e-01 3.309078347381158025e-01 -5.848282364300656094e-02
9.420264186771793585e-03 1.768584350334533040e-01 4.640176529728054500e-02
-8.085008900568808887e-02 1.105545447314066065e-01 4.113299427965913524e-02
-1.674655798627033843e-01 7.944226820710266479e-02 -4.819634004432108570e-02
7.902437482364339794e-02 -5.060424770892597568e-01 7.636379464336777445e-02
-1.792089355904787074e-01 1.083299408242341666e-01 3.088038911624054958e-02
-5.583907286383198165e-02 -1.004932392319567852e-01 4.708609334878501029e-02
1.674182591583225910e-02 -6.100235506083382386e-01 7.431476137921541603e-02
1.047302759243309150e-01 -1.033710046444492464e-01 -6.293724003451632576e-02
1.375133751205581678e-01 -1.462445769168062848e-01 -2.233389718644993374e-02
1.701771621325128825e-01 -2.074109475097402622e-01 -9.469261762039113406e-02
4.071776712399534370e-02 3.268438889325399055e-01 -4.477431959204288686e-02
-2.628854796143456976e-02 1.826865258041230344e-01 -1.768953871266359945e-02
8.726003718643202123e-02 3.594490927761699317e-01 -9.300660860897891347e-02
1.086845931102343142e-02 1.619862850679466559e-01 -4.144889694400735042e-02
1.063872100292492795e-01 -2.043769755783468312e-01 -1.659936077527623677e-01
1.209233161278207846e-01 -2.168112891321708757e-01 -1.632305179128498152e-01
6.052521961617550461e-02 -1.708512468286270125e-01 -1.274731925190021042e-01
6.577617032722961332e-02 -4.629100220979048275e-01 -9.893655417451774348e-02
4.194802818857881060e-02 -5.484563138677432947e-01 -1.759440949636195406e-01
9.392948832560948924e-03 -5.075332917423003298e-01 -1.206705448060447355e-01
5.707474577445560693e-02 -4.649919045280607732e-01 -2.192469515451410111e-01
6.152090378350062727e-02 -4.725899383229743012e-01 -1.491940690810331649e-01
-5.911174252740827167e-02 2.375465986804402574e-01 4.017608008840684031e-03
1.782505789370350188e-02 2.358858298080149241e-01 7.221628088463855066e-02
-6.353954044815791902e-02 1.924919317304567556e-01 6.320062887240621152e-02
6.121939971610634162e-02 3.268387868380345784e-01 5.453429788700293185e-02
3.797274365413317448e-02 3.391376603288605573e-01 -4.692166341798559986e-02
-5.689217570441430782e-02 2.313081978251003978e-01 7.951030151275539914e-02
8.731225612296977454e-03 1.974191666557775227e-01 5.950604090921835648e-02
-4.716016143605285260e-02 1.776677195469346382e-01 8.932156586635198181e-02
-9.758335098685110010e-02 1.333098922611719583e-01 2.200677856440514876e-02
-8.805443624395514757e-02 1.788826724385740030e-01 1.816613597751919745e-02
-3.141846268877097198e-02 2.955848437147546304e-01 4.533986771932224658e-02
1.109058372925961627e-01 -1.479972286263746273e-01 -7.054268422008731776e-02
1.005636638575636843e-01 -1.976891827054045037e-01 -8.961344936483688073e-02
1.093080488441531273e-01 -2.134260646941296968e-01 2.259093378754494508e-01
3.017070366774862733e-01 -1.509057444015962091e-01 -1.564641165957819380e-01
-3.347926590362360066e-02 -6.348665540731279755e-01 -9.227038207166714245e-02
7.591737762686370794e-02 -5.357329796622785079e-01 -1.338266925355753867e-01
1.462651958614695664e-02 -4.894300665302001585e-01 -1.503702825807996524e-01
3.539822563759677243e-02 -5.482971629620044807e-01 -1.517078166991202015e-01
-4.409311222419991239e-02 -2.365305112372640406e-01 1.530325848878751893e-01
1.072841661788607598e-01 -2.012659392571906625e-01 -2.163022148328346272e-01
1.371116361363693970e-01 -2.138320669479391034e-01 -2.084879650309535981e-01
1.204162864734230065e-01 -1.432272750360100155e-01 -2.203831825316144022e-01
6.286014835631151265e-02 -1.569491966943172279e-01 -1.340849082464211015e-02
1.978910309165277104e-01 -3.578358675798433142e-01 2.956538713581425074e-02
1.766183748613193993e-01 -4.520875166349743179e-01 6.124668751868314609e-02
-4.300111380140760053e-02 2.485758142528066150e-01 2.715650125979787374e-02
-5.596441955010578173e-03 1.329552429319630635e-01 -5.083380151173471501e-02
1.385168560116463443e-01 -1.406194885658485216e-01 -2.322992259882781380e-02
4.092629801810612755e-02 1.544176754089122694e-01 -8.881218626395173676e-02
-1.408854181905363767e-01 1.090162944742675138e-01 4.102358862656714511e-02
1.746646838049083217e-02 2.144611639986993001e-01 1.840962640653650076e-02
-5.791769375272935033e-02 1.501289257450123538e-01 -4.995681574652624524e-02
5.365418348018497624e-02 -9.704446792359362750e-02 5.896592957856504162e-03
-4.928143037457294318e-02 2.466461802473773612e-01 1.156877847916660540e-01
1.604908387198043240e-01 -1.459702306626253221e-01 -8.864574064303597234e-02
-1.113418052192401003e-01 1.299058020855549112e-01 -2.424352136772657280e-03
-7.311243551417241637e-02 1.435996836827040657e-01 -9.477270731472593746e-02
-1.505523510158111589e-01 1.078105055718562300e-01 -2.161123076275005966e-02
-2.060917760790543507e-01 1.103298757435991345e-01 5.747103092663046614e-02
4.874577959999382148e-02 3.461295733968114408e-01 7.659736928412256250e-03
-1.021687580670966738e-01 2.057878469023243229e-01 1.010290408716895023e-02
8.773744784837212568e-03 1.905666319112418738e-01 -5.118623917551758627e-03
-8.358339165526525172e-02 1.276056101439907720e-01 1.012681892946241946e-02
6.615079668876373831e-03 2.170911487624455904e-01 -3.070463319067266716e-02
-5.778876245875647077e-02 2.080560512519896710e-01 4.574697848801934086e-02
3.453427938522363877e-02 -4.578160584710455616e-01 -8.669316771671056743e-02
2.375383753981856125e-02 -4.980171102809308192e-01 -7.148268954630310201e-02
1.568564907120051366e-01 -4.487914376437484587e-01 -8.667427356548984552e-02
6.024461081096521564e-02 -5.508204272602932328e-01 -7.216870014968894409e-02
6.662983336070141260e-02 -1.335344890931954298e-01 -5.102375648543702041e-02
5.021031580462556598e-02 -1.813488931506176682e-01 -3.905293773609374436e-02
1.486438214062278940e-01 -5.255307729829979124e-02 -8.985993809796556653e-02
1.602832348005009400e-01 -1.111910052277048366e-01 -9.347151432133464499e-02
1.561488586307976101e-01 3.320324988619516304e-01 -1.613362344538767368e-01
1.686573663242856846e-01 2.593222319510780083e-01 -1.593574546220897226e-01
-4.356940439926178937e-02 2.477804235993455173e-01 1.112426086453540547e-01
4.969180229456423431e-02 3.370547837872736041e-01 1.008170214101206802e-02
8.216872911191061557e-02 -1.430487863722691988e-01 -1.699674756582473523e-01
2.593798421856088332e-01 -1.395699662712579225e-01 -2.499493558156643258e-01
5.903136813637819419e-02 -2.016569687919232690e-01 -1.200033474074982953e-01
2.033368473644976693e-01 -1.782529231922992952e-01 -1.022387045801645550e-01
-8.800174451443831813e-02 2.304247018077245079e-01 1.875978153807086879e-01
-2.610361857160286084e-02 3.119465239962858072e-01 1.429449856874180982e-02
-1.945851173839310833e-02 2.391054432484230330e-01 1.829064239398288730e-02
-8.046019967378328919e-02 1.460526247313193582e-01 9.328625009824347003e-02
-1.437972611041641036e-01 8.207463095266413766e-02 -8.147439616669907569e-02
7.876293416768970213e-02 -5.093778115447508137e-01 -4.533674290502066884e-02
-3.001755216066187993e-03 1.566192452472701113e-01 -2.890192753980116436e-01
2.160267727189967360e-02 -7.681270720062759183e-02 -1.926193245190642098e-02
-6.180377285711555202e-02 -1.350150311219366350e-01 -1.611501975002541664e-01
-8.751987400855863741e-02 -5.690904453379453942e-01 -2.738941130714581118e-02
9.393880593908553178e-02 -5.558280100099822763e-01 -3.709123765564709824e-02
1.719138164681830727e-01 -4.627885090816012958e-01 -9.060175791375116305e-02
1.145495472517490954e-01 -5.047980774820248762e-01 -4.487927362787148128e-02
1.670366759096957032e-02 3.012737656698765143e-01 -4.285085234306355850e-02
-8.066172039582422681e-02 2.314038160936925104e-01 6.160164905965572618e-02
3.859336611464373162e-03 3.929916172804548968e-01 -2.559632827572590891e-02
-7.255927027335040691e-02 1.568195175052254642e-01 2.632706236726710045e-02
-4.637682367525015892e-02 3.300409264326330527e-01 1.764768257652527678e-02
4.767024158772448228e-02 -4.725097870204332251e-01 -2.108922608109076169e-02
2.245152567608373340e-01 -3.502739941088246489e-01 -2.325906785331537385e-01
6.490652655701602269e-02 -4.893718438330197928e-01 -8.638033537781154847e-02
1.078984329916247847e-01 -4.536527479191861945e-01 -1.535949303905897456e-01
8.626231443594822856e-02 -2.039430197094995179e-01 -1.054593393609647295e-01
8.053022607991520976e-02 -1.477939534555135215e-01 -1.136298643752468446e-01
9.311982530473550401e-02 -1.465459238988394419e-01 -1.660128431454153952e-01
1.679601598166043652e-01 -1.687855954161995853e-01 -1.812482484176698994e-01
-1.194317110069343865e-02 -6.502510608823897087e-01 -9.038536286644208162e-03
-2.974367831710563251e-02 -5.684210198892087895e-01 -8.488273605852672890e-03
-4.902266675320034184e-02 -6.552987255046008874e-01 -2.648380321767293197e-02
7.587479938948674119e-02 -5.287354402645578766e-01 -1.268202550839175879e-01
-5.866353269475331478e-02 2.353465587761205124e-01 9.728204679279149614e-02
-6.130190171273887378e-02 1.215643067744991285e-01 -4.178246720106827683e-02
2.608217294367879899e-02 2.271711648436268993e-01 -4.719084882616109144e-02
-8.299660940444779367e-02 1.374051444405070543e-01 -3.501921302754355814e-02
1.026027631141289420e-02 2.844932792919117603e-01 7.377074006163916557e-03
-1.074753123651330522e-01 2.920678345566777856e-01 2.977165698991794326e-02
-1.657068512515867459e-03 2.690734717171542889e-01 3.368359594001420210e-02
-1.092902602779301929e-01 2.466968999499320747e-01 8.111399373325824114e-02
2.803492325184106862e-02 -4.435253285856343569e-02 2.073221208099248689e-02
-1.778002933233179816e-01 9.403620776373038115e-02 6.966901627114906181e-02
-3.116344304365594731e-01 2.060045136875671701e-01 -9.368508428325383192e-03
-3.356220839896731367e-02 5.198420282678877236e-01 -1.465055003007619538e-01
-9.089703076378613522e-02 3.363684257698886793e-01 1.094399386616541348e-01
6.096975069636335204e-02 3.581058887278726344e-01 -6.019661707019877822e-02
-1.058601556907395463e-01 4.139614209723512239e-01 -6.220639718524389322e-02
-3.460369142186004582e-02 3.707934732773523478e-01 4.683014738691177598e-02
2.249208815673761352e-01 -3.479507275173966407e-01 -4.081412106132206730e-02
1.057516073846858085e-01 -4.634403770304428849e-01 -2.049110051862947784e-02
9.919912985412829287e-02 -4.399329289377703622e-01 8.093660114850267234e-03
1.204265376508430879e-01 -1.465277654119303274e-01 -1.941413906681084822e-01
1.306738724678783992e-01 -9.026282857294284923e-02 -1.201281663361604413e-01
1.282222791422276686e-01 -9.082823170268100599e-02 -3.284759371578285791e-02
-7.716346493359178826e-02 1.319740754818382600e-01 -1.667221026206306897e-02
9.323436894327774560e-02 -1.356986426210342600e-01 -1.230391145329511327e-01
1.622578166314720682e-01 -1.382808368488417927e-01 -9.427734773870358187e-02
6.219881064118847058e-02 -1.560868433947908973e-01 -7.673913387881700632e-02
1.385841432794319150e-01 -8.738805805469920807e-02 -7.136098044598775114e-02
9.422513957160660869e-02 -1.490074436353923393e-01 -1.941958593513068154e-01
4.255074993119257326e-02 -2.263698598798628836e-01 -5.885663928846291554e-02
1.044768015779725390e-01 -4.435653522460994980e-01 1.572792356719286688e-02
-1.772064033041135800e-01 -2.643770352102945420e-01 6.687972835196072385e-02
1.069916540205499284e-01 -4.403680268694344369e-01 8.878320219011819059e-02
7.877165417103139389e-02 -4.707464174313517047e-01 -8.181915390479085892e-02
-1.873267636611669965e-02 2.653948209834203764e-01 1.503320913312848270e-02
-1.391877490148069885e-01 1.528188839590058912e-01 3.436657919288406415e-02
-1.111486379154136284e-01 1.773775208065920539e-01 5.030697865686016568e-02
-9.591656067593958002e-02 2.490559785986576069e-01 6.634760509624509917e-02
-5.141052431823123908e-02 9.051262552475816681e-02 2.805366253912702432e-02
-7.948137395437271380e-02 1.002394625729842031e-01 -5.455182151510495903e-02
-2.751849560986041610e-02 1.275781472543675021e-01 -9.650065276811954640e-02
-8.808551056012080271e-02 1.364000630088805233e-01 3.980040913629356858e-02
-4.184960930809113883e-02 3.263662854344517861e-02 -3.479553183239562225e-02
-8.461237832203798159e-02 -1.364986523676990360e-01 3.149372702170333705e-04
-1.662492698690311577e-01 9.286507330234002044e-02 -3.073281814709791573e-02
-9.762333921822230476e-02 -1.333283597530681708e-01 -9.041075687960289931e-02
-6.604333661916736431e-02 2.813642006533427775e-01 7.569397569671496018e-02
-1.015843386834208370e-02 2.654914603388953687e-01 1.443324581431700004e-02
2.881145157759221892e-02 -1.564812534087414442e-01 -4.547693598896983963e-02
1.772264405860927150e-01 -7.570115997141788067e-02 -1.029032970051560053e-01
-4.265625056670629967e-02 1.233545654093454735e-01 -9.441934223099071599e-02
1.668465749617382976e-01 -1.287780274657489288e-01 -1.323074379942811851e-01
5.566390880894495075e-02 -1.495283408374107892e-01 -9.424903012531767044e-02
1.650829115071025255e-01 -4.349294855401263371e-01 -9.639110904067378638e-02
1.296032923545698268e-01 -4.397560356589472752e-01 -3.440217483112877755e-02
1.378755018631336593e-01 -5.177441807215193981e-01 -5.642833943579255579e-02
1.545411140765338975e-01 -4.462457945217670474e-01 -8.670147345232548375e-02
5.502617466627286735e-02 -5.215568263468260968e-01 -1.462765624302580503e-01
1.361283707831621725e-01 -5.195687915184696859e-01 -9.145132307160136476e-02
1.515029936203329819e-01 -3.785706288495965244e-01 -5.315081716677770574e-02
1.031285529610094925e-01 -5.399368634805842282e-01 -3.596177966308290730e-02
-8.032228184544419614e-02 2.809971225252829163e-01 1.104780469594490444e-01
-7.547492346643208672e-02 3.223995027981343409e-01 7.082390624655070244e-02
-1.430489012327477161e-01 3.199052541282503825e-01 8.771710434345587892e-02
-9.781922713783243462e-02 1.802915278734930904e-01 -3.121383831788500200e-03
6.075963956593361665e-02 5.055131765133569904e-02 -2.416877212136644137e-01
2.654356028327368167e-01 -4.623351546791906741e-01 -1.408379066389189860e-01
1.070970100309036055e-01 2.392462184094464595e-01 -3.442424262515320632e-01
1.831189017801779229e-01 -3.074794229196475825e-01 2.248771634482915616e-01
-1.537414673208660210e-01 2.888192751426862936e-01 1.116319814405709460e-01
-1.099639313021499032e-01 3.009651542069358143e-01 5.798833518527085618e-02
3.222730906138922963e-02 3.230949353577359240e-01 -5.686835865395355183e-02
-1.525964164008303259e-01 3.486112729207305749e-01 6.478867110885869196e-02
-1.028781292799755553e-01 1.658543451630525023e-01 -3.640698162083913503e-02
-9.202977841712496609e-02 -4.973354705518786417e-02 1.400248549446581892e-01
-6.121479677366470362e-02 -5.782216364866322317e-02 7.697600339795861168e-02
-2.219761274864622269e-01 2.186429219273320346e-01 4.529568220874914675e-02
-2.370601381387721085e-01 3.990904451564141198e-01 3.946558823333512489e-02
-4.226155430925197798e-02 4.091809339999942230e-01 -5.126688142322904929e-02
-6.900390069929063230e-02 2.822626848399310551e-01 4.317572846835066036e-02
-1.032987679568843076e-01 3.746661927588913477e-01 1.933851938985408150e-02
-8.781510944982595657e-02 1.657331845178867391e-01 -5.120089631678511471e-02
-5.229278528594296510e-02 1.633911213827589637e-01 -1.150557463556500515e-01
-4.670417409049775447e-03 1.444682897095747043e-01 -1.827875631332407380e-01
1.658861773519569593e-01 -1.266836984724511728e-01 -1.592818621509176358e-01
-1.221071943546282734e-01 3.089097464088561562e-01 1.769045046747840660e-02
-1.320133884534456237e-01 1.853831683807633801e-01 -2.502070485671501268e-02
-6.171678756444789332e-02 2.516083746102895646e-01 -6.395698493560636466e-02
-2.184417177334158078e-01 2.874705328472861310e-01 4.630277378082358307e-03
-1.009596925361171127e-01 2.693399106648254326e-01 3.455356063756288842e-02
-2.213415330761720756e-01 5.085709507206402913e-01 -6.840761673784878649e-02
-1.693108129953757590e-01 1.189182326809905266e-01 -4.106872978259038247e-04
-1.058256352018657198e-01 4.487307261627781485e-01 -9.035258130442980207e-02
-6.106962491577561103e-02 5.332421210135286360e-01 -1.664291565716082277e-01
-2.506237697317468399e-02 5.242506565246961570e-01 -2.605780228628243878e-01
-7.951710816348070421e-02 2.826569242119294501e-01 -2.111758755720539726e-01
9.882868562925256270e-03 2.370402611321527075e-01 -2.694818604919397287e-01
-2.527204493390534101e-01 4.673587936458328818e-01 9.984849951884192110e-02
-3.781322081929522350e-02 3.306038474534399030e-01 -3.802072317023236225e-02
-1.783751548076031477e-03 2.779984574716934387e-01 7.941871000622115206e-02
-2.671099061139800002e-01 -1.938679320802712269e-02 4.878595008061736155e-02
-3.110268530880084814e-01 2.586574806065622956e-01 6.508443627166721202e-02
-1.905344138590036318e-01 2.667814106283576958e-01 -2.362517679036779672e-03
-6.041105863198031889e-02 2.849601277781156350e-01 -2.167174123350050843e-02
-6.397895119507056305e-02 1.739974386670635198e-01 -1.135964141173821922e-03
-4.417956720883336325e-02 1.488776293208885770e-01 -3.754026586366368545e-02
-9.176530841020934248e-02 1.110389254276010901e-01 2.412823260821859300e-02
-2.481679510601733987e-02 -8.362736897671169123e-02 8.183061256026918917e-02
-1.439113898768289435e-01 1.830410189872334059e-01 9.471929766906124482e-02
-6.608158722797653761e-02 4.248350306890846251e-01 2.892826598167686294e-02
-1.056547255078894715e-01 4.035616955204694989e-01 3.185947161900653385e-02
-3.096814429357921603e-02 3.551855742399537830e-01 5.912817696156485309e-02
-9.436543541799220433e-03 3.104252742796254627e-01 -2.448938293288843368e-02
-2.738511034495093657e-02 4.048187230290478666e-01 -7.104228469934510681e-02
-8.616540496763169799e-02 3.918571675997080672e-01 -1.080619035928748542e-02
-6.647700357223707002e-02 3.224372827401433272e-01 4.040477367953748677e-02
-9.891594493443797709e-02 3.109894378223564959e-01 6.195944079625457374e-02
-6.396129775893810709e-02 3.291897890918243363e-01 2.805298721097323339e-02
5.167200398234642056e-02 2.937809906022768591e-01 -1.388933963598975863e-01
-1.186807737988607864e-01 2.738246794942674200e-01 7.389702731477770792e-02
-1.340892719778721820e-01 2.836960925411950996e-01 6.330325220909828465e-02
-8.211038377492428653e-02 2.811863309419919132e-01 -2.451309046025887395e-02
-2.081747887053969348e-01 2.159652754515192785e-01 2.999679713266998303e-03
-5.625129377693002808e-02 2.590192910859239195e-01 -1.006543193978964718e-01
-2.852457525141283839e-02 1.948625212321469791e-01 -2.190981730666389793e-01
6.253134599982289321e-02 6.413877016114875873e-02 -1.939569941377123907e-01
-8.955512953135591481e-02 -7.807012261200969860e-02 5.354724045885785738e-02
-1.015838812926114776e-01 -5.675727340304684981e-02 1.432448096869049815e-02
2.329594726543745414e-02 -1.501652413322319413e-01 -8.388444964984841101e-02
3.725410471029980131e-01 -4.043946472482897736e-01 -1.634462661332808653e-01
1.420971386900075906e-01 -8.910023715213030715e-02 -7.760943972277165037e-02
1.420659933254324048e-01 -1.517805425139018283e-01 -1.288045400028418885e-01
-2.267931587730747170e-02 2.269248678807793684e-01 -1.299821595721318557e-01
-4.510365947973491579e-02 2.096547490607409414e-01 -1.022138848816097900e-01
-1.040515926176238254e-01 2.876637222294684548e-01 -7.164494936624354882e-02
-1.247731558056991985e-01 2.344005507726699133e-01 -2.943443261062578600e-02
-8.717222878010617848e-02 1.978552709609691374e-01 -1.757913187027919377e-02
-4.518395188147032726e-02 1.622894192213153453e-01 -9.957666778568280419e-02
-7.749527577282099011e-02 1.233320371570208046e-01 -6.172073412242320284e-02
-1.149246378743987995e-01 3.329956175660607753e-01 5.673028350974977652e-02
-6.940061087269963624e-02 3.796405105044447503e-01 -4.013167248085042910e-02
7.728535650970086782e-03 2.955307428547555015e-01 -5.212369683998472128e-03
-1.465382598816688808e-01 3.671369676463807075e-01 6.438182325790398064e-02
-8.768713225719831916e-02 3.523563291366154648e-01 -2.189490235249187330e-02
-1.906297518891414133e-01 2.911866935978191240e-01 5.668427949000409694e-02
-1.582943280397975938e-01 3.139290975221605273e-01 5.366570094796371121e-02
-7.515818757173126086e-02 3.129947318760540331e-01 -1.706585468663175328e-02
-1.373218588193853840e-01 3.717378869878522618e-01 6.639315219806377066e-02
-4.017093989925626246e-02 2.940097714824220776e-01 5.686575805177987442e-02
-1.168541722494488289e-01 3.785134625441589629e-01 2.327325569315331563e-02
1.608576927748987112e-02 -5.797751793964802530e-02 -5.156817278198174564e-02
2.903631796335142123e-01 -1.383503971820827516e-01 -3.084638297876202660e-03
-9.056902739918953893e-02 1.181508089751435175e-01 2.485896960259155811e-02
6.882979612040511508e-02 -1.544304384750098125e-01 2.274487009937345774e-02
-1.976473757928374764e-01 1.850480634493090470e-01 2.253802937313921159e-02
-2.227067786508817593e-01 2.684182606592234177e-01 7.724604886567353057e-02
-8.377083324704215350e-02 1.489393687686547951e-01 -1.016927377403303023e-01
-9.842394348305175122e-02 1.539765843883021956e-01 -3.374804458468885077e-02
-4.302420343710805853e-03 5.427252366290251651e-01 -2.707972098037281228e-01
-1.982709618089591175e-01 2.113038396217914172e-01 1.393393458388343387e-01
-2.262800700442522961e-02 2.178028984146250235e-01 -1.019274244889617625e-01
-5.365399286174521443e-02 2.480277456394788249e-01 -1.366362412661789871e-01
