-6.239814758300781250e+00 -2.652444601058959961e+00 6.705835819244384766e+00
-6.255582332611083984e+00 -9.797261953353881836e-01 8.168011665344238281e+00
-6.472293376922607422e+00 -2.318456888198852539e+00 7.071903228759765625e+00
-6.473475933074951172e+00 -2.425441741943359375e+00 6.973157882690429688e+00
-6.556369304656982422e+00 -2.448359012603759766e+00 6.935963630676269531e+00
-6.245995044708251953e+00 4.592301845550537109e-01 8.612090110778808594e+00
-6.222223758697509766e+00 5.864505171775817871e-01 8.708947181701660156e+00
-6.149069786071777344e+00 5.987982153892517090e-01 8.736331939697265625e+00
-6.136483669281005859e+00 6.066341400146484375e-01 8.749300956726074219e+00
-6.278839111328125000e+00 -2.890893220901489258e-01 8.389438629150390625e+00
-6.330579757690429688e+00 -7.687755823135375977e-01 8.227046012878417969e+00
-6.396720886230468750e+00 -9.086811542510986328e-01 8.095530509948730469e+00
-6.313685417175292969e+00 -7.932138442993164062e-01 8.186752319335937500e+00
-6.244075298309326172e+00 5.824936628341674805e-01 8.681258201599121094e+00
1.532635974884033203e+01 -1.608788013458251953e+00 1.700684785842895508e+00
9.602634429931640625e+00 7.656092166900634766e+00 1.001189517974853516e+01
9.518746376037597656e+00 7.856253147125244141e+00 9.992792129516601562e+00
9.541332244873046875e+00 7.627966403961181641e+00 9.935770034790039062e+00
1.413685226440429688e+01 -1.182000279426574707e+00 1.316406488418579102e+00
1.298184394836425781e+01 1.718438625335693359e+00 1.709890007972717285e+00
1.470707702636718750e+01 -8.525001406669616699e-01 2.846401214599609375e+00
1.534294700622558594e+01 -1.607837319374084473e+00 1.603239893913269043e+00
1.486966419219970703e+01 -8.348793387413024902e-01 2.342751026153564453e+00
1.521925163269042969e+01 -2.013670444488525391e+00 1.703771352767944336e+00
9.661509513854980469e+00 7.710795402526855469e+00 1.004350090026855469e+01
-5.605880260467529297e+00 -6.465552449226379395e-01 8.489288330078125000e+00
-5.507528305053710938e+00 -9.048694968223571777e-01 8.387537956237792969e+00
-5.541541576385498047e+00 -8.609542846679687500e-01 8.429107666015625000e+00
-5.359586238861083984e+00 -9.964721202850341797e-01 8.272564888000488281e+00
1.419713878631591797e+01 -1.202901363372802734e+00 1.335290551185607910e+00
1.417079162597656250e+01 -1.640854597091674805e+00 2.588045120239257812e+00
1.519852256774902344e+01 -1.680638194084167480e+00 1.502817869186401367e+00
9.276029586791992188e+00 8.430618286132812500e+00 9.954125404357910156e+00
8.701923370361328125e+00 8.719783782958984375e+00 1.069421958923339844e+01
8.635934829711914062e+00 8.776539802551269531e+00 1.052305793762207031e+01
8.699093818664550781e+00 8.602334022521972656e+00 1.020571517944335938e+01
8.766394615173339844e+00 8.742877960205078125e+00 1.037248039245605469e+01
-5.830533504486083984e+00 -1.121594429016113281e+00 8.313469886779785156e+00
-5.959742069244384766e+00 -6.577607244253158569e-02 8.552716255187988281e+00
-5.555790424346923828e+00 -1.676671266555786133e+00 8.034447669982910156e+00
-5.526492118835449219e+00 -2.158552646636962891e+00 7.433616638183593750e+00
-5.665836334228515625e+00 -1.596628874540328979e-02 8.595916748046875000e+00
-5.701282024383544922e+00 -7.029313594102859497e-02 8.540879249572753906e+00
-5.583447933197021484e+00 1.708299294114112854e-02 8.622579574584960938e+00
9.230929374694824219e+00 8.563442230224609375e+00 1.006301021575927734e+01
1.520043659210205078e+01 -9.846911430358886719e-01 3.364596128463745117e+00
8.888505935668945312e+00 8.671006202697753906e+00 1.031808853149414062e+01
8.774338722229003906e+00 8.616438865661621094e+00 1.017823505401611328e+01
1.533291435241699219e+01 -1.597638487815856934e+00 1.594736695289611816e+00
1.424625301361083984e+01 -1.449365854263305664e+00 1.349296927452087402e+00
1.288841819763183594e+01 1.449667096138000488e+00 1.772071242332458496e+00
1.308748340606689453e+01 -9.559587836265563965e-01 1.241737365722656250e+00
1.269671821594238281e+01 1.356483817100524902e+00 1.610939025878906250e+00
1.184728145599365234e+01 7.702713012695312500e-01 1.365219950675964355e+00
1.298077869415283203e+01 1.540742397308349609e+00 1.582349300384521484e+00
1.319324207305908203e+01 1.588983893394470215e+00 1.880638122558593750e+00
1.515573596954345703e+01 -1.429071903228759766e+00 1.800730824470520020e+00
1.452987480163574219e+01 -4.586465358734130859e-01 1.835080265998840332e+00
1.312509632110595703e+01 1.738790273666381836e+00 1.855932474136352539e+00
1.525013256072998047e+01 -9.866982102394104004e-01 3.315905809402465820e+00
1.533987712860107422e+01 -1.197735071182250977e+00 2.242995500564575195e+00
-5.785524368286132812e+00 -9.905006289482116699e-01 8.428148269653320312e+00
-5.891425609588623047e+00 -9.012265503406524658e-02 8.531045913696289062e+00
-5.476570606231689453e+00 -2.223676919937133789e+00 7.410539627075195312e+00
-5.715940952301025391e+00 -1.563563942909240723e+00 8.216081619262695312e+00
-6.358039855957031250e+00 -2.425489664077758789e+00 7.001213073730468750e+00
-6.019992351531982422e+00 4.566606283187866211e-01 8.718778610229492188e+00
-5.333353042602539062e+00 -1.325194716453552246e+00 8.201393127441406250e+00
-5.366427898406982422e+00 -1.181807518005371094e+00 8.346773147583007812e+00
-5.883931159973144531e+00 -1.966737210750579834e-02 8.596944808959960938e+00
1.569509601593017578e+01 -1.983339190483093262e+00 1.602924346923828125e+00
-5.989131450653076172e+00 -2.227538824081420898e+00 7.251810073852539062e+00
-5.153748512268066406e+00 -2.462352037429809570e+00 6.890445709228515625e+00
-5.032015800476074219e+00 -2.230263710021972656e+00 7.149874687194824219e+00
-5.428950309753417969e+00 -2.102606534957885742e+00 7.435298919677734375e+00
1.560968208312988281e+01 -2.302281141281127930e+00 2.260737180709838867e+00
1.511971282958984375e+01 -1.081275582313537598e+00 3.306999683380126953e+00
1.490047168731689453e+01 -1.004256963729858398e+00 3.644842624664306641e+00
1.440198898315429688e+01 -3.062323331832885742e-01 1.825436592102050781e+00
1.537302589416503906e+01 -1.319984316825866699e+00 2.127870321273803711e+00
1.433533287048339844e+01 -5.541893243789672852e-01 1.841406822204589844e+00
1.547146606445312500e+01 -1.961738467216491699e+00 1.923976182937622070e+00
1.377107048034667969e+01 -1.020803451538085938e+00 1.317861437797546387e+00
1.430625247955322266e+01 -5.744830965995788574e-01 1.740658164024353027e+00
-5.773200988769531250e+00 -1.011744379997253418e+00 8.378898620605468750e+00
-6.298901557922363281e+00 -2.254818677902221680e+00 7.177110195159912109e+00
-5.689608097076416016e+00 -1.758319377899169922e+00 8.007854461669921875e+00
-5.209164142608642578e+00 -2.382694721221923828e+00 6.899716854095458984e+00
-6.015492439270019531e+00 -2.201501846313476562e+00 7.267462253570556641e+00
-5.953944206237792969e+00 3.436045944690704346e-01 8.696496963500976562e+00
-5.728990077972412109e+00 -2.117503434419631958e-01 8.467650413513183594e+00
-5.545393466949462891e+00 -1.298614382743835449e+00 8.324995994567871094e+00
-5.158883571624755859e+00 -2.072174549102783203e+00 7.389006614685058594e+00
-6.149172306060791016e+00 5.045045614242553711e-01 8.697144508361816406e+00
-6.091819286346435547e+00 5.251838564872741699e-01 8.752627372741699219e+00
-6.206026554107666016e+00 -8.738323450088500977e-01 8.235302925109863281e+00
8.856679916381835938e+00 8.422247886657714844e+00 1.015028095245361328e+01
8.197860717773437500e+00 8.226168632507324219e+00 1.077219104766845703e+01
8.946356773376464844e+00 8.362766265869140625e+00 9.924071311950683594e+00
8.515416145324707031e+00 8.232929229736328125e+00 1.019780254364013672e+01
9.609080314636230469e+00 7.501255989074707031e+00 1.005220699310302734e+01
1.303278923034667969e+01 1.737660646438598633e+00 1.785137057304382324e+00
-5.430729389190673828e+00 -3.368999063968658447e-01 8.454122543334960938e+00
-5.611324310302734375e+00 -6.793412566184997559e-02 8.539449691772460938e+00
-5.546489715576171875e+00 -8.128508925437927246e-01 8.452481269836425781e+00
-5.618694782257080078e+00 -7.551842927932739258e-01 8.414591789245605469e+00
9.208760261535644531e+00 8.380812644958496094e+00 9.916909217834472656e+00
1.528244686126708984e+01 -9.557991027832031250e-01 3.168495655059814453e+00
1.522851276397705078e+01 -1.011989712715148926e+00 3.364669561386108398e+00
1.532813644409179688e+01 -1.300781369209289551e+00 2.131391763687133789e+00
1.565147209167480469e+01 -1.906281828880310059e+00 1.606178164482116699e+00
1.531645870208740234e+01 -9.272015094757080078e-01 3.193140745162963867e+00
1.005969619750976562e+01 7.641375541687011719e+00 1.044663906097412109e+01
1.448443698883056641e+01 -1.133576631546020508e+00 1.529809117317199707e+00
-5.656040668487548828e+00 -1.841110110282897949e+00 7.951140880584716797e+00
-6.188698768615722656e+00 5.378852486610412598e-01 8.708041191101074219e+00
1.280499458312988281e+01 1.473717451095581055e+00 1.634123802185058594e+00
1.459025096893310547e+01 -7.888379693031311035e-01 1.703249454498291016e+00
1.563326740264892578e+01 -1.972829222679138184e+00 1.850350260734558105e+00
1.559323883056640625e+01 -2.308022499084472656e+00 2.277165889739990234e+00
-6.499341964721679688e+00 -2.314413070678710938e+00 7.072343349456787109e+00
1.547119998931884766e+01 -2.235313415527343750e+00 1.940369725227355957e+00
1.007348632812500000e+01 7.715931415557861328e+00 1.061308479309082031e+01
-6.167019844055175781e+00 -9.064262509346008301e-01 8.244100570678710938e+00
9.191320419311523438e+00 7.637949466705322266e+00 9.983496665954589844e+00
8.976043701171875000e+00 8.296057701110839844e+00 9.988541603088378906e+00
8.314738273620605469e+00 8.445229530334472656e+00 1.071641826629638672e+01
1.271256446838378906e+01 1.317363977432250977e+00 1.592330694198608398e+00
1.441730976104736328e+01 -1.091795444488525391e+00 2.614050626754760742e+00
1.278098869323730469e+01 1.471867918968200684e+00 1.688354730606079102e+00
1.464284801483154297e+01 -1.151579380035400391e+00 3.152479648590087891e+00
8.349720001220703125e+00 8.378561973571777344e+00 1.112264728546142578e+01
8.272311210632324219e+00 8.392960548400878906e+00 1.108099269866943359e+01
8.650644302368164062e+00 8.358428001403808594e+00 1.101939201354980469e+01
-5.243424415588378906e+00 -2.417952775955200195e+00 7.043776035308837891e+00
-5.226045131683349609e+00 -1.432637691497802734e+00 8.084179878234863281e+00
-5.162961006164550781e+00 -2.009989023208618164e+00 7.514734268188476562e+00
-4.957752704620361328e+00 -2.137221574783325195e+00 7.239641189575195312e+00
-5.050880432128906250e+00 -2.175976037979125977e+00 7.231658935546875000e+00
1.402714824676513672e+01 -4.288845956325531006e-01 1.714487195014953613e+00
1.414139366149902344e+01 -6.800624728202819824e-01 1.459475398063659668e+00
1.413869476318359375e+01 -1.072994232177734375e+00 1.449705958366394043e+00
1.239306354522705078e+01 5.276837348937988281e-01 1.349592566490173340e+00
1.270230388641357422e+01 1.301430463790893555e+00 1.631571412086486816e+00
1.355031776428222656e+01 -9.716470241546630859e-01 1.267739295959472656e+00
1.437200736999511719e+01 -7.909948229789733887e-01 1.517067670822143555e+00
1.426080703735351562e+01 -1.290304422378540039e+00 1.587215423583984375e+00
1.536930370330810547e+01 -1.825194001197814941e+00 1.905106067657470703e+00
1.485757160186767578e+01 -1.441951990127563477e+00 1.731347918510437012e+00
1.287050628662109375e+01 5.955413356423377991e-02 1.399847745895385742e+00
8.727206230163574219e+00 8.407468795776367188e+00 1.022468662261962891e+01
8.603402137756347656e+00 8.710912704467773438e+00 1.074850177764892578e+01
8.049820899963378906e+00 7.992784976959228516e+00 1.086730670928955078e+01
8.094462394714355469e+00 8.030288696289062500e+00 1.068176937103271484e+01
-5.872515201568603516e+00 -2.301368303596973419e-02 8.553838729858398438e+00
-5.209341049194335938e+00 -1.626427412033081055e+00 7.949128627777099609e+00
-5.045215606689453125e+00 -1.934874176979064941e+00 7.537899017333984375e+00
-5.244236469268798828e+00 -1.427483677864074707e+00 8.107872009277343750e+00
8.137651443481445312e+00 8.107769966125488281e+00 1.128955459594726562e+01
8.233881950378417969e+00 8.212600708007812500e+00 1.128421497344970703e+01
8.162191390991210938e+00 8.270385742187500000e+00 1.117432117462158203e+01
8.176757812500000000e+00 8.057139396667480469e+00 1.122791481018066406e+01
9.325069427490234375e+00 8.508401870727539062e+00 1.027678585052490234e+01
-5.889878749847412109e+00 -2.749864101409912109e+00 6.590127468109130859e+00
-6.575672626495361328e+00 -2.422808885574340820e+00 6.959190845489501953e+00
1.377023506164550781e+01 -3.538752496242523193e-01 1.532317638397216797e+00
1.479359245300292969e+01 -1.346495747566223145e+00 3.487093448638916016e+00
9.043426513671875000e+00 8.261278152465820312e+00 9.949725151062011719e+00
1.509534263610839844e+01 -1.069910049438476562e+00 3.436304569244384766e+00
1.521162223815917969e+01 -2.173582077026367188e+00 2.108932495117187500e+00
1.443659114837646484e+01 -5.000534653663635254e-01 1.663084745407104492e+00
1.510901451110839844e+01 -1.113239884376525879e+00 2.443965911865234375e+00
9.837276458740234375e+00 7.768156051635742188e+00 1.040537261962890625e+01
1.315513038635253906e+01 -8.610703945159912109e-01 1.163555502891540527e+00
8.578714370727539062e+00 8.063161849975585938e+00 1.026311302185058594e+01
1.540285015106201172e+01 -1.988690137863159180e+00 2.181985616683959961e+00
1.478810596466064453e+01 -1.330322742462158203e+00 3.503401517868041992e+00
1.551104545593261719e+01 -2.185731649398803711e+00 2.234566211700439453e+00
1.539402961730957031e+01 -2.259005308151245117e+00 1.924386858940124512e+00
1.235658740997314453e+01 7.222189307212829590e-01 1.428380131721496582e+00
1.421063899993896484e+01 -1.324943304061889648e+00 2.051113605499267578e+00
1.459760379791259766e+01 -5.776178836822509766e-01 1.986009120941162109e+00
1.457636165618896484e+01 -2.086636781692504883e+00 2.750622749328613281e+00
1.447152137756347656e+01 -3.762758970260620117e-01 1.942887783050537109e+00
1.405239105224609375e+01 -9.979959130287170410e-01 1.373679757118225098e+00
-5.481247425079345703e+00 -2.448446035385131836e+00 7.114065170288085938e+00
-5.492248058319091797e+00 -2.258061647415161133e+00 7.346844673156738281e+00
-5.385764598846435547e+00 -2.555463552474975586e+00 6.794761657714843750e+00
-5.553241729736328125e+00 -1.520083427429199219e+00 8.219758033752441406e+00
9.250815391540527344e+00 8.455223083496093750e+00 1.048364353179931641e+01
9.277511596679687500e+00 8.630082130432128906e+00 1.050928211212158203e+01
9.143507957458496094e+00 7.443488597869873047e+00 9.984876632690429688e+00
8.823703765869140625e+00 7.637858390808105469e+00 1.016822528839111328e+01
1.296963596343994141e+01 1.674706697463989258e+00 1.742179512977600098e+00
1.315564727783203125e+01 1.763568878173828125e+00 1.895548462867736816e+00
1.310744762420654297e+01 -8.311955332756042480e-01 1.175993919372558594e+00
1.234029388427734375e+01 6.432412862777709961e-01 1.398824334144592285e+00
8.474788665771484375e+00 7.954662322998046875e+00 1.101034355163574219e+01
8.073398590087890625e+00 8.004730224609375000e+00 1.093124771118164062e+01
8.671222686767578125e+00 8.640378952026367188e+00 1.094026851654052734e+01
8.270309448242187500e+00 8.213531494140625000e+00 1.053550243377685547e+01
1.310013198852539062e+01 -8.700935840606689453e-01 1.141111731529235840e+00
1.272898006439208984e+01 4.481976330280303955e-01 1.602827668190002441e+00
1.399026584625244141e+01 -3.395164012908935547e-01 1.641778588294982910e+00
1.411296463012695312e+01 -1.828711628913879395e+00 2.568352699279785156e+00
1.549620819091796875e+01 -2.248421430587768555e+00 2.424928903579711914e+00
-5.678930759429931641e+00 -2.094770669937133789e+00 7.393184661865234375e+00
1.494912242889404297e+01 -9.318210482597351074e-01 3.609215259552001953e+00
9.819876670837402344e+00 7.856500625610351562e+00 1.065981101989746094e+01
8.997610092163085938e+00 8.238104820251464844e+00 1.109355354309082031e+01
-5.791363239288330078e+00 -8.134590387344360352e-01 8.410280227661132812e+00
-5.743358612060546875e+00 -1.635876893997192383e+00 8.090517044067382812e+00
-5.261712074279785156e+00 -2.501083135604858398e+00 6.811081409454345703e+00
-5.725286483764648438e+00 -2.110040903091430664e+00 7.337918281555175781e+00
1.275468921661376953e+01 9.638199806213378906e-01 1.692875266075134277e+00
1.296127891540527344e+01 -1.040555953979492188e+00 1.465061306953430176e+00
1.165400505065917969e+01 8.125186562538146973e-01 1.336353302001953125e+00
1.504433917999267578e+01 -1.549966931343078613e+00 1.704725861549377441e+00
1.237014293670654297e+01 2.880622148513793945e-01 1.617405056953430176e+00
-5.940433025360107422e+00 -2.447172880172729492e+00 7.033218860626220703e+00
-5.540456295013427734e+00 -2.727718591690063477e+00 6.603848934173583984e+00
-5.376461029052734375e+00 -2.282384395599365234e+00 7.248764514923095703e+00
-5.077303409576416016e+00 -2.366974115371704102e+00 6.965922355651855469e+00
8.607272148132324219e+00 8.631402969360351562e+00 1.089491176605224609e+01
8.824343681335449219e+00 8.336249351501464844e+00 1.081506061553955078e+01
8.411359786987304688e+00 8.052722930908203125e+00 1.106101417541503906e+01
8.258094787597656250e+00 7.965412139892578125e+00 1.100333404541015625e+01
-6.079537391662597656e+00 -8.594671636819839478e-02 8.533117294311523438e+00
-5.958891868591308594e+00 -9.383688569068908691e-01 8.311019897460937500e+00
-6.018416404724121094e+00 -4.940840229392051697e-02 8.562762260437011719e+00
-5.308937072753906250e+00 -1.741022229194641113e+00 7.907964706420898438e+00
1.314060974121093750e+01 -9.298155903816223145e-01 1.216400146484375000e+00
1.451847171783447266e+01 -1.747947454452514648e+00 3.325754165649414062e+00
1.445532703399658203e+01 -3.176864385604858398e-01 1.947363615036010742e+00
1.442076015472412109e+01 -1.767803192138671875e+00 3.247107744216918945e+00
1.300668430328369141e+01 3.394025564193725586e-01 1.526280164718627930e+00
1.228689002990722656e+01 -3.418310284614562988e-01 1.853220224380493164e+00
1.309803199768066406e+01 1.197964847087860107e-01 1.443732857704162598e+00
1.291987514495849609e+01 -9.647185206413269043e-01 1.379674315452575684e+00
9.994978904724121094e+00 7.738170623779296875e+00 1.051850223541259766e+01
1.547736740112304688e+01 -2.194608688354492188e+00 1.885555744171142578e+00
1.567679691314697266e+01 -2.063935518264770508e+00 1.642372608184814453e+00
1.134341526031494141e+01 9.503486752510070801e-01 1.201171636581420898e+00
1.152923488616943359e+01 -2.922695577144622803e-01 1.662959218025207520e+00
1.251589584350585938e+01 1.296069264411926270e+00 1.507151603698730469e+00
1.148081111907958984e+01 8.187987804412841797e-01 1.331687092781066895e+00
1.169098758697509766e+01 2.447910457849502563e-01 1.460964679718017578e+00
-5.815695762634277344e+00 -2.749364137649536133e+00 6.579889774322509766e+00
-5.962534904479980469e+00 -2.607358932495117188e+00 6.835735797882080078e+00
-6.112502098083496094e+00 -2.583534240722656250e+00 6.724603652954101562e+00
8.237977981567382812e+00 8.018734931945800781e+00 1.113389205932617188e+01
8.972477912902832031e+00 7.432329177856445312e+00 1.006368732452392578e+01
9.448726654052734375e+00 7.603750705718994141e+00 9.949462890625000000e+00
1.448691749572753906e+01 -1.857322335243225098e+00 3.214675903320312500e+00
8.695089340209960938e+00 8.066912651062011719e+00 1.075049304962158203e+01
8.641748428344726562e+00 7.880323886871337891e+00 1.025608444213867188e+01
9.149650573730468750e+00 8.569083213806152344e+00 1.064451503753662109e+01
9.179723739624023438e+00 7.559298038482666016e+00 9.923746109008789062e+00
8.262693405151367188e+00 8.000643730163574219e+00 1.121509456634521484e+01
8.772709846496582031e+00 8.714086532592773438e+00 1.086609554290771484e+01
-6.214000225067138672e+00 -2.605133056640625000e+00 6.764151573181152344e+00
9.279873847961425781e+00 8.463521003723144531e+00 1.085203933715820312e+01
-6.551123142242431641e+00 -2.463466644287109375e+00 6.914247035980224609e+00
-5.496346950531005859e+00 -2.520291090011596680e+00 7.041191101074218750e+00
1.326661205291748047e+01 1.507709771394729614e-01 1.601594924926757812e+00
1.441514968872070312e+01 -2.150725841522216797e+00 2.691601514816284180e+00
1.474979305267333984e+01 -1.614043474197387695e+00 1.607802510261535645e+00
1.278561115264892578e+01 -9.187663793563842773e-01 1.454879641532897949e+00
1.559963893890380859e+01 -2.006494283676147461e+00 1.977212309837341309e+00
1.479002857208251953e+01 -1.614662647247314453e+00 3.417511224746704102e+00
1.468300437927246094e+01 -1.380332231521606445e+00 3.557550191879272461e+00
1.539060401916503906e+01 -1.796211004257202148e+00 1.811236262321472168e+00
1.557903003692626953e+01 -2.290385961532592773e+00 2.337436914443969727e+00
9.778961181640625000e+00 7.989569664001464844e+00 1.079317951202392578e+01
1.557127094268798828e+01 -2.287334918975830078e+00 2.244053602218627930e+00
9.442429542541503906e+00 8.219753265380859375e+00 1.085924243927001953e+01
1.275894927978515625e+01 -4.807644188404083252e-01 1.325916647911071777e+00
1.322872447967529297e+01 1.301957815885543823e-01 1.539689064025878906e+00
9.271026611328125000e+00 8.537328720092773438e+00 1.053735256195068359e+01
9.014768600463867188e+00 7.546356678009033203e+00 1.004883193969726562e+01
1.484091663360595703e+01 -1.376651167869567871e+00 3.554571628570556641e+00
8.501463890075683594e+00 7.775581836700439453e+00 1.045878887176513672e+01
9.081172943115234375e+00 8.445601463317871094e+00 1.070598125457763672e+01
-5.515622138977050781e+00 -2.650577783584594727e+00 6.690250396728515625e+00
-5.938784599304199219e+00 -2.597975492477416992e+00 6.746642589569091797e+00
-5.635937213897705078e+00 -1.893703937530517578e+00 7.893510818481445312e+00
-5.642977237701416016e+00 -2.554606914520263672e+00 6.838090896606445312e+00
-5.267900466918945312e+00 -1.699295282363891602e+00 7.928411006927490234e+00
-5.548828125000000000e+00 -1.857513785362243652e+00 7.875445365905761719e+00
-5.756494998931884766e+00 -2.693382263183593750e+00 6.658718585968017578e+00
-5.627754688262939453e+00 -1.889481067657470703e+00 7.888607501983642578e+00
1.282413959503173828e+01 -7.377126812934875488e-01 1.229505181312561035e+00
1.213815116882324219e+01 -7.842415571212768555e-02 1.542797923088073730e+00
1.166993427276611328e+01 -5.047419667243957520e-01 1.749825119972229004e+00
1.413933467864990234e+01 -1.710849642753601074e+00 2.705355644226074219e+00
1.440681076049804688e+01 -6.151985526084899902e-01 3.844705820083618164e+00
-5.671417713165283203e+00 -2.730196952819824219e+00 6.744778156280517578e+00
1.431591224670410156e+01 -5.193518400192260742e-01 3.626246213912963867e+00
-5.592573642730712891e+00 -2.846472978591918945e+00 6.478258609771728516e+00
1.219724082946777344e+01 -8.650751113891601562e-01 1.617268323898315430e+00
1.191762351989746094e+01 -5.799255967140197754e-01 1.703065633773803711e+00
1.274073505401611328e+01 1.336470246315002441e+00 1.692179799079895020e+00
1.136245059967041016e+01 -2.193441092967987061e-01 1.650201559066772461e+00
1.405401134490966797e+01 -1.719441056251525879e+00 3.018476486206054688e+00
1.027812862396240234e+01 7.516247749328613281e+00 1.046311473846435547e+01
1.022237300872802734e+01 7.566598892211914062e+00 1.046126365661621094e+01
1.237215614318847656e+01 -1.295085906982421875e+00 2.171775579452514648e+00
1.124827289581298828e+01 -8.265838772058486938e-02 1.574018478393554688e+00
1.145862579345703125e+01 7.779186367988586426e-01 1.346479058265686035e+00
1.256762599945068359e+01 -3.501457870006561279e-01 1.511539459228515625e+00
1.141981315612792969e+01 2.311690598726272583e-01 1.557286620140075684e+00
1.415333557128906250e+01 -1.608484148979187012e+00 3.204328060150146484e+00
1.440828227996826172e+01 -9.723609685897827148e-01 3.556897878646850586e+00
1.453880405426025391e+01 -8.847570419311523438e-01 3.685847282409667969e+00
8.344158172607421875e+00 7.818423271179199219e+00 1.067061996459960938e+01
1.215342807769775391e+01 -4.147198498249053955e-01 1.866330981254577637e+00
1.379088401794433594e+01 -1.548209309577941895e+00 2.896868228912353516e+00
1.331846809387207031e+01 -3.265380263328552246e-01 2.642043590545654297e+00
1.200555038452148438e+01 -1.044297218322753906e+00 2.033347368240356445e+00
1.243008899688720703e+01 -6.958645582199096680e-01 1.713600158691406250e+00
1.127563858032226562e+01 6.182933449745178223e-01 1.313003778457641602e+00
1.433583545684814453e+01 -2.115670919418334961e+00 2.851625204086303711e+00
1.130857944488525391e+01 7.731492519378662109e-01 1.315793633460998535e+00
1.129187965393066406e+01 9.686972498893737793e-01 1.230294942855834961e+00
1.134531593322753906e+01 1.005910873413085938e+00 1.151747703552246094e+00
1.352826881408691406e+01 -1.449868977069854736e-01 2.966516017913818359e+00
1.423137092590332031e+01 -5.899544954299926758e-01 3.607673406600952148e+00
1.130179786682128906e+01 -2.712049148976802826e-02 1.545717239379882812e+00
1.262353229522705078e+01 6.377180814743041992e-01 1.858047127723693848e+00
1.290399360656738281e+01 -2.072942852973937988e-01 1.310955524444580078e+00
1.026077556610107422e+01 7.521235942840576172e+00 1.043428516387939453e+01
1.562500095367431641e+01 -1.998463392257690430e+00 1.544754266738891602e+00
1.214872264862060547e+01 -1.072347998619079590e+00 2.097146034240722656e+00
1.291914272308349609e+01 -1.553943008184432983e-02 2.271749496459960938e+00
1.412673759460449219e+01 -1.625636219978332520e+00 2.823701858520507812e+00
1.426120567321777344e+01 -1.680140376091003418e+00 3.174690961837768555e+00
1.445764350891113281e+01 -2.042824745178222656e+00 2.886245012283325195e+00
1.013744926452636719e+01 7.664882659912109375e+00 1.055659198760986328e+01
1.277905654907226562e+01 -1.436709523200988770e+00 2.093882799148559570e+00
1.143694400787353516e+01 4.463963508605957031e-01 1.403697848320007324e+00
1.136253166198730469e+01 3.601954281330108643e-01 1.459509730339050293e+00
1.187870788574218750e+01 2.860519587993621826e-01 1.483886599540710449e+00
1.273873329162597656e+01 6.011731624603271484e-01 1.709829330444335938e+00
1.156820678710937500e+01 8.053206205368041992e-01 1.327732920646667480e+00
1.140479087829589844e+01 5.282236933708190918e-01 1.448896646499633789e+00
1.214678096771240234e+01 -2.882817946374416351e-02 1.597043991088867188e+00
1.189577674865722656e+01 -5.207908749580383301e-01 1.711867332458496094e+00
1.212414550781250000e+01 3.340918570756912231e-02 1.671286582946777344e+00
1.295944404602050781e+01 1.367865562438964844e+00 1.889309763908386230e+00
1.235163974761962891e+01 -7.950544357299804688e-01 1.661806225776672363e+00
1.214054775238037109e+01 -7.027308344841003418e-01 1.719889640808105469e+00
1.300373172760009766e+01 -9.784415364265441895e-02 2.376761913299560547e+00
1.248465347290039062e+01 -1.282845854759216309e+00 2.300533294677734375e+00
1.346519470214843750e+01 -2.024990767240524292e-01 2.857219934463500977e+00
1.433157253265380859e+01 -6.637889742851257324e-01 3.637901782989501953e+00
9.315395355224609375e+00 7.301901817321777344e+00 9.885746002197265625e+00
1.025691032409667969e+01 7.566667556762695312e+00 1.054565715789794922e+01
1.013444995880126953e+01 7.648044109344482422e+00 1.053262996673583984e+01
9.239784240722656250e+00 8.568113327026367188e+00 1.061313438415527344e+01
-5.602440834045410156e+00 -2.800214529037475586e+00 6.600390911102294922e+00
9.107824325561523438e+00 7.540151119232177734e+00 9.982158660888671875e+00
8.535783767700195312e+00 8.180741310119628906e+00 1.035090637207031250e+01
1.408289527893066406e+01 -4.724598228931427002e-01 3.170418024063110352e+00
1.418744659423828125e+01 -5.456550121307373047e-01 3.122007131576538086e+00
1.311181163787841797e+01 -1.370532661676406860e-01 2.543810844421386719e+00
1.342316627502441406e+01 -8.810625672340393066e-01 2.658647298812866211e+00
1.392500114440917969e+01 -1.532403111457824707e+00 2.833013296127319336e+00
1.432420253753662109e+01 -1.178489327430725098e+00 3.454334735870361328e+00
1.468909168243408203e+01 -1.583269834518432617e+00 3.460324525833129883e+00
1.171917629241943359e+01 -4.679514467716217041e-01 1.746159672737121582e+00
1.159735774993896484e+01 8.531770110130310059e-01 1.355686783790588379e+00
1.279429531097412109e+01 6.845046877861022949e-01 1.596839308738708496e+00
1.139692974090576172e+01 -2.228011190891265869e-01 1.670239806175231934e+00
1.173962688446044922e+01 5.268200039863586426e-01 1.617891430854797363e+00
1.199417591094970703e+01 -9.663901329040527344e-01 1.958099961280822754e+00
1.182231044769287109e+01 -6.489842534065246582e-01 1.781859278678894043e+00
1.277170753479003906e+01 3.768329322338104248e-02 2.215602874755859375e+00
1.131666374206542969e+01 -1.261702775955200195e-01 1.602497816085815430e+00
1.271385288238525391e+01 -1.388883441686630249e-01 1.384127259254455566e+00
1.132741260528564453e+01 1.706637144088745117e-01 1.486339569091796875e+00
9.686767578125000000e+00 7.596876144409179688e+00 1.014705944061279297e+01
9.326366424560546875e+00 7.410189151763916016e+00 9.973638534545898438e+00
1.440104103088378906e+01 -2.092569351196289062e+00 2.867424726486206055e+00
9.317990303039550781e+00 8.364789009094238281e+00 1.009247207641601562e+01
1.260460186004638672e+01 -1.401808261871337891e+00 2.313066720962524414e+00
1.219433307647705078e+01 -1.175258040428161621e+00 2.085747241973876953e+00
1.431816482543945312e+01 -1.276482820510864258e+00 3.467830419540405273e+00
1.418010616302490234e+01 -1.756974816322326660e+00 3.057817220687866211e+00
1.135883617401123047e+01 9.937434792518615723e-01 1.179622888565063477e+00
1.245701789855957031e+01 -1.272927045822143555e+00 2.015259027481079102e+00
1.408500194549560547e+01 -5.037570595741271973e-01 3.171095609664916992e+00
1.376112365722656250e+01 -3.266103267669677734e-01 3.045156478881835938e+00
