-1.173592959173744621e+00 6.277158177566031227e+00 -1.119031266200214425e+00
-6.454084470918450833e-01 7.786622393014896559e+00 -3.119199118241975821e+00
-1.000721286367195484e+00 6.681355188000165590e+00 -2.005516454251328184e+00
-1.216365958387787050e+00 6.671059667416535000e+00 -1.686348130897842079e+00
-1.203525045319354669e+00 6.374331044105164601e+00 -1.755465353243057081e+00
1.497434596546043162e+00 8.972421157432277639e+00 -6.386980043649695737e+00
2.933414584767134237e+00 9.226379497453599754e+00 -7.709909222284889729e+00
2.073027130301472010e+00 9.026881246686649263e+00 -7.631785424179299504e+00
2.702852810711283471e+00 9.224325986395520260e+00 -7.966798469850919773e+00
1.046144516457169216e+00 8.329570073660272911e+00 -5.320535787602927336e+00
-6.573889672145749596e-02 7.905876699871670077e+00 -4.207678094352580445e+00
-2.968677125109768777e-01 7.370280383994705531e+00 -3.866445395357474890e+00
2.316071013742357354e-01 7.954425658581483205e+00 -4.167989620407543505e+00
3.391707335312875049e+00 8.417073753718030460e+00 -6.939156967816655808e+00
-1.066916511310987747e+00 -4.032820056423302546e+00 1.710743518913665273e+00
-1.078554690114180481e+00 3.425770538373886231e-01 2.769504980165827579e+00
-1.014140686142079639e+00 8.603687846668115480e-01 2.589103782967585143e+00
-7.223070078703668351e-01 1.056020543554740503e-02 2.591389671657213345e+00
-7.517923614725243731e-01 -4.835680948030456783e+00 9.722847541301176122e-01
2.087277366381246502e+00 -4.699324649352337957e+00 6.792497368479709363e-02
-2.489160279957223776e-01 -4.114025320191874613e+00 2.046193820487162363e+00
-1.064741379676430677e+00 -4.092338127842413797e+00 1.577916778786296659e+00
-2.367887056112767119e-01 -4.303532752182486654e+00 1.815233328992884143e+00
-1.125205341969481854e+00 -3.349077191991497671e+00 6.867203065462789136e-01
-1.050685580298299060e+00 2.044160027145407454e-01 2.558288596889676469e+00
1.493489589703656639e+00 8.748639575260025225e+00 -5.968386205350230789e+00
1.338389761956600532e+00 8.143970600179546437e+00 -3.948547251204046926e+00
8.551368692205406630e-01 8.185257458148965881e+00 -4.957992736331347849e+00
2.121269131077307968e+00 7.909608974161120187e+00 -4.094428397821076260e+00
-7.517878807217969195e-01 -4.835681231908909972e+00 9.722883391627303862e-01
-8.857470330332414266e-01 -4.392526555328146287e+00 1.532264888861426533e+00
-1.107932732948514465e+00 -4.133882201602661510e+00 1.273474612359927205e+00
-1.299029312121840141e+00 1.400843467166296152e+00 1.836134664754012435e+00
-7.344272541086002137e-01 2.585166266698623705e+00 2.332241893661603171e+00
-7.692955612046344926e-01 2.703015786421704370e+00 2.327122525261324348e+00
-6.550502668697706365e-01 2.175115077853417400e+00 2.430021004637579196e+00
-8.568589421441120679e-01 2.210112458573838534e+00 2.615516164187029258e+00
-2.856822438185088187e-01 8.370357903094962637e+00 -3.328769905047885391e+00
9.246332167234957433e-01 8.983819084273541478e+00 -4.742622977172474386e+00
-3.862208890802177885e-01 8.213238852431375747e+00 -2.639364629261415907e+00
-6.937153309688099956e-01 7.777876557130237067e+00 -2.044443122379392186e+00
1.603967417716303689e+00 9.145154347812932016e+00 -5.199485672912008916e+00
1.318622021504928687e+00 9.121165274322057925e+00 -4.771531260437876121e+00
1.829136561788886173e+00 9.168734471734957481e+00 -5.476878794342463053e+00
-1.226801859313018772e+00 2.579679566429296855e+00 1.780265338976096956e+00
4.216066561104266919e-01 -3.574206725744605517e+00 1.902778331409519241e+00
-9.649977019341133833e-01 2.437193768050450515e+00 2.402016423129877509e+00
-8.586607784093003293e-01 2.140989512664887684e+00 2.199893708580090479e+00
-1.048807963236915608e+00 -3.890611608167529045e+00 1.381631530628528948e+00
-8.943652695257030549e-01 -4.623357264941529543e+00 9.401686270994362715e-01
1.289344215505776381e+00 -5.344212775419344474e+00 3.642351170480796485e-01
-2.986160004927489453e-01 -5.394524842480337590e+00 3.072296542846977840e-01
1.601294632948925045e+00 -5.567924648019486611e+00 -2.465121712007082855e-01
1.617673539752978895e+00 -5.706280581663081719e+00 -1.064004633530317934e+00
1.283795134709059704e+00 -5.093048423929936064e+00 5.301122351304209390e-01
1.496675930313368763e+00 -4.722912995823291382e+00 6.650642640731938560e-01
-8.901481859080346837e-01 -4.138176777115139870e+00 1.730369065770908543e+00
-2.672979578090660000e-04 -4.833253525228354164e+00 1.480705396470447521e+00
2.641829781155249357e+00 -3.647589749226409328e+00 2.944282340785168289e-02
3.959122126617424797e-01 -2.945954842242924698e+00 1.920651003481248509e+00
-2.797023047339983748e-01 -3.715636143677751413e+00 1.899482171995834356e+00
-1.243366250398027367e-01 8.474967003672297494e+00 -3.438884158767015808e+00
7.285488319266195667e-01 8.915572456783442234e+00 -4.657378797415349325e+00
-6.479479999997915796e-01 7.739860594286539275e+00 -1.883938246235787650e+00
-4.632471962357533335e-01 8.205226362179406152e+00 -2.719555724467741076e+00
-1.194473351773179592e+00 6.860897109777067016e+00 -1.820777322320114022e+00
2.736950177499665404e+00 9.468232710854184830e+00 -6.640781545504871097e+00
1.338625918043513663e-01 8.485053757780724126e+00 -3.044555505088676561e+00
1.075068829389723979e-01 8.543122621975598463e+00 -3.282169499990528205e+00
1.483254573889134953e+00 9.107973674059532954e+00 -4.942168126803452743e+00
1.747203436423213185e+00 -3.398176578540891057e+00 5.041776253591322421e-01
-1.034448118012577744e+00 7.292424727571434673e+00 -1.798656519632660711e+00
-4.655974050622783134e-01 7.251467926810015285e+00 -1.367340182860086628e+00
-2.219775837396934515e-01 7.281095606729906855e+00 -1.634912773165485333e+00
-6.262980894540222110e-01 7.721812758454229986e+00 -1.860636938768279069e+00
-1.256397877591473033e+00 -1.879028087219511312e+00 1.270556312505135121e+00
1.210563610724295636e-01 -3.795422812382834188e+00 2.037782587389372679e+00
4.582913420799825110e-01 -2.826382594941852400e+00 1.962741061110652829e+00
5.022002666463367682e-01 -4.990087148411904039e+00 1.279035885016529983e+00
-5.973724824097558228e-01 -3.794079482459023378e+00 2.049713725875348391e+00
-2.355349774403304730e-01 -4.897199937345135368e+00 1.365752611991124077e+00
-1.229894956778893933e+00 -3.562812990950852132e+00 1.753213042750991546e+00
-5.501763882654433502e-01 -5.141422187839235214e+00 9.684385587480772717e-01
-2.640354373341704530e-01 -4.995722079777814351e+00 1.264992871959894405e+00
9.242196704945375429e-02 8.419211597025380911e+00 -3.388644240549392173e+00
-1.076847479124149576e+00 7.089935937291391710e+00 -2.041793814864087953e+00
-5.414380465489631034e-01 7.989932667785295983e+00 -2.502337458034530560e+00
-6.594743155804752011e-01 7.191936649847285423e+00 -1.242847805040451004e+00
-1.043780445413783342e+00 7.375220237326985284e+00 -1.930410207045965221e+00
2.652205690652509329e+00 9.496263389733494265e+00 -6.492050531490882292e+00
4.796416605407362588e-01 8.686201217954897302e+00 -4.211805290338235253e+00
-9.954053614171182174e-02 8.474738829611187185e+00 -3.123366455239371398e+00
-3.383280144056519112e-01 7.807186056398275120e+00 -1.906723168391591949e+00
2.870585013662431795e+00 9.436386989741428977e+00 -7.174267598197689111e+00
3.785905453138229237e+00 9.653294073683435172e+00 -7.939100067655540549e+00
-1.463883262589616430e-01 8.204309947097517153e+00 -3.914736943224744081e+00
-7.595566125043795580e-01 1.920765175513920342e+00 2.732132463707159786e+00
-1.260347359080022656e-01 2.602337670795167313e+00 2.256625811792463576e+00
-8.496202074005789751e-01 1.755305627204329255e+00 2.644865752537107095e+00
-4.547296831805477391e-01 1.906392380886203108e+00 2.472177693165639401e+00
-9.640661549680029641e-01 2.715633617489753293e-01 2.820898310269302822e+00
2.148671877555355714e+00 -4.598773375928120188e+00 1.073211424785757429e-01
1.148285459419349452e+00 8.755608915668480208e+00 -4.927120832617205792e+00
1.433713327906932067e+00 9.122137577992452506e+00 -4.966252620323237998e+00
6.049863181567294301e-01 8.783013859357859943e+00 -3.881013143423159839e+00
6.865882989338933928e-01 8.751929247896930164e+00 -4.001782706899285280e+00
-1.066761632465355936e+00 1.606589487608611089e+00 2.395160854344809298e+00
7.121832124243289153e-01 -3.592116147076687582e+00 1.578135726710957254e+00
6.245835891285902441e-01 -3.360272726507937957e+00 1.804856887933533161e+00
-4.443717024425691275e-01 -3.818779097423372182e+00 1.949423005380246821e+00
-5.277260490389570347e-01 -3.650735224805929935e+00 -1.244942591446645652e+00
4.230363187114720702e-01 -3.227342887099552637e+00 1.836431563547766821e+00
-1.324329250129405500e+00 -3.959249236125315652e-01 1.919109331523482620e+00
-6.828520439881174964e-01 -4.705307435278186290e+00 1.433865944409112414e+00
-5.309427683214228422e-01 7.980230587534990150e+00 -2.355055500347968511e+00
2.154187030408274861e+00 8.713048150048807727e+00 -7.037586968793922537e+00
2.015791848061700531e+00 -5.313215318833568901e+00 -2.695425517958719430e-01
-4.364342339509252877e-01 -4.492917352684350440e+00 1.537760412845006641e+00
-1.079448871642872065e+00 -3.066900358800326298e+00 1.489818388584193354e+00
-9.381087452869334431e-01 -2.161564389913636752e+00 1.712303710930404232e+00
-1.091953121135693205e+00 6.868651515158505916e+00 -2.229860709125584428e+00
-1.317000015707924909e+00 -3.111692687532750412e+00 1.518024956524108404e+00
-1.454324207699669858e+00 4.825807147435448585e-01 1.742486972754764052e+00
1.276528727014252795e-01 8.065889967841759045e+00 -4.010606102338736711e+00
-7.624241359667693896e-01 8.969306039241409234e-01 2.920617648214993256e+00
-8.928535610521627364e-01 1.577239333441049718e+00 2.690070920558151890e+00
-2.745540972908168675e-01 2.839284689892573876e+00 2.171989211069987213e+00
1.322840555011783659e+00 -5.548224277077355104e+00 9.338223600211645326e-02
-5.076062793444888754e-01 -4.506874551793519146e+00 1.918238458432733218e+00
2.190790899558938687e+00 -5.252850309051217081e+00 -5.736366217679784718e-01
-3.405224145756992615e-01 -4.037407496302263255e+00 2.107069559974628525e+00
-1.477309356254793982e-01 3.207790867916738620e+00 1.931036549968448313e+00
-1.209205596079193645e-01 3.326877244295724623e+00 1.864837721116692881e+00
-5.297829902759713105e-01 2.507751557386849406e+00 2.480672691407553199e+00
-8.088104942535283559e-01 7.205439775615824161e+00 -1.334256345961792212e+00
5.300594951575859914e-01 8.400759682437959341e+00 -2.999147032744978958e+00
-1.585093900271945799e-01 7.983297521900911242e+00 -2.265595730322308654e+00
3.171700740327771939e-01 7.418376916871618931e+00 -1.869636144298310487e+00
-1.858994620853040569e-01 7.498444999023737623e+00 -1.675691701291646130e+00
-2.240908330927749437e-01 -5.248876381354778076e+00 1.113045493495909977e+00
3.530198433556723803e-01 -5.174634803176621389e+00 6.886603915636760886e-01
-6.973326426133760192e-01 -4.768923721400905258e+00 1.165064654079423390e+00
1.371985322340481872e+00 -5.643281710348458269e+00 -6.032798486700373664e-01
1.417776246707574961e+00 -5.586436619087096211e+00 -7.134430485754257589e-02
-4.370530822223999134e-01 -5.194612802308511412e+00 6.688612193972807152e-01
-1.363223646794194110e-01 -4.742629560077359585e+00 1.221563064925232700e+00
-8.010175955989704555e-01 -4.557305227665565894e+00 1.146851462860288828e+00
-1.152944145148313115e+00 -3.796908050223491760e+00 1.850636757371135754e+00
-8.652683961980003335e-01 -4.453505138627869009e+00 1.664293303282518233e+00
4.140174116478992361e-01 -5.734920651398062397e+00 7.595872907654513395e-02
-7.354137516810549391e-01 1.790392785785434704e+00 2.799415726372024071e+00
-7.068955359719275577e-01 2.824555793582676166e+00 2.375681886748186589e+00
1.133375198792753169e+00 2.120887179916455700e+00 1.199494907674381716e+00
6.340377649493768031e-01 1.906791532584639848e+00 1.551458107897255134e+00
1.026493440829469472e+00 8.882021031953025059e+00 -4.666910687085123577e+00
-3.020635712367083364e-02 8.161351318505698060e+00 -2.499030277542907186e+00
-1.073179236208633008e-01 7.777471444762502628e+00 -2.067689381100279444e+00
3.061841465096407089e-01 8.384166829331576309e+00 -2.964911351897534519e+00
6.742372947811249295e-01 2.796731475351184493e+00 1.246293040550401132e+00
1.955940806750884886e-01 3.312559606637198950e+00 1.645405019693530591e+00
1.396736040604824314e-01 3.437305853194369654e+00 1.502190686676563303e+00
2.766117201524868063e-01 2.317191172168151958e+00 2.087221781953689792e+00
-1.257566243118356963e+00 1.731478428629996680e+00 2.529534777411815316e+00
-6.361424429679921611e-01 4.599753038866622568e+00 2.046710113935036601e-01
-5.164095119916325416e-01 6.221651056673138669e+00 -1.227322939395086854e+00
-1.896727150439097564e-01 -5.392192481048138752e+00 9.212179843949410696e-01
-4.888315437143206377e-01 -3.523747597740947146e+00 2.329989378406401190e+00
-9.326222175915122037e-01 1.466241284320279448e+00 2.728839973984938272e+00
7.980521635110998657e-02 -3.558481448853406448e+00 2.169158754616286267e+00
-1.325539017135777486e+00 -3.180066402775508116e+00 1.680169724393773212e+00
7.142985996301992602e-02 -4.923078751804953690e+00 1.337931846055770535e+00
-5.545420444029109941e-01 -3.813207304112320895e+00 2.144578587718537488e+00
-1.160648110518105236e+00 6.233724819854098431e-01 2.369056957550426112e+00
-2.402096133572610981e-01 -5.281959386720360250e+00 1.184881346068731439e-01
-4.265313286362128475e-01 1.700954892314949340e+00 2.772360442777792144e+00
-1.072806927580947978e+00 -3.507922543338550359e+00 1.927961252315529839e+00
-4.250221832498747299e-01 -3.291696545885307579e+00 2.205600419279773128e+00
-1.122025443344495166e+00 -2.822534814300343253e+00 1.851322822558109982e+00
-1.287774473363694661e+00 -2.994285274425264820e+00 1.256868606590428650e+00
1.319789406663298692e+00 -5.707311105491571723e+00 -5.351742689928876695e-01
-7.272666843587696217e-01 -4.774044395732374824e+00 1.468218192526811405e+00
-2.733199529346564405e-01 -4.596629583263604601e+00 1.768026234368513139e+00
-1.165403403591280584e+00 -3.664434703762122325e+00 2.012198453680039023e+00
1.389424145129186938e-01 -4.880975703083167971e+00 1.526357357235422540e+00
-6.208785383687108750e-01 -4.971023845545817998e+00 1.247661721117417910e+00
-8.238673651954477872e-01 7.181560574400037922e+00 -1.555718346210499758e+00
-6.549914772314154865e-01 7.704402311413247162e+00 -1.963638683764814541e+00
-7.254811728726618947e-01 6.675441735870509596e+00 -8.983698721222802552e-01
-4.415187176792566004e-01 8.221875955115043766e+00 -2.767989745935457879e+00
-1.069652610224951506e+00 1.493312194709000229e+00 2.713788186897644117e+00
-1.172477149413966302e+00 2.266635207103995242e+00 2.214155500178922598e+00
-2.798210589777287982e-01 -1.693620707637401648e-02 2.670429227394921501e+00
-3.713674362169397947e-01 1.064675342438005545e+00 2.722252561855459163e+00
2.460493714922248998e+00 -4.722818581776197178e+00 -3.041650109383787215e-01
2.044368695741510145e+00 -4.147946399993079680e+00 4.870685711528962014e-01
-2.160318421976362979e-01 -5.322794262592592140e+00 1.645353024726604885e-01
1.293235864537960689e+00 -5.711959151422072445e+00 -5.395013411589533181e-01
-2.102483287957173652e-01 2.131272487875722099e+00 2.525846705199087605e+00
5.917892518469572982e-01 2.047473459757484182e+00 1.225500286971342723e+00
-6.491685123369583810e-01 3.062793530688941779e+00 2.187730320594052813e+00
-1.908082323858051321e-01 2.386876933124764122e+00 2.340572379288376581e+00
-2.613063602777037087e-01 -4.817274380245048171e+00 -5.021528431176646157e-01
6.193943223866794634e-01 -5.760273876284105476e+00 9.335534148818468159e-02
-1.017263235802167154e-01 -5.305914492319444342e+00 1.094333206048850649e+00
-8.924738978028354808e-01 -3.924463697445939037e+00 1.314342317324183940e+00
-7.483929108542329844e-01 -2.094411079085104710e+00 2.011377586227022451e+00
-7.719404665982637637e-01 7.667342060980235630e+00 -2.027841515827293328e+00
1.449363572911084308e+00 -1.900368293516055296e+00 1.157441627370290549e+00
-1.174308611727527651e+00 3.170841314011791923e-01 2.354898973610529467e+00
-2.764084494884144760e-01 2.110350279492458458e+00 1.651785788733545424e+00
8.242961024870953946e-02 8.350929236443617398e+00 -3.826591068740223811e+00
-4.003040838855623784e-01 8.062559943410049001e+00 -2.701795259094510016e+00
-4.916792563535616889e-01 6.902960452956508952e+00 -1.013370790929645660e+00
-7.585021245817857860e-01 7.428359416518368619e+00 -1.801848505227396036e+00
9.291832783911045945e-01 -5.523868875531646516e+00 3.727738268091805307e-01
-5.859065739405244777e-01 -5.167657538243735083e+00 7.410830910242598435e-01
1.815436447018251798e+00 -5.690902230814733009e+00 -1.105171726231931162e+00
-9.552027133383834689e-01 -4.211817632094093433e+00 1.743119767298084488e+00
7.011283193393877955e-01 -5.800469293265051007e+00 -2.682669562581262990e-01
-1.128421729173789023e+00 6.994686597565140218e+00 -1.517593154089845520e+00
5.507331143148045394e-01 5.209732866679169128e+00 -2.529472299589725082e-01
-7.259457812737687421e-01 7.605364721156408159e+00 -1.719541851113379982e+00
-2.969206889310433972e-01 7.119679466807775192e+00 -1.224564317794942570e+00
-6.319065879523523277e-01 3.028333306184292084e+00 2.254665657163140491e+00
-6.213842022891489236e-01 2.078908270607618736e+00 2.714741451520652493e+00
-2.012932649118946427e-01 2.230325350529279049e+00 2.524563052998101575e+00
1.385040415998566588e-01 2.486189250586974708e+00 2.196528364833429503e+00
5.990092684686703084e-01 8.678794014731769479e+00 -4.786676870049009658e+00
-1.286051864471666195e-01 8.272968138436874952e+00 -3.430539251925966315e+00
1.232179730167204168e+00 8.899246528859329430e+00 -4.805958150181822930e+00
-1.863842309962523425e-01 8.047622195373236309e+00 -2.432140344390155473e+00
-3.797585513167176519e-01 -5.253769540248311998e+00 4.302648392191437687e-01
-8.801589089252083165e-01 -3.348425034724354266e+00 2.317110754773655579e+00
3.821819180837892627e-01 -4.875866788734819046e+00 1.447382502817835981e+00
-9.245515048326649055e-01 -3.633776931892904294e+00 2.212009730725463363e+00
5.241699618337997135e-01 -5.607478137842541344e+00 4.548579660080611653e-01
4.567467334953325547e-02 -5.493960148290574885e+00 4.239741688528776004e-02
2.815749870213639094e-01 -5.602200001360889914e+00 4.786905470000418217e-01
-5.003897969549330194e-01 -5.212494017894750087e+00 3.983894611976094291e-01
-1.220646395361718373e+00 -5.624102508711597004e-01 2.242927452588170389e+00
-1.347856784023151011e+00 -2.628278781767911632e+00 1.141925508722923421e+00
-8.104340173248896217e-01 -3.314444154555054034e+00 -4.116536672711174627e-01
3.482075117485369908e+00 -4.850321738157721718e+00 -2.759203550529699456e+00
6.204849439470578876e-01 -5.489816187089132882e+00 -1.144557415137406053e+00
1.841877656761186977e+00 -5.533065749029794311e+00 -5.070312376227805728e-01
1.748968468391018716e+00 -5.401752484442602587e+00 -1.419612356434654110e+00
1.118777687165117607e+00 -5.740577876780135647e+00 -1.079936029415434096e+00
-3.308371195219714234e-01 4.628891597367650768e+00 4.707382442148366208e-01
-1.008547850316655170e+00 6.737180904865669007e+00 -1.243669775978726522e+00
-1.035088818274576328e+00 6.235456596351626857e+00 -9.517801043097204872e-01
7.155269172687540868e-02 2.206108851681475969e+00 2.310043719837400200e+00
-3.298106173745063985e-01 8.588770953533731989e-01 2.820959959792485261e+00
-7.846490789509270591e-01 5.697298751700455854e-01 2.795036643185819791e+00
-1.006998494489740992e+00 -3.620919142868672669e+00 2.162594661883366687e+00
-4.899263020501508636e-01 1.845391082697539931e+00 2.773824485842379062e+00
-3.953558899156032758e-01 1.639055156349888964e+00 2.780967824039151992e+00
-9.323354020955426646e-01 2.068376613368288819e+00 2.673129824202454596e+00
-5.783741880683701542e-01 5.795185564963146740e-01 2.871264366357408448e+00
-3.376040486179218703e-02 2.397945541851506768e+00 2.282372499033944901e+00
-1.052241202258752173e+00 3.234985160990625275e+00 1.909614378592778605e+00
-1.110234326221052559e+00 6.293981698003034531e+00 -1.088344276023498258e+00
-1.193672710653074898e+00 3.699411177341253243e+00 1.155156681553605874e-01
-1.200590155587797359e+00 5.982882497929773891e+00 -1.429813408121431983e+00
-8.256555350553976824e-01 7.266664331515714892e+00 -1.454448902578084901e+00
1.553651727136121374e-01 -5.539209573264980868e+00 7.045892639455025863e-01
-1.233663494150257556e+00 -3.908331814139461180e+00 1.528906210803815391e+00
-1.039871855973647063e+00 -4.347544748819782257e+00 1.385136600164651677e+00
-4.765486680812051623e-01 -5.257488250096361782e+00 4.871157433137422998e-01
-1.116173610091608426e+00 -3.099218375507061030e+00 1.950569421706247253e+00
-8.406021772960067251e-01 -2.684096499577734107e+00 2.302506045784362687e+00
-3.596987805686870932e-01 -3.137433256274619442e+00 2.388966538482417246e+00
-1.145490134358722711e+00 -3.858844448864674703e+00 1.762007192579150283e+00
-1.057724580105881218e+00 -1.673520546918630059e+00 2.422554105181722317e+00
-1.290330606196383956e+00 1.427016862075273451e+00 1.585768211647480275e+00
-1.018885167578305273e+00 -2.594602684538265702e+00 1.794218996185222847e+00
-7.763227881564642718e-01 1.891450657211206421e+00 1.518432506682954930e+00
1.161864876682102560e-02 -5.604286030487600989e+00 -2.962217744295613919e-03
1.765762587435841247e-01 -5.505921960233699508e+00 7.777735435035957323e-01
-1.204670032619171494e+00 2.007216700643844387e+00 2.474395742650673302e+00
-2.151007180828517773e-01 5.516056124607013889e-01 2.729021526189767233e+00
-4.317915869509762472e-01 -3.002197985455537843e+00 2.382225191451927682e+00
-1.546600330110649568e-01 1.546471746596288943e+00 2.680471635170226907e+00
-8.317781945395993359e-01 1.989266465920342064e+00 2.703222687548708869e+00
-5.869151303206809889e-01 6.586062135443983223e+00 -6.676714111639771021e-01
-1.131961605210286548e+00 6.446726812201163170e+00 -8.487631183848287630e-01
-7.752143122011047049e-01 7.561365667802388835e+00 -2.111750538283832856e+00
-6.914874662470070765e-01 6.750005080387293077e+00 -9.342560806927444617e-01
-7.118682881717305899e-02 7.998547173396254095e+00 -2.526688794614809552e+00
-4.800656387285058835e-01 7.786543072359633832e+00 -2.088020847261571333e+00
-1.052086633146659400e+00 5.375653086370521194e+00 -7.636576513889217765e-02
-6.615510273236439032e-01 7.625745442653685480e+00 -2.519073259070708115e+00
-2.418725118254523576e-02 -5.459068145984035780e+00 -3.229982158785404400e-01
4.740977709095085535e-01 -5.723578056514385892e+00 -5.880527764509287936e-01
2.410963856813256034e-01 -5.365940284327202825e+00 -7.909592785222951949e-01
-8.253791322595674940e-01 -4.340316998969719009e+00 1.643029398995142554e+00
5.623409653533187891e-01 -9.536313411106451809e-01 1.953698310386851045e+00
5.387616177686908175e-02 6.061127724184485643e+00 -1.595308520029578014e+00
2.411466559363689921e+00 -2.455616524876689244e+00 1.002139501151803613e-01
1.517658177180225332e+00 3.277428093148024857e+00 -3.337728176383292222e-01
-1.006645806520798381e-01 -5.104352718213688966e+00 -4.899975954377720488e-01
5.994701780091021143e-02 -5.475472531149232047e+00 -3.165825836837273810e-01
1.355887202934037639e+00 -5.527409556271662083e+00 5.845556622427711818e-02
5.573148812602594093e-01 -5.453978951795892094e+00 -1.080002190785202432e+00
-8.378752185127871233e-01 -3.856065598055987476e+00 1.944833767490759202e+00
-1.312881309460618873e+00 -3.940379437303871968e-01 7.141763184826493971e-01
-1.515830928471325167e+00 -2.648829650289192816e-01 1.485344571158237148e+00
-7.807730584247316585e-01 -3.885514538529700967e+00 2.889701354896614949e-01
1.091254108249716692e+00 -5.006406682921281437e+00 -1.860443941930892020e+00
1.853061321828230357e+00 -5.521945163063083584e+00 -1.300147619373473562e+00
1.327792783708800668e-02 -5.613052188848944191e+00 1.938396949750418596e-01
1.001706710595006156e+00 -5.697132662095571121e+00 -1.089099922814433796e+00
-7.285443521815448964e-01 -3.821669216744234099e+00 2.058707939438686019e+00
-1.652384877006749797e-01 -3.555562800592272588e+00 2.202715976887999361e+00
3.965482693546045212e-01 -2.713656769386188383e+00 2.001243751684891325e+00
2.740784083446445168e-02 1.658766607412810901e+00 2.559500304333296228e+00
9.467836412986976868e-02 -5.532078691827773120e+00 -1.065755352394249095e-01
-9.189965632240578719e-01 -4.178889229232533253e+00 1.459952325739624968e+00
2.320545933759678159e-01 -4.933978432192152042e+00 1.168286369855785933e+00
-5.702048561265931487e-02 -4.649653238079078044e+00 -3.988061996845519430e-01
-3.061574555549748111e-01 -5.365453768875597440e+00 4.180174051458734330e-01
2.632556804543217943e+00 -4.840374703099603160e+00 -3.206001266828547358e+00
-1.263717711977172753e+00 -3.029327004060054396e+00 1.591718757842356391e+00
2.207890265851468303e+00 -5.251862988369521368e+00 -1.739640771882306591e+00
3.871831960888036939e+00 -4.683462281960561135e+00 -2.776115718132693644e+00
4.234389170400245206e+00 -4.295048412375360058e+00 -2.764590087385430550e+00
1.256073725704235367e+00 -3.507141209597922860e+00 -7.582882867503910884e-02
1.554181941486146856e+00 -3.030512758582109001e+00 7.315710952252576504e-01
2.330933841517646599e+00 -4.810826726714826584e+00 -2.848463066637224816e+00
9.050327804943678611e-01 -5.616062997370318222e+00 -3.617460959304200172e-03
3.583349428588091246e-01 -5.559966495025705058e+00 5.894358348048832526e-03
-9.348479234736372101e-01 -9.456954336319096932e-02 -4.545436177247528381e-02
1.190984940319293583e+00 -3.793373528642169479e+00 8.019000534074355313e-02
-3.990398245590572879e-01 -4.718098876095186078e+00 9.041957598262335971e-02
2.647256090202117496e-01 -5.462004494328396298e+00 5.773422308286095816e-01
-8.272042633250361598e-01 -4.342996324481413595e+00 1.873949782115493790e+00
-7.096903759166355297e-01 -3.837973123707186573e+00 2.170597845177868024e+00
-1.241940675243598635e+00 -3.359873122924743605e+00 1.897144038026703505e+00
-1.551359076615047350e+00 5.843725788171542229e-02 1.767669444685358027e+00
-9.601115696444229020e-01 -4.227057211637063716e+00 6.901321077648745472e-01
1.806965309733892688e+00 -5.632178700617837208e+00 -1.844236530116103001e+00
1.385230709620972167e+00 -5.601281248280213454e+00 -1.603315355327271430e+00
1.101279744705798924e+00 -5.796565448127436682e+00 -1.034286758368470949e+00
7.826715084673219192e-01 -5.648327930805412400e+00 2.328135224681521787e-01
1.844511733855297209e+00 -5.496217379722145857e+00 -1.046022149261444323e+00
1.297742149966664371e+00 -5.638273918052157718e+00 -1.140766607435242275e+00
4.966668915789447802e-01 -5.766114845320597482e+00 -3.919516996330792424e-01
2.192884774691349070e-01 -5.442056141564911798e+00 -4.097486536980386451e-01
5.285774168731149913e-01 -5.720288138227574315e+00 -3.599586635787716538e-01
1.444009897263845765e+00 -4.829966111835624964e+00 5.750887929662453768e-01
-2.890124520820401832e-01 -5.302175611480074657e+00 -3.201182717788027959e-02
-2.449356190237035047e-01 -5.302046986212055835e+00 -1.002681097091429746e-01
1.066485294032866460e-01 -5.376799632895740366e+00 6.521369274175121689e-01
-7.041120197320164253e-01 -4.285702684506341065e+00 5.537107671989778268e-01
5.212886710133958212e-01 -4.754157996075152326e+00 1.112163887531938622e+00
8.474956954972580059e-01 -3.043084790409887219e+00 1.432129821452589491e+00
7.407687161222007433e-01 -1.554170026679755345e+00 1.317357512570018319e+00
-1.547717819088103797e+00 7.461291352970518542e-02 1.580365360574154554e+00
-1.421705058697362301e+00 -1.414577158427910430e-01 1.741761030832173818e+00
-1.054387560522037637e+00 1.973478340136721076e+00 2.501283663817084335e+00
-3.718673884819553299e-01 4.734193390961449310e+00 -2.142190975516689466e+00
-5.335360223291530923e-01 6.888574508579276001e-01 2.890596694373702480e+00
-2.807462130509799092e-01 1.944091153596966048e+00 2.520495277428481895e+00
5.010947851776298423e-01 -4.259710641278432242e+00 1.541042598161082688e+00
1.259100269150355556e-01 -4.262817864696175185e+00 1.821020892259016311e+00
4.588316154607678388e-01 -4.961095693009675678e+00 4.872075121673329345e-01
-4.331968358934314978e-01 -4.865883012789331552e+00 1.122529757031120790e+00
-7.030421592543161236e-01 -4.500504889063675407e+00 1.678958659593524860e+00
-2.407376046743507636e-01 -3.584880472565150633e+00 2.193118661583722151e+00
-7.801930146915039277e-01 -3.228495250377515724e+00 2.346811550386617817e+00
3.459900273365912327e-01 -5.499636601403086189e+00 -6.852648437217996324e-01
1.340517400676253912e+00 -5.590276188255213441e+00 -8.924923930033856756e-01
7.351557662199810217e-01 -5.663017851483363785e+00 3.174745161240790647e-01
6.720805515666025132e-01 -5.326981699825757310e+00 -1.200243449129622775e+00
8.227666279447090059e-01 -5.608156138351320763e+00 -5.065540363889181608e-01
-1.286215640681522276e-01 -4.918881599113332115e+00 -4.115146769382463932e-01
6.660711288565689114e-02 -5.270138696220351804e+00 -5.770360908176173087e-01
4.204164276659017041e-01 -5.511309839150127843e+00 1.495433376882689125e-01
8.368832219306060471e-01 -5.519284946747523790e+00 -1.353404984297791325e+00
2.961657877879457224e-01 -5.725405866276541467e+00 -4.224036280258627180e-02
1.000812016115935954e+00 -5.610653794616081491e+00 -1.225143597875651302e+00
-1.112946090224727014e+00 2.099323736735060619e-02 2.495992245432922196e+00
9.692970496686998949e-01 -4.591004081428349398e-03 -1.608145908287983150e-01
-1.229300829850313637e+00 -3.435490240347625956e+00 1.885358945927979146e+00
-1.340733009329934111e+00 1.422636208359294496e+00 2.322893152197563538e+00
-9.847403410437653992e-01 -3.834026237832488526e+00 7.403473317929013531e-01
-3.068878233307915648e-01 -4.379401950723329939e+00 -4.449798304184808262e-01
-3.964073132358326146e-01 -3.309148532866625914e+00 2.224600224196713771e+00
-8.882810046529548975e-01 -3.806803539137766368e+00 2.041490421872424577e+00
4.589583198509300743e+00 -4.149409172775349042e+00 -3.016409118888191632e+00
-6.717933528446565772e-01 -4.059419658295229105e+00 -5.500073000241711974e-02
2.588839375556311606e-01 -4.436363001978009812e+00 1.727832518268291651e+00
6.770430725853904264e-01 -4.383478537391130914e+00 1.206366078313730217e+00
