1.347691059112548828e+01 -3.136292457580566406e+01 -1.655420684814453125e+01
-9.374818801879882812e+00 9.778726196289062500e+01 -3.898026275634765625e+01
1.454959201812744141e+01 -6.700084686279296875e+01 -2.035947036743164062e+01
2.962355995178222656e+01 -5.485487747192382812e+01 -2.981795883178710938e+01
3.457970809936523438e+01 -6.486796569824218750e+01 -1.330027866363525391e+01
-1.560002899169921875e+01 4.563250732421875000e+01 1.136934738159179688e+02
-5.926444244384765625e+01 -9.141558074951171875e+01 -3.940655136108398438e+01
-5.368634414672851562e+01 -8.668235015869140625e+01 -2.139694595336914062e+01
-6.839672851562500000e+01 -1.009843521118164062e+02 -2.273300170898437500e+01
-3.159844207763671875e+01 -9.115268707275390625e+01 -3.832795715332031250e+01
-1.168881797790527344e+01 -9.768020629882812500e+01 -4.065525054931640625e+01
3.634674072265625000e+00 -8.773413085937500000e+01 -3.010350418090820312e+01
4.798361778259277344e+00 -9.814875793457031250e+01 -4.932208633422851562e+01
-3.890076828002929688e+01 -1.032250900268554688e+02 -1.679030418395996094e+01
3.309539413452148438e+01 -2.378805923461914062e+01 9.086555480957031250e+01
-2.783490180969238281e+01 7.193725585937500000e+01 3.450662612915039062e+01
-4.208617019653320312e+01 5.941445159912109375e+01 4.493974304199218750e+01
-3.257621383666992188e+01 8.603868103027343750e+01 2.026444625854492188e+01
6.522661590576171875e+01 4.326064109802246094e+00 5.023706817626953125e+01
-1.813535881042480469e+01 4.274730300903320312e+01 -8.167436981201171875e+01
-1.286737728118896484e+01 -4.127967453002929688e+01 7.875440979003906250e+01
5.131766128540039062e+01 -2.765613746643066406e+01 9.057152557373046875e+01
1.796842384338378906e+01 -8.887383270263671875e+01 6.138259124755859375e+01
6.970127105712890625e+01 -4.847431945800781250e+01 8.490461730957031250e+01
2.633585166931152344e+01 7.734069228172302246e-01 -5.436908721923828125e+01
-8.489455413818359375e+01 -3.526406097412109375e+01 -5.548383331298828125e+01
-8.717151641845703125e+01 -1.667580223083496094e+01 -6.467074584960937500e+01
-7.469168853759765625e+01 -2.060898590087890625e+01 -5.483071517944335938e+01
-7.698332977294921875e+01 -4.971033573150634766e+00 -7.337828063964843750e+01
6.885737609863281250e+01 -1.239321231842041016e+01 4.191813278198242188e+01
2.639224243164062500e+01 -2.636745643615722656e+01 4.881805038452148438e+01
6.069942855834960938e+01 -2.963430976867675781e+01 7.197815704345703125e+01
-2.331688117980957031e+01 3.806246566772460938e+01 5.539175415039062500e+01
-6.456446075439453125e+01 -1.078074359893798828e+01 3.991677093505859375e+01
-6.308493423461914062e+01 6.283460140228271484e+00 2.721714019775390625e+01
-4.332921218872070312e+01 -1.906798005104064941e+00 2.997908782958984375e+01
-5.777415084838867188e+01 1.540289211273193359e+01 4.276245880126953125e+01
-2.223242187500000000e+01 -6.919494628906250000e+01 -8.595619201660156250e+01
-5.616182708740234375e+01 -5.687717437744140625e+01 -6.143524169921875000e+01
-1.063880348205566406e+01 -4.753313827514648438e+01 -8.702903747558593750e+01
1.196715354919433594e+01 -3.188071823120117188e+01 -6.570211791992187500e+01
-6.940370178222656250e+01 -5.655354309082031250e+01 -9.893793487548828125e+01
-6.372412872314453125e+01 -6.119973373413085938e+01 -8.044847869873046875e+01
-8.410902404785156250e+01 -5.481872558593750000e+01 -8.556250762939453125e+01
-3.710234832763671875e+01 2.324935150146484375e+01 6.262489700317382812e+01
-1.617842674255371094e+01 -1.701348495483398438e+01 7.757907104492187500e+01
5.965735626220703125e+01 -2.463188743591308594e+01 -3.683055496215820312e+01
-3.791260910034179688e+01 8.717150688171386719e+00 4.506267929077148438e+01
6.829433441162109375e+01 -1.541067790985107422e+01 8.729718780517578125e+01
6.467720031738281250e+01 -1.169040298461914062e+01 6.110918807983398438e+01
8.444799423217773438e+00 2.521226882934570312e+01 -5.415572738647460938e+01
7.536189270019531250e+01 4.214196014404296875e+01 3.280567932128906250e+01
9.093615531921386719e+00 6.092173004150390625e+01 -5.605507278442382812e+01
3.685680770874023438e+01 7.246424102783203125e+01 -4.920080947875976562e+01
-1.981436538696289062e+01 5.749843215942382812e+01 -6.509633636474609375e+01
-3.685709381103515625e+01 4.746117782592773438e+01 -7.128783416748046875e+01
3.992586135864257812e+01 -9.743403434753417969e+00 7.933139038085937500e+01
5.185152816772460938e+01 -2.554098701477050781e+01 -5.536686420440673828e+00
-3.448342514038085938e+01 1.781896400451660156e+01 -6.662683105468750000e+01
-2.046313095092773438e+01 1.375693798065185547e+00 6.745731353759765625e+01
1.543771743774414062e+01 -3.748794317245483398e+00 7.986856079101562500e+01
-9.976603698730468750e+01 1.061880302429199219e+01 -1.752626190185546875e+02
-5.978261947631835938e+01 -7.553649139404296875e+01 -6.482174682617187500e+01
8.302264213562011719e+00 7.734983825683593750e+01 -2.942441177368164062e+01
-1.545508575439453125e+01 -5.586004638671875000e+01 -6.914543151855468750e+01
-3.419839096069335938e+01 9.777061462402343750e+01 -2.838379287719726562e+01
2.502021217346191406e+01 1.107493286132812500e+02 -2.225619125366210938e+01
-2.336476707458496094e+01 -3.994569015502929688e+01 -1.044807815551757812e+02
-3.231469726562500000e+01 -3.963421630859375000e+01 -8.686119079589843750e+01
-6.743180084228515625e+01 -6.460999298095703125e+01 -4.571126937866210938e+01
7.164601135253906250e+01 -8.675676727294921875e+01 -2.436260223388671875e+00
1.633261871337890625e+01 -4.015150070190429688e+01 -4.349378585815429688e+01
-4.095451736450195312e+01 -4.732762145996093750e+01 -2.632120895385742188e+01
-6.340665054321289062e+01 -3.789673614501953125e+01 -2.486571693420410156e+01
2.936066389083862305e-01 8.648680877685546875e+01 -6.265615081787109375e+01
1.813000321388244629e+00 -5.672454452514648438e+01 1.093422012329101562e+02
-3.732280492782592773e+00 -1.511421871185302734e+01 6.331086349487304688e+01
-3.845624923706054688e+01 -2.564513206481933594e+01 7.180716705322265625e+01
4.102669525146484375e+01 -7.539157390594482422e+00 -1.643919181823730469e+01
-8.485633087158203125e+01 5.666809844970703125e+01 -2.966088104248046875e+01
6.106102371215820312e+01 -7.138660907745361328e+00 -1.550591826438903809e+00
-4.658731460571289062e+01 -4.946219253540039062e+01 5.846348571777343750e+01
6.235520172119140625e+01 6.581960296630859375e+01 3.945081710815429688e+01
5.827185440063476562e+01 -1.370454216003417969e+01 1.660402870178222656e+01
-1.502878189086914062e+01 -8.717359924316406250e+01 -8.234128570556640625e+01
3.075418472290039062e+01 -6.074292755126953125e+01 -4.836494445800781250e+01
5.465502738952636719e+00 -5.558689117431640625e+01 -7.858599853515625000e+01
-4.175234603881835938e+01 -3.363930892944335938e+01 -3.953790283203125000e+01
1.125592041015625000e+01 -5.944800567626953125e+01 -4.311471557617187500e+01
-1.745744132995605469e+01 1.180267105102539062e+02 4.846337795257568359e+00
-5.144857025146484375e+01 -3.750410461425781250e+01 -7.133914947509765625e+01
-4.071509933471679688e+01 7.318866729736328125e+01 -8.905970764160156250e+01
1.762062263488769531e+01 -2.392907714843750000e+01 -8.406397247314453125e+01
-7.554884338378906250e+01 -8.096037292480468750e+01 -2.722387504577636719e+01
-8.001899719238281250e+01 -9.571435546875000000e+01 -4.139057159423828125e+01
-1.754054832458496094e+01 -8.524914550781250000e+01 -5.612651824951171875e+01
-5.319078826904296875e+01 2.905404281616210938e+01 2.626971244812011719e+01
-7.645854187011718750e+01 -7.864231109619140625e+00 -2.525672614574432373e-01
-3.436474609375000000e+01 2.302895164489746094e+01 2.887818908691406250e+01
-4.421957397460937500e+01 1.439145660400390625e+01 1.167312240600585938e+01
-2.424001884460449219e+01 6.072227478027343750e+01 2.090187454223632812e+01
-2.161311912536621094e+01 3.608385848999023438e+01 -6.526635742187500000e+01
-5.916595840454101562e+01 -2.867946243286132812e+01 -9.475749969482421875e+01
-6.893144989013671875e+01 -4.243586349487304688e+01 -8.276902008056640625e+01
-4.638051986694335938e+01 -5.087662506103515625e+01 -9.790630340576171875e+01
-4.210900878906250000e+01 -6.184114837646484375e+01 -8.269123840332031250e+01
-4.238251876831054688e+01 3.809503173828125000e+01 4.758204650878906250e+01
-8.649498820304870605e-01 8.248632431030273438e+00 6.482598876953125000e+01
-2.591006278991699219e+01 -4.861450195312500000e+00 8.495258331298828125e+01
1.201315593719482422e+01 -2.265371704101562500e+01 8.410315704345703125e+01
5.267731857299804688e+01 5.491712570190429688e+00 1.056218795776367188e+02
-6.501843452453613281e+00 2.425708293914794922e+00 8.070783233642578125e+01
-2.099044609069824219e+01 8.368937683105468750e+01 7.360108184814453125e+01
4.538516235351562500e+01 -4.284029006958007812e+00 5.096724700927734375e+01
-9.522406578063964844e+00 -3.660258865356445312e+01 -6.987718963623046875e+01
-5.275341415405273438e+01 -1.095501632690429688e+02 -3.447037887573242188e+01
-1.293764352798461914e+00 5.373439407348632812e+01 -7.473108673095703125e+01
8.734963989257812500e+01 -2.597862625122070312e+01 5.844956207275390625e+01
2.517996597290039062e+01 -4.646461486816406250e+01 1.059466018676757812e+02
6.551001071929931641e-01 -7.443773651123046875e+01 1.077808456420898438e+02
2.915988349914550781e+01 -7.491196441650390625e+01 -3.203881454467773438e+01
5.122345352172851562e+01 -5.697637557983398438e+01 7.397203826904296875e+01
-5.937177276611328125e+01 -7.932314300537109375e+01 5.780132293701171875e+01
-2.027428627014160156e+01 -1.020549926757812500e+02 -6.132795715332031250e+01
-6.093325805664062500e+01 5.703647994995117188e+01 2.891776657104492188e+01
-3.489318466186523438e+01 4.028226852416992188e+01 3.085253143310546875e+01
3.576557922363281250e+01 -4.820881366729736328e+00 -1.017270660400390625e+02
1.188897705078125000e+02 -2.813536071777343750e+01 3.578367471694946289e+00
2.366020011901855469e+01 -3.006246185302734375e+01 1.631477165222167969e+01
8.348713874816894531e+00 3.463336563110351562e+01 -7.333337402343750000e+01
-5.056018352508544922e+00 -2.800158500671386719e+01 3.960448837280273438e+01
-1.051763305664062500e+02 -1.462143325805664062e+01 2.726709365844726562e+01
-9.417462921142578125e+01 -1.681601333618164062e+01 1.018443298339843750e+01
-9.900516510009765625e+01 6.082713603973388672e+00 3.940074539184570312e+01
3.021708488464355469e+01 -4.592448806762695312e+01 -7.394795227050781250e+01
-4.389579010009765625e+01 2.353619003295898438e+01 1.134076385498046875e+02
2.681157827377319336e+00 -2.978471374511718750e+01 -9.976445007324218750e+01
-6.646144104003906250e+01 -4.610599517822265625e+01 -6.824224948883056641e+00
2.911433982849121094e+01 -8.490877532958984375e+01 4.503022670745849609e+00
5.908280944824218750e+01 5.197193622589111328e+00 1.196501922607421875e+01
5.871884155273437500e+01 3.201391220092773438e+01 6.769929504394531250e+01
8.506065368652343750e+01 -1.736700057983398438e+00 5.058626556396484375e+01
5.319010543823242188e+01 2.854256439208984375e+01 -4.790473937988281250e+01
1.956739234924316406e+01 4.372819519042968750e+01 -5.294352340698242188e+01
7.846160125732421875e+01 2.272491836547851562e+01 5.258393478393554688e+01
6.200285720825195312e+01 1.247428417205810547e+01 7.388616180419921875e+01
8.532019805908203125e+01 -3.957830429077148438e+00 6.877525329589843750e+01
3.503051757812500000e+01 -3.920664215087890625e+01 7.820244598388671875e+01
-4.192044830322265625e+01 -8.197844696044921875e+01 1.742047309875488281e+01
1.145727157592773438e+01 1.587376499176025391e+01 -9.981324005126953125e+01
-6.748254394531250000e+01 3.211031723022460938e+01 3.868323898315429688e+01
-7.858901214599609375e+01 8.220615386962890625e+00 3.756714248657226562e+01
-9.322163391113281250e+01 6.541286468505859375e+00 -2.973809051513671875e+01
-7.900656890869140625e+01 1.672391128540039062e+01 -2.568431091308593750e+01
-7.638994598388671875e+01 -6.185470199584960938e+01 -6.567140960693359375e+01
1.337429199218750000e+02 1.245452761650085449e+00 4.706933975219726562e+01
2.071018028259277344e+01 -4.063974380493164062e+01 -9.909942626953125000e+01
-3.008933448791503906e+01 -2.064046669006347656e+01 -9.934780120849609375e+01
-1.177249908447265625e+02 5.291420459747314453e+00 -9.575133323669433594e+00
-1.143842391967773438e+02 -8.032032012939453125e+00 8.723982810974121094e+00
-1.030459518432617188e+02 -1.232224178314208984e+01 -6.745423316955566406e+00
-1.075797042846679688e+02 2.072319030761718750e+01 3.168531894683837891e+00
-5.434449768066406250e+01 3.998376846313476562e+01 6.641371917724609375e+01
-4.305715560913085938e+00 -1.247381114959716797e+01 2.992595672607421875e+00
3.387491226196289062e+01 -3.555034637451171875e+01 -2.572434997558593750e+01
5.337616729736328125e+01 2.095883369445800781e+01 1.990212440490722656e+01
-1.162114238739013672e+01 -3.710354232788085938e+01 5.602102661132812500e+01
4.671437072753906250e+01 -1.554140686988830566e+00 -4.226358795166015625e+01
-2.157197761535644531e+01 -1.940652847290039062e+01 5.835168457031250000e+01
3.455250549316406250e+01 -6.873871612548828125e+01 7.707186889648437500e+01
6.912880706787109375e+01 -3.001020622253417969e+01 5.098432064056396484e+00
6.165602684020996094e+00 -4.115273666381835938e+01 7.587859344482421875e+01
-4.642241287231445312e+01 8.067900085449218750e+01 4.970013427734375000e+01
8.231064605712890625e+01 4.309130859375000000e+01 5.440196609497070312e+01
-5.328518295288085938e+01 -3.010262727737426758e+00 1.024587345123291016e+01
-7.854013824462890625e+01 8.167798614501953125e+01 -2.106341361999511719e+01
-2.124746704101562500e+01 -5.420782852172851562e+01 6.495358276367187500e+01
1.819654846191406250e+01 -6.680135345458984375e+01 9.274138641357421875e+01
5.840712738037109375e+01 -6.793243408203125000e+01 8.492292785644531250e+01
4.227153778076171875e+01 4.747038269042968750e+01 -4.966262435913085938e+01
4.153951263427734375e+01 -1.739157676696777344e+01 3.249590682983398438e+01
4.088924026489257812e+01 -2.983325767517089844e+01 7.998473167419433594e+00
1.591407871246337891e+01 8.450399017333984375e+01 2.679765510559082031e+01
3.834135818481445312e+01 -1.195095539093017578e+01 1.807276844978332520e+00
5.594938278198242188e+01 3.522705733776092529e-01 3.396894073486328125e+01
-1.444200992584228516e+01 -4.778135681152343750e+01 -3.963178634643554688e+01
2.995889663696289062e+00 -2.041453552246093750e+01 -5.274144744873046875e+01
-2.691397476196289062e+01 -3.220294952392578125e+01 -2.411277008056640625e+01
1.007814254760742188e+02 -1.001136169433593750e+02 1.358551330566406250e+02
6.655421447753906250e+01 2.849182128906250000e+00 -5.537523651123046875e+01
-5.749591445922851562e+01 1.928556442260742188e+01 7.757508850097656250e+01
-3.761653137207031250e+01 6.599596405029296875e+01 1.281412839889526367e+00
-4.520065307617187500e+01 3.964474868774414062e+01 5.013377666473388672e-01
-1.180038738250732422e+01 2.263465881347656250e+01 -7.447264862060546875e+01
-3.389766693115234375e+01 2.841683769226074219e+01 -8.003614807128906250e+01
6.599848175048828125e+01 4.881920623779296875e+01 5.038322830200195312e+01
3.990305328369140625e+01 3.553824996948242188e+01 -6.105243301391601562e+01
-1.039267272949218750e+02 2.495173454284667969e+01 2.619632530212402344e+01
-9.984648132324218750e+01 2.173329544067382812e+01 -2.188500404357910156e+01
-8.802635955810546875e+01 -1.114183902740478516e+01 4.267408370971679688e+01
-6.763632965087890625e+01 8.440536499023437500e+00 -4.791176319122314453e-01
9.092875671386718750e+01 6.058501434326171875e+01 4.839916610717773438e+01
4.313095474243164062e+01 4.060556030273437500e+01 -2.541401481628417969e+01
4.160822677612304688e+01 6.876710891723632812e+00 1.465573501586914062e+01
6.185402297973632812e+01 -6.181845855712890625e+01 3.127074432373046875e+01
-2.711667537689208984e+00 -6.390999603271484375e+01 9.051576232910156250e+01
7.613550186157226562e+00 -4.842274475097656250e+01 -5.880008316040039062e+01
-4.198970794677734375e+01 -2.475952148437500000e+01 9.042434692382812500e+01
-3.878276824951171875e+01 7.447506713867187500e+01 6.467939758300781250e+01
-1.014252471923828125e+02 -1.696570205688476562e+01 6.611001586914062500e+01
-6.047878646850585938e+01 7.086255645751953125e+01 -6.285655975341796875e+01
1.679405808448791504e+00 -6.974324035644531250e+01 -6.669214630126953125e+01
-4.630989074707031250e+01 -2.396494865417480469e+01 -2.349436187744140625e+01
3.160416793823242188e+01 -3.244665908813476562e+01 -5.445113754272460938e+01
1.166978168487548828e+01 3.627770996093750000e+01 -3.480050277709960938e+01
7.574677276611328125e+01 1.936645317077636719e+01 2.990292930603027344e+01
4.137438583374023438e+01 6.501183319091796875e+01 -6.690642547607421875e+01
3.800381469726562500e+01 -2.217394256591796875e+01 6.508502197265625000e+01
4.515331649780273438e+01 5.995378112792968750e+01 -2.334693908691406250e+01
3.437602281570434570e+00 -4.474742889404296875e+01 -3.010551452636718750e+01
-3.787416076660156250e+01 -1.958478212356567383e+00 -1.366215038299560547e+01
1.133134174346923828e+01 7.331572723388671875e+01 -8.519515991210937500e+00
-4.652162551879882812e+01 -3.916471481323242188e+01 -8.836045265197753906e+00
-8.173910522460937500e+01 -6.957604408264160156e+00 2.574368095397949219e+01
-8.655530548095703125e+01 8.015480041503906250e+00 5.791465759277343750e+01
-1.042002639770507812e+02 7.796384811401367188e+00 2.012188339233398438e+01
-9.202143859863281250e+01 7.545349597930908203e+00 -3.885892152786254883e+00
-4.529491424560546875e+01 -7.203710174560546875e+01 -5.044958114624023438e+01
-3.203540420532226562e+01 -7.939657592773437500e+01 -7.131819915771484375e+01
-7.923731231689453125e+01 -6.355978393554687500e+01 5.077990531921386719e+00
-1.046894931793212891e+01 -1.739111137390136719e+01 -8.445837402343750000e+01
6.249380874633789062e+01 3.133061790466308594e+01 4.270031738281250000e+01
5.879067897796630859e+00 -4.829531097412109375e+01 5.150976943969726562e+01
2.607658576965332031e+01 -4.349439620971679688e+00 -7.933791637420654297e+00
1.253815460205078125e+01 -6.459262084960937500e+01 4.470562744140625000e+01
3.986499404907226562e+01 2.020504188537597656e+01 -2.122065162658691406e+01
6.830728149414062500e+01 1.920786285400390625e+01 -1.424596405029296875e+01
1.986947441101074219e+01 1.042919826507568359e+01 -7.845059967041015625e+01
9.293742370605468750e+01 3.410320663452148438e+01 3.680388641357421875e+01
-2.268356132507324219e+01 8.312873077392578125e+01 5.396193313598632812e+01
4.415800094604492188e+01 -5.874895095825195312e+01 9.697722625732421875e+01
7.986508941650390625e+01 -7.989956665039062500e+01 -1.799193954467773438e+01
6.074529647827148438e+01 3.106213569641113281e+01 -8.486465454101562500e+01
1.083575134277343750e+02 6.528551483154296875e+01 -2.902415847778320312e+01
2.192455101013183594e+01 5.114176559448242188e+01 -7.142287445068359375e+01
6.503434753417968750e+01 7.020323944091796875e+01 -8.465010070800781250e+01
6.106858444213867188e+01 6.467274475097656250e+01 -4.411140823364257812e+01
-1.871464729309082031e+01 -3.974238395690917969e+00 3.079521417617797852e+00
-8.618018150329589844e+00 -4.782550048828125000e+01 -1.502459812164306641e+01
2.717650175094604492e+00 -3.829580688476562500e+01 -1.880810976028442383e+00
-3.185537576675415039e+00 4.504959869384765625e+01 -1.141938476562500000e+02
-7.050122833251953125e+01 5.090717697143554688e+01 8.878114700317382812e+00
-4.716984939575195312e+01 7.248347473144531250e+01 2.696845054626464844e+01
3.181717681884765625e+01 7.778124237060546875e+01 3.726123046875000000e+01
-6.938706970214843750e+01 8.082898706197738647e-02 6.054785537719726562e+01
6.533053588867187500e+01 4.161873626708984375e+01 9.874098205566406250e+01
-7.106581115722656250e+01 2.229138183593750000e+01 5.803984451293945312e+01
-4.634388351440429688e+01 5.555318069458007812e+01 1.615558433532714844e+01
-8.761468505859375000e+01 1.540860652923583984e+01 1.392308235168457031e+01
-9.420205688476562500e+01 3.063049125671386719e+01 5.429746246337890625e+01
5.519514560699462891e+00 -5.663914489746093750e+01 -5.156054496765136719e+00
-9.217614746093750000e+01 5.037456130981445312e+01 6.285493850708007812e+01
2.401968765258789062e+01 -4.849288558959960938e+01 -1.066206836700439453e+01
-9.997038841247558594e+00 -2.839891624450683594e+01 -3.860207366943359375e+01
4.571026229858398438e+01 2.321622276306152344e+01 -7.335089445114135742e-01
4.882321548461914062e+01 -5.054627990722656250e+01 4.899370956420898438e+01
5.257295989990234375e+01 -2.811295890808105469e+01 5.225849914550781250e+01
8.932914733886718750e+01 2.722266960144042969e+01 2.057413291931152344e+01
-8.172272491455078125e+01 4.691292190551757812e+01 -5.068239974975585938e+01
-7.934071063995361328e+00 -8.054357147216796875e+01 6.830119323730468750e+01
-4.439064788818359375e+01 3.866538238525390625e+01 -1.083853225708007812e+02
1.384576225280761719e+01 1.028442916870117188e+02 1.154597854614257812e+01
-2.211312103271484375e+01 -7.111717224121093750e+01 9.974382019042968750e+01
-6.016176223754882812e+01 6.845500183105468750e+01 6.884112548828125000e+01
1.071675896644592285e+00 -8.451423645019531250e+01 9.243748474121093750e+01
-9.029896545410156250e+01 -1.587616348266601562e+01 7.815717315673828125e+01
7.096121978759765625e+01 5.416257095336914062e+01 1.576491260528564453e+01
7.836608886718750000e+01 5.282002925872802734e+00 5.426334857940673828e+00
-7.217118072509765625e+01 3.683465576171875000e+01 7.394768524169921875e+01
-5.840533828735351562e+01 5.699735641479492188e+01 -4.601886749267578125e+00
-2.206476593017578125e+01 -6.861888122558593750e+01 5.434264373779296875e+01
-6.551898956298828125e+01 3.107278442382812500e+01 -9.539633393287658691e-01
2.081847953796386719e+01 2.984507179260253906e+01 1.098114700317382812e+02
-3.125515365600585938e+01 -2.217724990844726562e+01 -7.575066089630126953e+00
-7.465439319610595703e+00 -2.772535514831542969e+01 -1.680733871459960938e+01
-2.303927230834960938e+01 -3.507781219482421875e+01 -5.635518646240234375e+01
-2.210382461547851562e+01 -3.622308349609375000e+01 -2.000110149383544922e+00
-4.320896148681640625e+01 -5.404003524780273438e+01 1.298934841156005859e+01
-2.448728370666503906e+01 -6.540588378906250000e+01 -2.203733062744140625e+01
-1.536689853668212891e+01 -8.680691719055175781e+00 -1.335993289947509766e+01
-2.186084747314453125e+01 -1.705687332153320312e+01 -6.294787979125976562e+01
8.768521881103515625e+01 5.872773742675781250e+01 2.516306304931640625e+01
7.146269989013671875e+01 6.418022155761718750e+01 -7.058599472045898438e+00
1.035188827514648438e+02 5.980022430419921875e+01 -8.315210342407226562e+00
4.692746734619140625e+01 -4.036563491821289062e+01 2.985185432434082031e+01
-3.908794403076171875e+01 6.456419372558593750e+01 -2.368731117248535156e+01
-2.817260551452636719e+01 -5.507198333740234375e+00 -3.883664321899414062e+01
-4.364467239379882812e+01 3.027638244628906250e+01 -4.185352325439453125e+01
-5.285279846191406250e+01 7.107795238494873047e+00 -2.456403541564941406e+01
1.130060272216796875e+02 4.144411087036132812e+01 7.659807205200195312e+00
8.609222412109375000e+01 4.404150009155273438e+01 -1.022237300872802734e+01
8.929784893989562988e-01 4.348639678955078125e+01 -5.052360534667968750e+01
9.841746520996093750e+01 4.772877120971679688e+01 -3.083579254150390625e+01
3.727275133132934570e+00 -7.225572204589843750e+01 1.952717781066894531e+01
3.928315877914428711e+00 5.354713058471679688e+01 7.461488342285156250e+01
4.142699241638183594e+00 6.345834350585937500e+01 5.926444244384765625e+01
1.106164398193359375e+02 2.748099863529205322e-01 1.157776355743408203e+01
1.085143127441406250e+02 4.829549026489257812e+01 -5.466653442382812500e+01
5.645421600341796875e+01 5.423467636108398438e+01 -7.479111480712890625e+01
6.251359939575195312e+01 4.039189529418945312e+01 3.353109121322631836e+00
4.346059799194335938e+00 3.010087966918945312e+01 8.830312347412109375e+01
1.161941051483154297e+01 -5.718619155883789062e+01 2.372264289855957031e+01
-2.356219482421875000e+01 -4.909215545654296875e+01 3.812345123291015625e+01
-1.440974044799804688e+01 -5.822373867034912109e+00 3.691982650756835938e+01
-8.508033752441406250e+01 3.203492736816406250e+01 -2.186820268630981445e+00
6.795720672607421875e+01 3.591225433349609375e+01 -1.694171333312988281e+01
1.902579498291015625e+01 -4.734387695789337158e-01 4.024358749389648438e+01
9.234601020812988281e+00 1.918737602233886719e+01 3.731510162353515625e+00
2.407167243957519531e+01 4.758108520507812500e+01 3.814222335815429688e+01
7.799691772460937500e+01 2.927179145812988281e+01 5.362934112548828125e+00
8.403028106689453125e+01 3.968872451782226562e+01 -8.302900695800781250e+01
3.034140014648437500e+01 -5.525960540771484375e+01 5.702823638916015625e+01
6.834089660644531250e+01 5.305139541625976562e+01 -9.123106384277343750e+01
6.734412384033203125e+01 3.242619323730468750e+01 -1.013768539428710938e+02
5.544253540039062500e+01 1.836698532104492188e+01 -9.809131622314453125e+01
-9.685997009277343750e+00 4.587600326538085938e+01 -1.444098472595214844e+01
-3.140457725524902344e+01 3.344865798950195312e+01 -2.887450027465820312e+01
1.004481124877929688e+02 3.292034530639648438e+01 -6.417015838623046875e+01
2.287831115722656250e+01 5.133154678344726562e+01 -2.621310806274414062e+01
5.130495071411132812e+01 4.840909957885742188e+01 2.543984413146972656e+01
2.008492279052734375e+01 6.187251663208007812e+01 7.336236572265625000e+01
8.509719085693359375e+01 -7.409236907958984375e+01 -3.162165880203247070e+00
2.722254562377929688e+01 3.309424209594726562e+01 2.878851509094238281e+01
2.384248352050781250e+01 3.190058135986328125e+01 -7.150100708007812500e+00
2.722897720336914062e+01 -3.725868225097656250e+01 3.352632141113281250e+01
7.354610919952392578e+00 -4.191292572021484375e+01 3.197319793701171875e+01
4.032323455810546875e+01 -7.241298675537109375e+01 4.987446594238281250e+01
-1.355939483642578125e+01 6.473554229736328125e+01 6.706906127929687500e+01
1.051304550170898438e+02 3.072540283203125000e+00 3.229591369628906250e+01
7.090505981445312500e+01 4.902580261230468750e+01 -5.995386123657226562e+01
8.713243103027343750e+01 5.922764205932617188e+01 -6.426183319091796875e+01
3.497788238525390625e+01 -1.123069076538085938e+02 9.413934707641601562e+00
-6.489887237548828125e+01 -4.622291946411132812e+01 8.372936248779296875e+01
4.416198730468750000e+01 6.191707229614257812e+01 -8.729764556884765625e+01
6.876473236083984375e+01 7.133563995361328125e+01 -6.326756668090820312e+01
1.487801837921142578e+01 -1.157301406860351562e+02 2.050425910949707031e+01
8.855414581298828125e+01 3.009102630615234375e+01 -2.332269096374511719e+01
6.516501617431640625e+01 5.476164627075195312e+01 -2.470991706848144531e+01
-1.059643173217773438e+01 2.268514251708984375e+01 -4.832611846923828125e+01
9.332953643798828125e+01 4.307762527465820312e+01 8.856322288513183594e+00
3.053174257278442383e+00 -2.313477039337158203e+00 1.096601181030273438e+02
-9.940927124023437500e+01 -4.377354431152343750e+01 -2.227591133117675781e+01
1.548615646362304688e+01 2.469797897338867188e+01 4.139001464843750000e+01
-3.890928506851196289e+00 2.785295677185058594e+01 -2.477531909942626953e+00
-3.570928192138671875e+01 4.866410827636718750e+01 -3.521502685546875000e+01
-2.109592819213867188e+01 6.015071868896484375e+01 -1.383816909790039062e+01
1.368640065193176270e+00 7.316476440429687500e+01 7.606048583984375000e+01
-1.760307908058166504e+00 8.249674224853515625e+01 5.951260375976562500e+01
-7.932443237304687500e+01 1.822304725646972656e+01 7.690477752685546875e+01
-4.293020248413085938e+01 -1.125293731689453125e+00 -4.030882263183593750e+01
-5.998955154418945312e+01 6.801168060302734375e+01 1.181802558898925781e+01
-8.293714904785156250e+01 3.654019927978515625e+01 2.509616279602050781e+01
5.144720077514648438e+00 7.818204879760742188e+00 -2.529462051391601562e+01
7.937767791748046875e+01 -2.391003608703613281e+01 -6.151394653320312500e+01
9.475776672363281250e+00 4.173814010620117188e+01 8.122145652770996094e+00
1.516353702545166016e+01 8.725451469421386719e+00 2.171822166442871094e+01
1.774628257751464844e+01 -1.801605415344238281e+01 3.189432525634765625e+01
-1.247704887390136719e+01 -4.747117996215820312e+01 2.363459587097167969e+01
-2.740530729293823242e+00 -6.279717636108398438e+01 6.052569198608398438e+01
8.794857025146484375e+01 6.198676681518554688e+01 -2.176995658874511719e+01
9.327346038818359375e+01 -1.525643825531005859e+01 -3.295547103881835938e+01
2.995476341247558594e+01 2.867864990234375000e+01 -3.664513778686523438e+01
1.073035583496093750e+02 3.319879150390625000e+01 -3.837901306152343750e+01
8.328188323974609375e+01 3.869009017944335938e+00 -3.033143615722656250e+01
1.054014892578125000e+02 1.775312805175781250e+01 -1.037898254394531250e+01
1.066789093017578125e+02 3.871957015991210938e+01 -1.387425231933593750e+01
3.110887718200683594e+01 4.899096298217773438e+01 -4.854583740234375000e+00
8.816331481933593750e+01 4.343077468872070312e+01 -4.547687530517578125e+01
5.371725082397460938e+01 5.739146041870117188e+01 2.144634962081909180e+00
8.339212036132812500e+01 6.436082458496093750e+01 -4.539963150024414062e+01
-8.987766265869140625e+00 6.304973220825195312e+01 3.514701843261718750e+01
-1.666894340515136719e+01 7.567727661132812500e+01 -4.235040843486785889e-01
3.435223770141601562e+01 -6.346535491943359375e+01 3.630865097045898438e+01
-3.765896606445312500e+01 4.420671844482421875e+01 7.393087005615234375e+01
2.907088470458984375e+01 2.008263778686523438e+01 5.301144409179687500e+01
1.203305282592773438e+02 1.687043380737304688e+01 4.165431022644042969e+00
-8.697951316833496094e+00 -6.198908615112304688e+01 3.543368530273437500e+01
4.254990005493164062e+01 -5.527391433715820312e+01 1.732344627380371094e+01
4.763491439819335938e+01 3.367246246337890625e+01 -1.002155990600585938e+02
1.150916519165039062e+02 1.541068267822265625e+01 2.569039916992187500e+01
6.210481643676757812e+01 -2.644092559814453125e+01 -6.614762115478515625e+01
-7.918091297149658203e+00 2.251564979553222656e+01 -1.928996849060058594e+01
