5.574189420807632023e-02 -6.164305369851282024e-02 2.278383516273234932e-01
2.805329713520356497e-02 -6.942713890130580712e-02 2.202176162315968300e-01
1.228674782101414620e-02 -2.288710036021643635e-01 2.662060203905824429e-01
-4.975223579769818064e-03 -1.272163163577602618e-01 1.665043120022235701e-01
-5.788825976938853646e-02 -1.860492627893093609e-01 2.744328857062481863e-01
3.388328934707487972e-01 3.035920862067587045e-01 2.041282548038645533e-02
3.692971800518433656e-01 4.154062435866291703e-02 7.265962572796925978e-02
4.450870973739644576e-01 9.308158994227243299e-02 5.542458628303902068e-02
6.983906097721598316e-01 -2.910222668916219169e-01 -3.119816348738113643e-01
1.527255572023837327e-01 -2.592727120268772945e-01 -1.211888190037131441e-01
4.458006333394948784e-01 -9.560560090551718099e-04 1.582111231806976603e-01
7.662060473272234162e-01 -3.948876226153725244e-01 -3.573355951517148132e-01
6.603395834227019368e-01 -4.377018438793081057e-01 -3.505613436806654937e-01
6.819023492981125534e-01 -5.091311593588360163e-01 -3.490137518958721929e-01
6.397267045220528248e-01 -5.070582791073890983e-01 -3.621671290352055927e-01
6.591440574265173824e-01 -5.027493542505118151e-01 -3.426825238035474119e-01
1.132423172616498636e-01 -3.799585031354016373e-01 2.065205364065629545e-02
7.515352402205331961e-01 -3.924560483737231098e-01 -3.839978976734426674e-01
7.793692070986997233e-01 -3.386641100307974384e-01 -3.319936039900885927e-01
7.413255265049819576e-01 -3.890340027089056463e-01 -3.235301834237132579e-01
6.260696200317323878e-01 -4.066619142612283855e-01 -3.117461748570112823e-01
6.519869443672600129e-01 -3.455604201604222658e-01 -2.989588332085741373e-01
7.404830107163158370e-01 -3.592875449293251311e-01 -3.625916532007908977e-01
2.416467105099537327e-01 -2.756486693671061361e-01 -1.155520252296433487e-01
6.496817941904181604e-01 -2.022770340769696196e-01 -2.648441761211111634e-01
6.998289270230430015e-01 -2.322630711281739591e-01 -2.696874061487199992e-01
1.447755423075793579e-01 -2.902358319909257300e-01 -1.582531419873849377e-01
3.264641965963367004e-02 -2.435899936242659769e-01 -9.620267539240792698e-02
-2.810906886584540673e-02 -3.060104418703748497e-01 -6.228278874794535014e-02
9.902231185821229464e-02 -2.239539170153945491e-01 -8.081892479393654183e-02
1.661241328639261883e-01 -1.956139101269067648e-01 -9.222752073524795313e-02
1.542939504323017075e-01 -1.864364975668032776e-01 -5.437789741104406133e-02
-4.390490020053099129e-02 -3.165108342398864627e-01 6.348634322454740908e-02
9.164919092968109443e-03 -3.959547225914012425e-01 -9.247741114578306165e-02
-2.349990938654022976e-02 -3.319141921387500083e-01 6.770471575076891790e-02
6.943827048826112236e-02 -2.988087130871344699e-01 -1.135252685877980172e-01
3.384978638657280825e-02 -3.613171940579263386e-01 -1.112529835529668526e-01
7.100549656354403216e-02 -3.076516189897799403e-01 -2.962324930959870511e-02
1.266944159007268589e-01 -1.683405400939464447e-01 -6.741023518913945300e-02
1.436002058033258866e-01 -2.741684018492691610e-01 -1.571219022896743200e-01
7.878173002143847858e-01 -3.429860695405563820e-01 -3.167077131259082301e-01
7.956386882589604470e-01 -3.365727441994988967e-01 -3.332455597953582482e-01
7.527000614169527815e-01 -3.168429441407051850e-01 -3.123301705375933768e-01
6.558780048782564265e-01 -3.455316250433650982e-01 -2.884983804540290908e-01
7.708049716142797436e-01 -3.886434774074364884e-01 -3.517675497168690213e-01
8.448645123123750544e-02 -2.168729372560622148e-01 -7.801887537089835511e-02
4.900319607927492438e-01 1.750191301154319645e-01 2.249145439117360978e-01
5.228752027284482295e-01 1.885269162649039487e-01 2.015363024896950905e-01
-1.720055997242168899e-01 -2.369044956979836358e-01 -6.186427387740146833e-02
4.620019762854550849e-01 -8.265272267694824537e-02 -1.947308391233385505e-01
4.394507718125875012e-02 -1.333693724018597537e-01 -8.191699755151929385e-02
5.363176743322018991e-01 -3.428456215298498755e-01 -2.982526785754194831e-01
5.004685050805507407e-01 -3.252657266619869425e-01 -3.213740093488232641e-01
-4.720648734627239801e-02 -1.976285989889371708e-01 -1.014651468773708626e-01
6.700763908539256741e-01 -4.286192447288094676e-01 -3.009522044901954962e-01
2.785090109623754306e-02 -6.621173566404114919e-02 -1.101693179582890758e-01
9.891790158198085492e-02 -1.294471290218957016e-01 -1.038441182007294461e-01
5.343655578592034772e-01 -3.517442386577038227e-01 -2.851344352592558029e-01
4.780755921684724519e-01 -2.321076441458714001e-01 -2.911330539537452800e-01
5.446761270812352507e-01 3.290408504831384695e-01 2.597352708333660609e-01
3.517273877302658502e-01 -9.211087929397036508e-03 3.129620823054774653e-02
1.276424155656509241e-01 -4.926154007219857855e-01 -1.223235005057757008e-01
2.045122960976259174e-01 -3.990299711808381611e-01 -9.285577507650163986e-02
1.432301968727100472e-01 -5.188812288345843182e-01 -1.361460991622950589e-01
2.372488848685120888e-01 -3.199647465092050336e-01 2.675545121595717113e-01
-2.249256283557794778e-01 -7.813941461375514819e-02 -7.941263034249915198e-02
-2.276385908357298204e-01 -7.363363577430603879e-02 -8.977838849294124401e-02
-4.191794082079596251e-01 -6.850285943913067555e-02 2.551823338356242268e-02
-4.027800046792542887e-01 -2.841405063299601297e-02 7.058921541543430878e-02
2.061023254951190598e-01 6.554625770791298878e-02 -3.013104278421179782e-01
2.626938530077660983e-01 6.727253329339540067e-02 -3.245023069212302214e-01
3.266843335993903086e-01 4.576783046999854387e-01 -6.986564548448110507e-03
8.367858202825652347e-02 -5.607661068051624786e-01 -1.562468784615747841e-01
1.497616329335624274e-01 -3.967243823038911210e-01 -1.223981444376249089e-01
1.793162943129672504e-01 -4.140506632403064824e-01 -1.129881685684760717e-01
1.317732726002329713e-01 -3.215230269162854260e-01 -1.200376558092784429e-01
1.617984798811035740e-01 -3.022528438336172241e-01 -7.408546194837406854e-03
1.358957306600027115e-01 -4.396719066914765994e-01 -1.203419882373171074e-01
1.334222379095501010e-01 -3.387034036412708837e-01 -1.190803314243065875e-01
1.424374917401448060e-01 -3.867838309242497274e-01 -7.843266694271527895e-02
1.365722532632715480e-01 -3.499206069036075450e-01 -6.614323244700788529e-02
2.061461612823428657e-02 -2.288996136252982871e-01 -7.985593159685705489e-02
2.185612258927835672e-01 -3.353410022822653769e-01 -8.387508935288161271e-02
2.125024983398134393e-01 -3.481648096939813919e-01 -6.888111808984728746e-02
3.661559407563435564e-01 -2.839830424691787703e-01 -2.017347675268285068e-01
1.643212757307121186e-01 -4.029606082751027718e-01 -1.119738320782113494e-01
1.567536554402621518e-01 -4.289924056312942047e-01 -1.038176291895355347e-01
1.211625146476936754e-01 -3.288656853830381754e-01 -1.077835939045607982e-01
1.265979598333099587e-01 -3.271198605737840603e-01 -1.045844276788631816e-01
1.309563653623356527e-01 -2.421087442029819237e-01 6.171541943012893994e-02
6.852032700577679325e-01 -2.856409886971139067e-01 -3.365335687438945622e-01
6.981248607772578829e-01 -2.835401474507232011e-01 -3.416628517638188312e-01
6.666945292229016218e-01 -2.580533628356074249e-01 -3.439749081170597744e-01
7.172152912989760987e-01 -2.918852570195277218e-01 -3.595310928310623266e-01
5.341598709952544155e-01 -2.959183175996942250e-01 -4.422196051948069084e-01
5.473250314896670465e-01 -2.894640366129615505e-01 -4.231666085209958017e-01
4.630612436304116231e-01 -2.583653544281718228e-01 -5.314117853770983224e-01
3.212224096106351956e-01 -2.371770557618354258e-01 -4.711202923902038653e-01
5.063202410203937465e-01 -2.557210831515865923e-01 -5.570870858568012229e-01
4.988983319965241137e-01 -2.638630017158071772e-01 -5.415037219499002630e-01
4.871687508038654579e-01 -7.320704435467262350e-02 -5.202079480246055709e-01
5.045285394643399535e-01 -6.818912560802417588e-02 -5.579954924009442596e-01
5.536093039246803293e-01 -2.814220058241379552e-01 -4.169717888896006253e-01
3.053571306701987065e-01 -2.363348030250056186e-01 -4.888600314441975403e-01
6.024833007220055103e-01 -2.583534210265386877e-01 -5.128607842728734045e-01
5.579021871603605520e-01 -2.734146241450263748e-01 -4.328800090146915913e-01
5.136594572079380416e-01 -2.712290852425324750e-01 -5.434721898562706599e-01
4.780564422860368312e-01 -2.307873849449313119e-01 -5.370860663323272499e-01
6.906253100695646241e-01 -2.682270578763441549e-01 -5.519019385439919434e-01
2.375613848036391140e-01 -1.774933072723718364e-01 -7.057494756885163145e-02
1.635526416358783486e-01 -3.474858166523026037e-01 3.429711558022121437e-02
5.609201767189633259e-01 -3.040087209489757414e-01 -3.767238118613638331e-01
1.905487396939277434e-01 -2.148640113097897708e-01 -7.537745213875851613e-02
5.654772565715587840e-01 -3.042249848203651963e-01 -3.708658586327538975e-01
5.976179038329381132e-01 -3.083073650379580255e-01 -3.686003778426317767e-01
4.601041331903332754e-01 -2.867959256016816560e-01 -3.647291617410094999e-01
6.674643319932779262e-01 -3.539785062445079400e-01 -4.055103899860380001e-01
5.118830211562803711e-01 -2.945113669053073258e-01 -4.399811930126719117e-01
6.029159514997868285e-01 -3.183648195523126057e-01 -3.612735294883775983e-01
5.687808626564880843e-01 -3.093274935989832053e-01 -3.835135231261386779e-01
6.036037708572443705e-01 -3.229281757887846882e-01 -3.633280227573585375e-01
5.520487217197491692e-01 -2.935518011012185902e-01 -4.400251479001314192e-01
5.828849727081361065e-01 -3.184238116931799034e-01 -3.518490842331442048e-01
5.192747293257206076e-01 -2.966377974402060747e-01 -4.356734533118092334e-01
-4.732973758109740303e-02 -1.399471013164141908e-01 -4.220228753565066770e-02
8.189604932123523140e-02 -2.125702274153209448e-01 -1.229323080664903728e-01
5.590050502155049506e-01 -2.946417813554178672e-02 7.012302943050444659e-01
6.852243833826947572e-01 2.330445441371674364e-01 6.567372631716522635e-01
1.385549203184971156e-01 5.397280356941608348e-01 9.262209821847774277e-03
2.740070748203624063e-01 7.920802976382358418e-01 2.563107002116167266e-01
-2.554000965710151796e-02 7.615406440083203332e-01 6.257718688692922790e-03
-6.700003595875812790e-02 6.220144897588225641e-01 -2.716409021550720421e-02
6.237201101269042314e-02 4.962802755243803654e-01 -5.997990688445007518e-02
-4.005196066267073252e-01 9.489084693097551981e-02 -6.241259136847607768e-04
-3.484874566773330518e-01 5.413472501582512475e-01 -3.016517145159441915e-02
-3.745899367885917597e-01 4.142755937581599213e-01 -2.300751665208787544e-02
-2.318371737553344414e-01 3.156813720275203905e-01 -5.548439787318964339e-02
-4.000750103861199225e-01 2.258128063574877109e-01 4.529572098065436092e-02
-2.068865857034536127e-01 4.701211581657229743e-01 -1.297494614977292259e-02
-1.276640825077166863e-01 3.903677385143257683e-01 -7.830182664680582216e-02
2.986928313660743850e-01 8.647821064723935081e-01 1.174316787531802242e-01
3.250941199573411100e-01 6.848194478247405792e-01 7.430137306927737939e-02
-2.610480006051880686e-01 3.826990004942537049e-01 -3.714017472487160521e-02
-2.081039206221244331e-01 3.433644020147906817e-01 -7.067483110404379487e-02
-4.710554551717694438e-01 2.132983371365905489e-01 2.101635002629143045e-02
-8.952685011954970851e-02 2.900491507681707271e-01 4.858637454339136477e-03
-1.981190709887781579e-02 4.348588172955306641e-01 -9.316484230912254472e-02
-3.289884949573339545e-01 7.447106350024779164e-02 4.508270925423755841e-03
-2.599283680331559987e-01 2.704365286111580224e-01 -2.015937958348775275e-02
1.756963773912757487e-01 5.336437080618473550e-01 8.860250795351580499e-02
1.270113017644364517e-01 4.874913850607335286e-01 -6.795591759555336120e-02
-3.288886950562763256e-01 1.023826227332374911e-01 -1.926247145137934512e-03
-1.195848846797525761e-01 3.563766208099140576e-01 -6.284845007550542151e-02
3.864782134939173108e-01 6.181575942060301143e-01 8.368953857536233498e-02
1.679661349386504243e-01 5.743615543849834859e-01 1.020539897735198709e-01
2.024922893198750351e-01 5.519358444202069336e-01 -3.688693852800194184e-02
-2.762725299379942615e-02 3.945246431991064617e-01 -7.582015810048085835e-02
2.182158858439517124e-01 6.493977109494213362e-01 2.130234285776509001e-02
-4.845704791660895849e-01 1.407632640390812651e-01 3.759260700359742802e-02
-5.336568756175347206e-01 5.457481094532454780e-01 -1.021170909614561861e-02
-2.489012176368759766e-01 3.368605356508230231e-01 -4.339891297007132664e-02
-1.723009793516369070e-01 1.684923720564122096e-01 -8.293751524788993412e-02
-2.856737756235294690e-02 4.583483860197556381e-01 -6.258326555141713668e-03
-5.912215370653809421e-01 2.882151891259197574e-01 6.601028088308226460e-02
-7.373227910693891385e-01 1.687253095932558233e-01 7.539361811113395873e-02
-7.426578181875660434e-01 3.445513131671820162e-01 1.253511640188586240e-01
-5.644688341877838189e-01 3.881363661027165124e-01 8.206547202080537173e-02
-3.996064579873322420e-01 4.006010538749695815e-01 2.346962006757971099e-03
-6.974560842061351407e-01 1.713199675680724954e-01 7.049840971401757916e-02
5.074761362633609107e-02 6.295914609369337445e-01 -3.352339664040864149e-03
-1.545441249190226962e-01 4.635671201008927378e-01 -3.198179318595816001e-02
-1.383168308709364080e-01 5.725925598813852435e-01 -3.584913505384514087e-02
-4.154694420801069987e-01 3.213722033581739024e-01 -7.097888978683774761e-03
-1.086748618147735101e-01 3.617996987097676920e-01 3.736579164495327232e-01
-1.662872974603494813e-01 3.472602769148476209e-01 4.029810834737240222e-01
-4.371482660249260133e-01 3.214917007361923762e-01 -2.170306306487169642e-02
-5.866965420661757191e-01 5.980575092341203769e-01 7.550081449444459580e-02
-3.320830146924336201e-01 1.303755410058328457e-01 9.372310115490400245e-03
-7.030786409910003698e-01 1.009659778140234443e-01 2.453090776534531670e-01
5.646018403583658030e-01 7.918560438617502362e-01 5.354292052280346104e-01
5.349292691164668767e-01 6.100005161591742775e-01 3.689684353778735493e-01
-3.235469414234282137e-01 1.040783175641412095e-01 2.728970390475122798e-01
-1.960403129476362138e-01 3.415633436938482204e-01 2.298810412218088017e-01
-2.522092764351942518e-01 2.954660075964385957e-01 -4.368659992021379362e-02
-5.209780455913212149e-01 6.247815524407460686e-01 6.671777536844862577e-02
-4.684037194443446683e-01 6.042531666403769819e-01 8.634962797943750157e-02
-2.317442610015406079e-01 4.860886185538402793e-01 -2.215101706131955561e-02
-2.122066596459880605e-01 8.454313893015182879e-01 1.255800413390492365e-01
-1.603744843959883648e-01 7.563039886603505346e-01 7.516012968136949468e-02
-3.338683551807296590e-01 6.902853691649912804e-02 6.392771830408304837e-04
-3.605507657448930869e-01 9.686448409796968861e-02 3.974591728136962071e-02
-1.269539720890972834e-01 2.464651537513922464e-01 1.601530831540051020e-02
1.197750770657631664e-01 4.765034915606621291e-01 9.699168339883632028e-02
-5.554724558299685144e-01 3.621789928939252445e-01 1.295465202371938185e-01
-7.434331809992493767e-01 3.142357695605528245e-01 2.014302970289942041e-01
-5.923440738319869503e-01 4.817626862303150959e-01 1.507914945070472357e-01
-8.644048138504928369e-01 4.691286498190050946e-01 1.341644038673721062e-01
-5.514471512884645543e-01 3.636071592577568290e-01 1.473239707226314810e-01
-5.665249251353623450e-01 3.160773489324781860e-01 1.228696089966861277e-01
-5.641891693841502020e-01 3.836857578766909027e-01 1.482361759255670652e-01
-6.689458564252870332e-01 4.000085277088007429e-01 9.355693579973808904e-02
-1.779536311270332738e-01 5.777756160115138373e-01 -2.876195221346043718e-02
-4.783506419400196941e-01 2.928913071969739268e-01 1.028003745315409813e-02
4.008232500502705298e-01 -1.287537238194549627e-01 4.777262701489732311e-01
1.456660544039647676e-01 -4.875994541583238417e-01 1.548664981381562278e-01
4.141377064272687147e-01 -1.318959108005940684e-01 5.234541316630867414e-01
4.645724180367752365e-01 -6.964413283671953836e-02 4.837783823402901362e-01
2.553369462732027473e-01 -2.653250083889692745e-01 4.881040254817036739e-01
4.256569476727735113e-01 -7.940916247897368552e-02 5.106343333606431223e-01
3.392664071741426368e-01 -2.154523641545794677e-01 5.295068918394829627e-01
3.443228981782582854e-01 -1.984725002780740044e-01 4.948188074801226910e-01
4.452021507966004155e-01 -1.157030713390419518e-01 4.899141879556337953e-01
2.503309239430747124e-01 -2.899680142610318034e-01 3.545521191497911784e-01
3.863316085052121429e-01 -1.233685473916983077e-01 4.023183528428297961e-01
-6.894991500549221830e-02 -3.928107387263053973e-01 -5.174025288774100062e-01
3.561275294728168950e-01 -1.741084112160864450e-01 4.455568688021296353e-01
2.767787529888344755e-01 -2.591611644662899505e-01 4.295514140027988370e-01
2.511569275879167451e-01 -3.285235127783991405e-01 2.221976155648919538e-01
3.086365327325630292e-01 -2.846366031909739469e-01 4.512324075380504951e-01
4.290380072011518719e-01 -8.590232411222044340e-02 4.986820693863825982e-01
6.911044542252833267e-01 -9.004202127818312917e-02 -4.069005003256561115e-01
7.453371464905796939e-01 8.308254044047724829e-02 -3.577465546879486369e-01
9.090683685584475260e-01 3.013156276981614479e-01 -8.336821890580188577e-02
-1.193906867803280064e-02 -4.449638840039592536e-01 2.876640179574846065e-02
1.006833776927856389e-01 -5.153175679302647305e-01 3.849963902992383641e-03
6.976958873623713420e-02 -5.010444428887022017e-01 -2.796438024723049351e-02
1.665719545374708677e-01 -3.171119235911435963e-01 4.821059342372515516e-02
1.635748717495778548e-01 -4.774474137801822393e-01 1.602788512660422993e-01
3.948366505904483126e-01 -1.860447187613708253e-01 -3.605984431421482839e-01
2.947457886086035650e-01 -2.801373828063847271e-01 -3.654210166839192420e-01
2.438593720128698628e-01 -3.056444932739844078e-01 3.326240863062747688e-01
1.325764097898744776e-01 -4.484293215697484625e-01 1.232409808878601881e-01
1.643117153963514487e-01 -4.471119593866296205e-01 1.284169180593202619e-01
1.531562286367700310e-01 -4.588395405714139619e-01 5.592489938175072145e-02
2.565838344270040539e-01 -3.662160552236069511e-01 2.093482906525202802e-01
2.088058075097550814e-01 -3.062662094946227431e-01 1.728776014011552398e-01
2.021635881795039169e-01 -3.612564869121532851e-01 2.277956497554642912e-01
1.546459633387823329e-01 -5.106410868233887124e-01 1.632071832380586063e-01
1.141004346709199591e-01 -5.186672816834567712e-01 -1.513005718963702367e-03
1.631361705228870640e-01 -5.144584624372543491e-01 2.052299187411191217e-01
2.639411762553572349e-01 -3.323626928103084466e-01 2.747549288692817671e-01
1.628205161850899696e-01 -5.051662506615116621e-01 1.877340395974164966e-01
1.572822286221980392e-01 -4.571529108400384511e-01 5.731736093976719237e-02
4.622644857216766656e-01 5.988256851882592380e-02 2.560974293977930083e-01
1.339084652289219968e-01 -5.027318635895527965e-01 4.277890711187405659e-02
2.449128136469560790e-01 -3.223360876953592080e-01 1.851311075731006672e-01
1.499944158367563785e-01 -4.452992881893682031e-01 1.165261090579576206e-02
-3.181975287066104441e-01 3.122138859279265932e-01 8.646425284429652969e-01
-1.242956435090204759e-02 1.963293780994579754e-02 7.163357877659879414e-01
-3.508171961063323296e-01 2.955246979996722922e-01 7.347214000812114509e-01
2.378123758734034532e-01 5.407043583296253786e-01 5.586222632314123970e-01
-3.684797920275026950e-01 -1.414615085538007133e-01 -7.420015159651640602e-01
2.209370576829352562e-01 7.019867212896893083e-01 3.875505822325385763e-01
-3.463991328851330209e-01 6.421854760675184126e-01 1.163690633783312167e+00
4.684314417047286683e-01 8.330332619497974322e-01 5.821006547988089030e-01
5.483014513595915185e-01 1.002227993760999025e+00 9.241376294934047220e-01
1.689070101595660789e-01 -3.454307027951823428e-01 -8.758307905088923151e-02
1.475315157204524774e-01 -4.078123229387047854e-01 -8.617906569578416554e-02
2.038448875221453294e-01 -3.133050969961737042e-01 -8.552806013224897863e-02
-2.072723769525405824e-02 -2.331871672598054279e-01 -7.368961560665950039e-02
1.200700003212687716e-01 -1.985311341692833076e-01 -2.140165852343184349e-02
5.846809522254732550e-02 -2.038900569965660936e-01 -2.615281656440177072e-02
2.129294917682292010e-01 -3.076717352285484597e-01 7.031906478444621689e-02
2.143129185312146190e-01 -3.481768499911945813e-01 7.222858925559208498e-02
1.810824709161138468e-01 -3.861954994659586027e-01 -7.813279360630555337e-02
1.641764487278498941e-01 -4.267148090315562858e-01 -1.143346013587198395e-01
1.717593712241642090e-01 -3.946142013655066227e-01 -8.397603100185685454e-02
1.533486116126678012e-01 -3.933357320940152890e-01 -9.727217377094472817e-02
1.961041907725522560e-01 -3.589961124772676482e-01 -7.947130752304562562e-02
1.970591972950845316e-01 -3.558263564388615130e-01 -9.312772947020667158e-02
1.882375436633569321e-01 -3.810577334189892973e-01 -7.277397434355688255e-02
1.791670349189520006e-01 -4.339121644551203194e-01 -1.031775013296695187e-01
1.602050256263320427e-01 -4.135401769547380479e-01 -8.096488812945136504e-02
1.658859437754243438e-01 -4.184928277048942102e-01 -9.495460181813386580e-02
2.085209043642106130e-01 -3.554300177894812451e-01 -8.042220853853572493e-02
-6.353262829219571972e-02 -1.945990341125414247e-01 -3.944554316644886816e-02
6.763089567970677340e-02 -4.778044406078965078e-01 -2.787254833448733482e-01
2.541554414819409691e-01 -2.345811179201333918e-01 4.012876000993249176e-02
2.054620489615499035e-01 -3.751052149716387896e-01 1.167996644525889638e-01
1.793766929135521826e-01 -3.675606717155039393e-01 -1.701854326755677382e-01
2.378256264131841380e-01 -3.030981745291688734e-01 -4.769142184537065315e-02
1.470939535909149831e-01 -3.828769037490202809e-01 -1.154523696658365933e-01
2.091881311947671462e-01 -3.132822823820263780e-01 -3.378878025507799782e-02
8.444756215105128638e-02 -4.409320307891651525e-01 -2.357850983225135699e-01
1.249865650703418374e-01 -4.397016781574050737e-01 -1.197531594789624093e-01
2.388746587061634508e-01 -3.004257471470385688e-01 -5.066677989359420070e-02
1.124391316912368016e-01 -3.943621630274420919e-01 -1.056559307477147464e-01
1.813645188577386047e-01 -3.564615388505957827e-01 -1.053231218998091634e-01
1.598150827901244908e-01 -4.106580291924807335e-01 -1.000768677701883991e-01
1.605618317609838197e-01 -3.910101814732188097e-01 -1.061555058022672082e-01
1.884985250010316749e-01 -3.551067152844729069e-01 -7.826623325562565014e-02
2.326770242447489812e-01 -3.182272675986269062e-01 -5.924295977580386341e-02
2.022311456078016156e-01 -3.001220936265696637e-01 -7.004642288109598491e-02
8.470800057584311482e-02 -4.751539921403923894e-01 -3.307958766778462678e-01
1.552255256810275708e-01 -3.183337210274078122e-01 -8.119950552782700948e-02
1.660643394583618537e-01 -3.854145006079582325e-01 -1.234208102008644559e-01
1.751979640249887726e-01 -3.554588844686653593e-01 -8.291774044322676451e-02
2.140191598998703315e-01 -2.885551380060765725e-01 -4.008153885367225777e-02
1.502163909606800130e-01 -4.492723624061729093e-01 -1.022686941354598034e-01
1.827439521033084324e-01 -3.728899501437015762e-01 -1.049739522098070976e-01
1.550090916137090991e-01 -3.291103758775376087e-01 -9.543953287421569343e-02
1.683355453980301397e-01 -3.392341367509834615e-01 -8.979395899499023614e-02
1.308406847048924904e-01 -4.264125399590122378e-01 -1.149861209740447587e-01
1.965366460503955859e-01 -3.218585237973514146e-01 -9.378527497670691160e-02
1.674680304228219341e-01 -3.819793522215754744e-01 -8.294330540807311192e-02
1.338077338348172829e-01 -4.777162916150637928e-01 -1.153147648623108340e-01
1.009930618676058989e-01 -3.946764059176715578e-01 -1.933113359275360210e-01
2.712541709210795210e-02 -4.231946697760616827e-01 -1.367968768945989899e-01
1.096791956504027804e-01 -4.419579557604184639e-01 -1.014440737430102324e-01
6.255472187603695611e-01 1.351551807146671447e-01 6.939290779087705641e-01
-9.549449973317292173e-02 -6.802314704597248740e-01 -5.368090455969124486e-01
1.827323236247347382e-01 -3.752765711611701915e-01 -9.969492413589944868e-02
1.396766196847057107e-01 -4.538361570159992198e-01 -1.167851945365049188e-01
1.635385535595346718e-01 -4.074161671654266126e-01 -1.054130729329104676e-01
1.739744689621626761e-01 -4.064088389790572742e-01 -1.004608974318417919e-01
2.262853447213115377e-01 -3.454501739567969465e-01 -7.353892896883812424e-02
1.877275576453742711e-01 -3.945397458884828401e-01 -9.482799716313809746e-02
1.009207264024590822e-01 -4.516596838583838980e-01 -1.186310966257021760e-01
1.641661339126700980e-01 -3.911313556178981354e-01 -9.337987277311976531e-02
1.440044822105153444e-01 -3.941809082858825364e-01 -1.106633747061675083e-01
1.719517058268677789e-01 -3.299171286186957097e-01 -8.135426476076230984e-02
2.003149345971355355e-01 -3.269129977378655294e-01 -6.522471886423848730e-02
1.198267825628316491e-01 -3.811626939914870005e-01 -8.885669218195531294e-02
1.370317055577796872e-01 -4.051780960615142257e-01 -1.025558238669642824e-01
1.934099176721988389e-01 -3.727210902046319552e-01 -8.813524303788934644e-02
1.873869250448985668e-01 -2.613630819533774297e-01 -6.423849128228330263e-02
5.872326269006518384e-02 -2.875426576263362399e-01 -1.050664940600832820e-01
2.355779915045614348e-01 -2.954474318270207123e-01 -1.629916806876356705e-02
2.902082317536417433e-01 -2.520222599985298961e-01 2.468451417240401929e-02
1.204875887662653910e-01 -4.798411766149091595e-01 -1.511174970108299376e-01
1.160513040400555224e-01 -4.666016437087684432e-01 -1.365178458093113112e-01
1.526848014215409777e-01 -4.130948039150579842e-01 -8.744669897342789711e-02
2.816267198034915764e-01 -2.598731632422024984e-01 2.266807275553384959e-01
2.416468922643195683e-01 -3.241270209782333711e-01 -4.559199241277812897e-02
1.947719272187736494e-01 -4.067721428115591564e-01 -8.388773874287500099e-02
1.808521406824488975e-01 -3.924951063193714562e-01 -1.132649849394921360e-01
-2.065898731113281761e-01 4.397534292233723496e-01 -5.685619016315734964e-02
-3.422028481341743977e-01 5.438839887794101324e-01 -3.815902075597282783e-02
-5.045949608585911239e-01 1.220197464268617804e-01 3.363650753973112389e-02
-5.787584871430173639e-01 3.445636069656010658e-01 4.459587051735287855e-02
-1.175519871933708438e-01 4.728268285356037048e-01 -5.870417854456844858e-02
-1.477271548160436210e-01 6.274018710597035753e-01 -7.250753186031398678e-02
-4.762592407419092289e-01 1.292833018045458082e-01 8.266220750364702136e-03
-4.652365033770418101e-01 3.755253456670087364e-01 -1.285470790704003070e-03
-8.645320058352148895e-02 4.660121692343001110e-01 -1.162698073453126008e-01
-1.979272243844155954e-01 7.932022405235579221e-01 -1.649346839661851860e-01
-1.443717517943575168e-01 6.948020204856096838e-01 -1.492294334379567766e-01
-6.251670589464750072e-02 7.660961948233468988e-01 -8.936761696387095222e-02
-3.941286049129940627e-01 2.438540369406486663e-01 -6.856266739771571007e-03
-4.181597366232503443e-01 5.168061799556322722e-01 -6.563279632877591641e-02
-2.209999031005507042e-01 5.678975923116871272e-01 -1.287803467438244642e-01
-4.601334184998813748e-01 4.365212646333481161e-01 -3.841878424181328217e-02
-2.492177619873302274e-01 6.393954672598296529e-01 -6.651226383217276328e-02
-6.903670706933661139e-01 1.885466353210641932e-01 1.166217268227129344e-01
-3.793496161663173494e-01 5.265503759635055125e-01 -1.167593318728854246e-01
-1.240194544129086668e-01 7.874975177171807950e-01 -1.198856829811279917e-01
-3.615364380394340271e-01 6.797795837614961645e-01 -1.348168404847606971e-01
-2.164465332350000992e-01 7.575916891087115523e-01 -5.556924830007817229e-02
-6.758913448438457205e-01 2.473119571192702593e-01 1.223894707953947503e-01
-5.276496490056953315e-01 4.460977156448864833e-01 -4.434915000429492937e-02
-6.402852930637249473e-01 5.808777989787847762e-01 -4.387745824844999781e-02
-5.565684301415099178e-01 5.423645884610344137e-01 -4.836848997528644944e-02
-7.232330502747478240e-01 4.420938701232908774e-01 1.955815422668616410e-02
-9.740700659396400729e-02 6.596553307769976726e-01 -2.040226239854051049e-01
-3.138055764762069932e-01 5.121319149203009680e-01 -1.588777871687421517e-01
-1.684089814421376730e-01 4.957853529161979633e-01 -8.161287842579943719e-02
-4.488253875556989791e-02 8.769948841742001289e-01 -2.159772328030193644e-01
-4.407918802726527030e-01 2.294816976132879605e-01 -1.647716577885401448e-02
-2.714931996154386074e-01 5.939496592234759786e-01 -4.711211539559470585e-02
-2.784533134880667338e-01 4.431293159810022197e-04 -7.054973768896566355e-01
2.983377968543020620e-01 5.641581025481947620e-01 -1.664822493080977614e-02
-5.630069687162656544e-01 4.918340446583494563e-01 1.449021388061537408e-02
-4.357272645579623460e-01 5.786859741664427403e-01 -2.331734525768985530e-02
-8.873414100118322267e-02 7.724713215914525977e-01 -5.578960172398820389e-02
-2.972785845134482963e-01 6.881174166201815545e-01 -3.549441878695307889e-02
-1.354463606425793665e-01 7.804471400876101805e-01 -8.400113287365830461e-02
1.191611649210566753e-01 6.452358603523362657e-01 -1.948283510791118944e-01
1.584606547323311188e-01 9.332991567065384020e-01 -1.702888060439346762e-01
-2.599920075368374328e-01 5.101518162081495333e-01 -5.415104706274609381e-02
-5.150440726458624940e-01 2.782434941345498514e-01 -1.944032208232608291e-03
-4.962777604245610097e-01 4.161604870191121797e-01 -4.447618816034092093e-02
-7.561234673419789942e-01 2.460530327097212311e-01 1.120823183031942477e-01
-3.362515170102917672e-01 6.265187489308485791e-01 -5.850138896384551312e-01
-2.134989211931758446e-01 1.604622505285280554e-01 -6.924633892098811527e-01
-3.292015543231853747e-01 4.434323955823831764e-01 -6.188013650153419976e-01
-3.724383877226786210e-02 7.284898544585509672e-01 -4.979998397443947122e-01
-1.486181605959146224e-01 6.392271847888957303e-01 -5.130572762762195538e-01
-4.403591172890824468e-01 2.014556507667355778e-01 6.675551227974876878e-02
-1.457737665740121979e-01 3.814878453080389198e-01 9.744105833347595225e-02
-2.184594013011270652e-01 4.255542178874554549e-01 -3.726181821935588452e-03
-1.073815565392032129e-01 8.337544593811054838e-01 -1.741799517907809680e-01
-1.725978197886602825e-02 6.600763922761990754e-01 1.191806724007424614e-02
-5.914219858407101515e-01 1.712713548470969904e-01 6.927219448587178252e-02
-1.286458548270342506e-01 9.768055519705417522e-01 1.188909399651088133e-01
-2.478282429853961022e-01 4.180539843115713694e-01 -1.253890609032585202e-01
-5.185246310220238686e-02 7.996993119945979833e-01 -2.222210837933482341e-01
-6.392632984580716160e-01 7.177366697797720185e-01 -1.428951213007939418e-02
-1.820832431798377615e-01 8.892022051725005927e-01 -2.138272705960231335e-01
7.469287602678538474e-02 -4.402194105916882871e-01 -1.180006565211865061e-01
-9.367965659960383884e-02 -3.741380888980546104e-01 -2.454120703562726880e-01
6.733932149239660325e-03 -4.423011111304218090e-01 -2.046040326281067523e-01
8.024322557899925268e-02 -1.346011676905004839e-01 -8.235426402123408041e-02
7.750048922313432231e-02 -1.010351491547263614e-01 3.003404963408569384e-04
1.304879418038806527e-01 -1.588695992358208353e-01 3.700798182388225638e-02
1.221469200786234888e-01 -1.800098853930665599e-01 -3.698996146253988315e-02
1.110703657044689180e-01 -1.916969567700110566e-01 -9.839971037803804665e-02
5.491785917604852241e-02 -4.176311462226584559e-01 -1.165866638913275466e-01
7.922321761802153528e-02 -4.615835418943498580e-01 -1.427768820763123392e-01
1.755118260828840981e-01 -4.017575811309743172e-01 1.531223873627134968e-01
9.546521852667826102e-02 -4.479216917205422477e-01 -1.271006196057973547e-01
1.457686729482313426e-01 -4.378651385810047869e-01 -2.959779365214049510e-02
1.349655726093519914e-01 -4.296183757851836371e-01 6.432593050842618648e-03
3.994577393686511019e-02 -2.824077129072858905e-01 -1.246383818093276669e-01
2.537740314559620153e-02 -2.221134861993205034e-01 -9.918261650347295899e-02
3.255310247364172072e-01 -1.270506148557527526e-01 1.276076820154229685e-01
6.554897343058754822e-02 -3.679044006615176388e-01 -8.605013889744370092e-03
8.694979695524050756e-02 -4.783755348896334691e-01 -8.497927989164349993e-02
8.981604056496760025e-02 -4.646050429607722076e-01 -7.395532488817690986e-02
7.393109617560944535e-02 -4.484426485295786580e-01 -1.522131857518946862e-01
8.565097153017645071e-02 -4.869950623022309966e-01 -1.386681826112022287e-01
8.238363871749361522e-02 -4.507751430914544999e-01 -1.567464017198716697e-01
1.184844681176654285e-01 -4.166840710004128256e-01 -1.749281650369738095e-01
1.435889886689091510e-01 -2.741641159101544933e-01 -1.011631944243030351e-01
1.720710133007420095e-01 -3.029909341147923874e-01 -5.989532254500968406e-02
2.407157028276466632e-02 -3.824312026266242226e-01 -1.371438195586138220e-01
9.391195728796036812e-02 -4.797945070769966125e-01 -1.231392588216210088e-01
1.725846318668630697e-02 -4.252572539384918415e-01 -1.475632742436024381e-01
6.090054143905700157e-02 -4.248331690507650693e-01 -1.387966526178615878e-01
1.858576333599002983e-01 -3.973553308846128895e-01 2.711184380300003527e-01
2.870128888392817559e-02 -4.423980171814969053e-01 -1.468447987429203627e-01
2.420124239070333139e-01 -3.612206971727981997e-01 -2.471852190070614186e-01
-1.089063894915224227e-02 -3.845358402495358541e-01 -1.261996223956325935e-01
-3.072897397424571506e-02 -4.077654482157363480e-01 -1.148112731731638914e-01
7.603257786550347841e-02 -4.113738134686440451e-01 -1.124746403427103331e-01
6.365455307084752490e-02 -3.808335779198356863e-01 -1.243762389942121294e-01
1.011650440469381712e-01 -4.516782629699269136e-01 -1.201550687297597425e-01
1.037975076425002724e-01 -4.363492172079978526e-01 -1.193942174874128709e-01
9.879007954431365257e-02 -4.579083846405024305e-01 -1.223773438162442800e-01
1.782661508616300294e-01 -3.501478723453062547e-01 1.131211124087352637e-01
2.987809061938346278e-01 -1.160793265542729297e-01 6.812475537666070613e-01
-5.370661171339072282e-02 -2.385426087783782123e-01 -6.998704798906515978e-02
-5.348999101957822855e-02 -2.490953573924740982e-01 -4.549341897893133951e-02
4.131019940873036089e-02 -2.931576891808143626e-01 -7.567422569730586357e-02
6.903382417282301342e-02 -2.983393377107902422e-01 -1.008176727583024318e-01
-5.391328328138439430e-02 -1.671751445320649176e-01 -4.198165963272646600e-02
8.682242842958545759e-02 -2.555321752439490557e-01 -4.696410601367764781e-02
3.041088713652252418e-01 2.632228277298328048e-02 2.011393581466096592e-01
8.115982487757427213e-03 -2.194411584413167304e-01 -4.594336179662208280e-02
-1.136528312069809594e-02 -2.242994184645316635e-01 -3.186590653202620027e-02
2.704881322714347558e-02 -2.341393834230729720e-01 -6.715361756499622914e-02
4.784136078900556033e-01 5.183661287295369124e-01 1.903823621151130852e-01
1.654171548983583429e-01 -6.753640279013896353e-02 1.837822347939908618e-01
3.120257300902950504e-01 -1.079321956937454585e-01 -5.471700679578729576e-02
3.003951475511937863e-01 -6.411614058859393950e-02 -2.608672495621250711e-02
5.665457433413770838e-01 4.085405041604378007e-01 5.476718373446725074e-01
3.753114452683350977e-01 6.018659354849056203e-02 1.809559420057339496e-01
4.230100264490508910e-01 1.356506624445998899e-01 2.905524229097307121e-01
4.899041220988780698e-01 1.456714122729518834e-01 3.306673823357562658e-01
2.764134774303680323e-03 -2.546852702446399386e-01 -6.662231548253276514e-02
2.931665503850841015e-01 7.126994496045319094e-02 1.605137147894232508e-01
8.128174044000531506e-02 -4.840440084461958836e-01 -9.993537644216660132e-02
1.059086681871690833e-01 -4.899168577208973807e-01 -1.488093745195794848e-01
1.097696757799194039e-01 -4.965679689218356341e-01 -1.407654357368459952e-01
1.002815139626895835e-01 -4.322997358687030722e-01 -1.542546669102951296e-01
3.125775220701436374e-02 -2.831032202186877789e-01 -9.953948190375599969e-02
2.993473801501426723e-01 -2.199416713362044584e-01 4.867559880935172778e-01
5.134455783988494532e-02 -4.528206328970527661e-01 -1.220016366732441238e-01
8.028784939650555896e-02 -4.445758167771443059e-01 -1.278703504517950118e-01
8.973002030468671397e-02 -4.969565283891239083e-01 -1.453059662714063505e-01
5.864779659471373169e-02 -4.471448277368769708e-01 -1.356684858228798529e-01
5.656525418858383142e-02 -4.824914923333885053e-01 -1.329887464407943087e-01
8.152733594138178441e-02 -4.187523306686232738e-01 -9.746829891563274506e-02
8.412121635965859323e-02 -4.472001706064864801e-01 -1.167875737858706381e-01
2.715628279281485646e-01 -1.714652371183150725e-01 6.607113483584872160e-01
-1.840425052403834028e-01 -4.457943154611060943e-01 -8.692263719498228847e-01
8.486833962551008914e-02 -4.529882705140733101e-01 -1.433622256594536681e-01
1.014757925284778400e-01 -4.474574555343016624e-01 -8.063749924860599827e-02
9.589391278595355006e-02 -4.778792555511210960e-01 -1.073979068332346354e-01
9.149440552467445753e-02 -4.610352814900172680e-01 -1.184108658922415208e-01
1.696459272506908866e-02 -1.764717976761928098e-01 -3.777420252069648710e-01
9.548702589113358674e-02 -3.614630863721299825e-01 -1.658026911749851950e-01
1.122550255813195147e-01 -4.911205475973801082e-01 -6.315844087453141575e-02
7.825419122925593440e-02 -1.378081923315608304e-01 -6.874437856875709185e-02
1.286490377931927276e-01 -1.776416601292390707e-01 -3.720294256534056182e-02
1.389861280653627296e-01 -4.285720123936814785e-01 -1.596410869608443639e-01
2.107930638705004800e-01 -3.383053132203057145e-01 1.304826265191660895e-02
8.579366085540267306e-02 -4.949370355489667306e-01 -1.082833832489288883e-01
8.632207395668475836e-02 -2.185171270241360597e-01 1.770557278693744296e-01
-1.046077369147039443e-02 -2.106199023805607751e-01 -6.326820828633579474e-02
-1.015973575547396979e-01 -2.377818402484961069e-01 -4.437992941285494319e-02
1.012824666165045434e-01 -1.156792764003864299e-01 1.562285849159675000e-01
1.353935762267871601e-01 -3.102630408714787125e-01 -1.225111839401579750e-01
1.503833956271854733e-01 -1.672282489737841049e-01 1.788190110600247074e-01
1.052443612139246643e-01 -4.563736117396649528e-01 3.545429234789984618e-02
1.426861845546359420e-01 -4.865727405831124508e-01 7.393821342150970477e-02
1.009381147067403839e-01 -4.856842720211396180e-01 -1.293813558955946019e-01
1.477444834358221382e-01 -4.250087295231702034e-01 7.441334862307336095e-02
1.083790910717233463e-01 -4.464122290333729648e-01 -1.212052985429329099e-01
1.438047313797584936e-01 -4.211314307318641537e-01 7.236752922556961842e-02
1.117192307357785797e-01 -4.558091167316413728e-01 -1.069682323938213886e-01
1.350370226179794519e-01 -4.392995888763147616e-01 1.255599401922120606e-01
1.031353797142809531e-01 -4.272603269600365183e-01 4.736895596982468315e-02
1.440544915578964857e-01 -3.900644972405834521e-01 9.067175574977003050e-02
3.994512121090577211e-02 -4.253506793952596676e-01 1.096476074441301296e-01
1.071961623835883670e-01 -3.977698611604113532e-01 7.078951143496009513e-02
1.399646663989735085e-01 -4.580449563038709315e-01 6.629288520051816735e-02
1.427040215345665997e-01 -4.399199611326333192e-01 6.406635930320324357e-02
2.508472679423895957e-01 -2.678410195831578688e-01 2.098885758788846534e-01
1.564791130333683528e-02 -1.838566915678760960e-01 1.538080706600689906e-01
1.973418374258990513e-02 -2.321694288557545338e-01 1.542082606307537684e-01
4.769489774482714439e-02 -2.484302424921904229e-01 1.512567509265436427e-01
1.274983037610477876e-01 -4.800949872231945470e-01 2.127942184153247887e-02
1.332297706492770739e-01 -3.960037922049082226e-01 9.508742981244885928e-02
1.261347255279158530e-01 -4.531030549683389141e-01 3.893167215764137268e-02
1.230896135194824298e-01 -4.290268658331147789e-01 5.792333401493490741e-02
1.006333142019284893e-01 -4.459140243595671182e-01 4.436813348944229629e-02
3.707465117509384789e-01 4.663985749038845885e-02 8.402826962968010793e-01
1.273604513234172508e-01 -4.416937384065406924e-01 1.087264356043523700e-01
1.181435881437052637e-01 -4.511572824285542405e-01 6.952885941695913230e-02
1.418815919380470858e-01 -4.821516220958003140e-01 1.347786772919554732e-01
1.441071439580706715e-01 -1.570450431350810250e-01 1.504953154808122973e-01
1.671279148668361747e-01 -2.208259755256372359e-01 -5.328496931278005333e-02
2.152182370486145357e-01 -1.722121750340949164e-01 1.214500589577858919e-01
2.033730957469009060e-01 -2.919686621312169161e-01 3.832006197521195534e-02
2.332440367099391232e-01 -2.955136819061033315e-01 1.194699334677148672e-01
1.879032570446062256e-01 -3.100441451171148666e-01 -7.830656164965985044e-02
1.289365176585227646e-01 -2.700466819124285878e-01 -1.085895397107088656e-01
1.635258410710365151e-01 -2.500704087518426655e-01 1.021799221894373472e-01
1.461602783492794988e-01 -4.476949932929179532e-01 6.785576773793786098e-02
1.813740132466200583e-01 -7.180012617247143181e-02 1.591871685459478880e-01
1.111668459450773500e-01 -4.307161911028312695e-01 -1.400123411424282760e-01
6.327156715775919538e-02 -4.741722660896791619e-01 -1.234782157744848119e-01
8.169176332255233264e-02 -4.790007044398398306e-01 -1.079436439714138996e-01
3.531451074728231831e-01 -4.341162163492506831e-01 -2.690441677230500650e-01
1.269461717258002498e-01 -4.831610416520629170e-01 -7.378253829766988348e-02
-4.691153260530843139e-01 3.845905482472326553e-01 4.569875484716438840e-02
-5.608526243948978030e-01 3.358830864861887533e-01 3.802765511828916367e-02
-6.769150176988028011e-01 4.179478105162716672e-01 7.060384450906882770e-02
-7.665496578909332115e-01 6.997282345192379349e-01 1.451089737477543329e-01
-2.143341153040285996e-01 1.078222423379179062e+00 1.254159443917642336e-01
-3.547896852462907591e-02 7.638681512756354541e-01 9.130526572554877873e-01
-8.459252526228273616e-01 6.464030045359078214e-01 1.158109799717210869e-01
-2.336096292731028590e-01 9.938771481755538373e-01 7.411347026767220458e-02
-4.069056549057233352e-01 4.486628677081518357e-01 -2.737349137903809237e-02
-5.375554370988354647e-01 3.842912081825998194e-01 2.031554833791532691e-02
-6.494611972548037793e-01 6.245380114042382580e-01 9.075214755479472928e-02
-8.324129524305297068e-01 4.834158879125786679e-01 1.179260392427692317e-01
-7.143000551309885982e-01 3.748732637752281160e-01 5.985744230761871898e-02
-7.748496311569011974e-01 6.678206812933675796e-01 1.528546516111073672e-01
-7.695283799860385132e-01 3.388592416950889086e-01 8.134548906909226662e-02
-8.295580855415913835e-01 6.595524468915072713e-01 1.315044232430882254e-01
-4.826362772291477032e-01 9.507984726843892176e-01 8.212836074012626331e-02
-4.154789802820072486e-01 7.936059298389163130e-01 4.279261970250992225e-02
-4.924484702657008217e-01 7.896380759152581419e-01 3.387827077270975928e-02
-7.289739252855904628e-01 2.899330923120239656e-01 8.788845843468985619e-02
-6.842780878801932865e-01 3.218503025526440742e-01 6.403161059586867654e-02
-8.007107017115812075e-01 2.635899809086627021e-01 9.629332233295823107e-02
-2.794452960096411864e-01 6.307502018974233682e-01 7.588296140505752796e-02
-3.103346136522180942e-01 8.279807932974712070e-01 1.421813323980442023e-01
-2.717967412615217571e-01 6.911361764610456371e-01 1.105003329408023038e-01
-2.959438612917212885e-01 8.966772242962152140e-01 1.427777535194497405e-01
-2.331101621551557590e-01 5.415695621979375041e-01 4.900173800530097795e-02
-2.970488299719387104e-01 7.404296270645145395e-01 5.383045218609161520e-02
-1.550761734692548965e-01 9.583026456673616744e-01 2.003425255862552323e-01
-6.826618438391021115e-01 6.582418795612338114e-01 7.664937420204291640e-02
-4.347146348936467009e-01 5.417442729151107361e-01 -1.999557138529831773e-02
-5.635180765915334122e-01 5.728008437667864161e-01 3.523975108819257102e-02
-5.659368724876724377e-01 4.605703367452350094e-01 7.494898520578464896e-02
-3.621204223031635472e-01 6.735004448233367080e-01 6.819819974885664438e-02
-3.132074007220185252e-01 8.733009739365168445e-01 1.142029651982107152e-01
-2.451075382447032158e-01 9.138121183466477726e-01 1.813973758554341675e-01
-2.731548647201025304e-01 8.624936040651219882e-01 1.343917415315121211e-01
-3.896417049467614246e-01 7.407108764594311223e-01 9.191666224152590658e-02
-5.246418282442179004e-01 4.706920368265534727e-01 4.817797926507149525e-02
-6.501501073814042186e-01 4.157342495851895636e-01 1.022062722324786344e-01
1.369073578317931417e-01 -4.239460550162682528e-01 -1.153814396850421503e-01
1.393798174280876379e-01 -4.748662424322129261e-01 -1.045532681295459898e-01
2.049497809791309133e-01 -2.530698408005352951e-01 -9.843702408748267185e-01
2.734283155944644550e-01 -3.140400314685983241e-01 -2.188675221559959264e-02
4.769989992009036617e-01 -2.405853521600237466e-02 2.563150539522178750e-01
5.317525403933949235e-01 2.794191535653997929e-02 3.562986942881538610e-01
4.438584174612487110e-01 -7.059667043441264500e-02 2.524702953840457509e-01
7.271233774040225528e-02 -5.170910801749650787e-01 6.506053017674608974e-01
3.427784196167051878e-01 -2.144762326228192018e-01 6.896938847197607581e-02
2.107800072405232039e-01 -3.474303044593774481e-01 -6.148953422837904331e-02
2.337249590992047932e-01 -5.339324495528469106e-01 -9.703998112684872890e-01
1.936536050469473969e-01 -3.439155365129542563e-01 -5.015933006907541403e-02
2.064950565984776110e-01 -3.699080375127037357e-01 -9.712023446678444416e-02
1.053187108674133593e-01 -5.639103376932685929e-01 -1.429014423777860143e-01
2.013560628896993443e-01 -4.271364276602913623e-01 -1.044553967511683140e-01
1.679616611446490548e-01 -4.681127767780232096e-01 -1.061666946282804058e-01
1.009318526529677934e-01 -5.520354916393289679e-01 -1.737107573608615840e-01
1.838004363288492093e-01 -4.349568868167041358e-01 -1.068306685575457077e-01
1.704426692264724985e-01 -4.562448507821294519e-01 -1.045954450019127152e-01
1.069085970399635682e-01 -5.554596754321803331e-01 -1.341188715395200404e-01
1.656764864928342296e-01 -4.623875837040605785e-01 -1.119500330659305015e-01
1.742196131996322506e-01 -4.286483929909014612e-01 -1.105912289668450343e-01
1.364252250439861036e-01 -5.069423865482904912e-01 -1.208944075295755038e-01
8.897788080616497730e-02 -5.626039174091438388e-01 -1.502738489069166405e-01
1.438070691517405741e-01 -4.587742378430369472e-01 -1.018448615203851049e-01
1.856921548972778613e-01 -4.610422037636893178e-01 -8.577678083362931527e-02
1.942516839307632526e-01 -3.072114016689179161e-01 -1.328359128326462579e-01
8.562092636049685457e-02 -5.589463375405777645e-01 -1.482694057102875718e-01
1.791862644880203304e-01 -3.868691478877482326e-01 -8.643594989237304849e-02
1.085957674419349150e-01 -5.640417179003761605e-01 -1.605679124114252343e-01
1.613218115154801124e-01 -4.910728289597990348e-01 -1.119502824660609241e-01
1.021129500135251889e-01 -5.484520414347112682e-01 -1.331835902585924158e-01
1.112254435553819698e-01 -5.316580822424725739e-01 -1.328328415778108895e-01
8.888961806091053020e-02 -5.600686301311107451e-01 -1.516611611127982595e-01
9.740623692825216284e-02 -5.334787060212470289e-01 -1.365934203986153006e-01
1.003728619193130500e-01 -5.348332349715061440e-01 -1.325592219356027113e-01
1.872508511362387107e-01 -3.852787296139648099e-01 -9.919426209279356976e-02
2.033324455400480901e-01 -4.164467836719512039e-01 -7.587249203406912224e-02
1.237195112432299959e-01 -3.974938082599673295e-01 -8.967264799634927508e-02
1.259232011553869657e-01 -4.627558352193584246e-01 -9.788244718524548305e-02
1.917963517235831139e-01 -3.589921691622176003e-01 -6.824443634836653561e-02
1.752369492334656942e-01 -4.162392466997753560e-01 -7.316346833581736930e-02
1.212448329612750009e-01 -5.114802902261577078e-01 -1.215988831777638918e-01
1.536438489857417655e-01 -4.839467773972691567e-01 -1.094131302407140988e-01
1.555719015330156718e-01 -4.528784097533630759e-01 -1.077737156269533425e-01
1.418110092822061075e-01 -4.036275123260885667e-01 -1.120857028488605467e-01
3.068906752808348570e-01 -3.202704068525968895e-02 2.985864642143977107e-02
9.869591317303609557e-02 -5.528291908543163657e-01 -1.516645487732238839e-01
9.612011973109596541e-02 -5.670934514705131546e-01 -1.437001451838023636e-01
1.003135406191515422e-01 -5.643161255102154827e-01 -1.431331868396094609e-01
1.079622001115380509e-01 -5.571553853457110739e-01 -1.756429327620719905e-01
8.426477696362148773e-02 -5.520059633646186015e-01 -1.482438546581469618e-01
1.694722519976304131e-01 -4.668382872691771990e-01 -1.053509447646914093e-01
8.847921275619366477e-02 -5.523725982556058067e-01 -1.409363150610759008e-01
1.013401926043211859e-01 -5.522631906227583043e-01 -1.329588442038344143e-01
1.019838898953479706e-01 -5.549737040696988144e-01 -1.292611632011783640e-01
1.315698417046266555e-01 -4.688365583468465658e-01 -9.414144497215552743e-02
-1.336071317624036026e-01 -3.790793757959219912e-01 -1.554136268558985352e-02
-5.290271727594855061e-02 -1.459239563091673797e-01 -6.097257398968531916e-01
1.863554517349860495e-01 -4.406772008628181969e-01 -8.822681113046473844e-02
8.656071602809660426e-02 -5.493057642432132015e-01 -1.617294667212957893e-01
4.995603340055993491e-01 -3.159376306655937994e-02 3.228135893127099809e-01
4.961672869351180237e-01 -4.388514493269311811e-02 3.641298287519051935e-01
1.766330020232412257e-01 -4.570335970914840562e-01 -1.041588604222071224e-01
7.277305361631593028e-01 -3.119484727297622828e-01 -3.517664612804098367e-01
6.707656114188783603e-01 -3.428353641721560985e-01 -3.042404739486157528e-01
1.353634604633922600e-01 -4.666126910289423169e-01 -1.947470496147848118e-01
5.717381924237403545e-01 -4.185354480042394187e-01 -3.539325697895088219e-01
8.899885760323766881e-02 -5.540244089250636605e-01 -1.314706602885456765e-01
-4.435778263381954800e-01 -4.905995570692580493e-02 -9.341528421024969386e-02
-7.555748149406379399e-01 5.163159528286658667e-02 3.131212429974521427e-01
-6.842257250225525222e-01 8.316212525210028850e-02 3.509862482659752425e-01
-4.949244689909296779e-01 -1.013623568340872860e-01 2.876316832873123674e-01
-8.179364950607530549e-01 2.235515765507713748e-01 -2.305145433312079384e-01
-5.578584638799172213e-01 -3.490164451476275576e-02 1.899712164833826378e-01
-6.852553909535136212e-01 8.318109662612944988e-02 2.835021954678948464e-01
-5.540777529051937877e-01 3.416161954259301914e-01 -6.138611532499917978e-01
-6.426480868560223714e-01 -5.908467014215283697e-02 4.512249184905909871e-01
8.038678334161022399e-01 -1.419449628397041474e-01 -6.066508511578260210e-01
-3.110829478244008239e-01 -1.921829020709426850e-01 2.882792857195639602e-01
-7.140241835296436967e-01 9.994428170234100073e-02 1.969592505507189450e-01
-5.118023722206771486e-01 2.460611690350383296e-01 -1.458165239264516411e-01
-1.144524297931502899e+00 1.495564203629034250e-01 2.738405930717965342e-01
1.210618902395621393e-01 -9.826081270932075784e-02 3.960679356482029734e-01
-2.215544060979539320e-01 -1.587910767347867624e-01 3.241231184195498272e-01
-5.827888529722250466e-01 4.279499749427406394e-04 4.453553308491036145e-01
-7.163144700133435849e-01 2.201496443342727538e-01 3.134573914806658701e-01
-7.358898922836182299e-01 4.204019469088408623e-01 -9.838043172442527406e-02
2.544981135427835106e-01 -1.834055535591830044e-01 2.459907569194746124e-01
2.232445224864002820e-01 -2.051118414555143099e-01 2.979003047749395616e-01
1.623704920510637140e-01 -2.616428981914549756e-01 1.264179686147618997e-01
1.698891917713629407e-01 -1.249415575724804744e-01 2.388807005184897803e-01
2.007295722792542814e-01 -1.797626603686816038e-01 2.083972922366603420e-01
1.251024716220418831e-01 -3.408960940338642831e-01 -9.200411124472059055e-02
9.188618822731975389e-02 -1.781439740842160613e-01 -1.237490260283695409e-01
7.878819713790211066e-02 -2.446394819164829371e-01 -1.733472308384879645e-01
2.551267556394630209e-01 2.388048713234648124e-01 7.654132982746164604e-02
6.459337604121571097e-01 -4.576667012970546677e-01 -3.456562734962136396e-01
1.874527642321815180e-01 -2.143441252711542344e-01 3.014047714119124088e-01
7.085542627615606381e-01 -4.786036900780605285e-01 -3.528894771656541085e-01
1.320857137612070076e-01 -2.480224070143824955e-01 -3.158368417996438443e-02
1.107733519382320536e-01 -2.461466661955220014e-01 2.428301242865681109e-02
-1.881001494689367171e-01 -1.186812474743166590e-01 7.450220495153814237e-02
1.643991136749216320e-01 -1.898300855212846083e-01 -9.421881195341217166e-03
-3.138017547268288632e-01 8.479760022015943033e-01 -2.434064062747234858e-02
-7.694833290009535087e-01 5.438096977796333942e-01 5.300583755738467323e-02
-6.937880384405422651e-01 6.714190428860525861e-01 4.672020778387986351e-02
-5.334101789660107285e-01 7.382940130544430879e-01 -6.575785109095608205e-03
-9.212783039259074547e-02 9.173844533158149739e-01 -7.917781040318519481e-02
-7.665024445855161961e-01 3.656712370893285269e-01 1.403080032265082433e-01
-6.446679807157421616e-01 6.452662906944951482e-01 2.425540916519667786e-02
-1.472336769055525019e-01 9.584943637324419008e-01 -4.963019898137546737e-02
1.795665802322927995e-01 7.196635778419256946e-01 5.412720946816193535e-02
-1.653870285677168928e-01 4.659396155680409768e-01 -2.445959342521709240e-02
-5.073199899182587735e-01 1.397221358346827924e-01 2.082305820918856770e-02
-2.056759500174588084e-01 5.796664060590145384e-01 5.199778394326229347e-02
-1.195664113242171922e+00 3.426651085358374815e-01 1.768378410711726467e-01
-4.652935316513114872e-01 3.902269949233754809e-01 6.587859138335333542e-02
-4.813767812121758638e-01 2.124542868994244715e-01 3.952799075261802242e-02
-4.672099696916377498e-01 2.194555500109107438e-01 3.500783925049921752e-02
-1.209253482829430792e+00 2.993571500627688620e-01 2.175409128762873234e-01
-3.849015660832598162e-01 3.104445425002650971e-01 3.855870584951184843e-02
-2.899897970651826307e-01 5.094585262998317932e-01 1.637860315972282724e-02
-8.027593999230050459e-01 7.730664726601697012e-01 -1.831139599744071797e-02
-4.117939003093938899e-01 3.742330142270499094e-01 4.128028451949336541e-02
-1.628827235218228142e-01 9.454345507227942536e-01 -9.565448877285731566e-02
-5.792804529489427035e-01 3.719336045568671922e-01 4.414828403681891889e-02
-6.991231978269626390e-01 5.433870322656944030e-01 9.589000949895511161e-02
-8.683882648258942627e-01 1.821507550630027117e-01 1.005958162316364507e-01
-7.353497839500428013e-01 6.712219233459046364e-02 1.384366662064755171e-01
-7.040283862351892630e-01 1.531305322116169043e-01 1.209509785848981306e-01
3.990048507962727364e-01 2.493248540809393510e-01 6.403227211669629826e-01
4.481370353541446194e-01 1.082155384052816971e-01 5.764919235691819965e-01
6.535675943045639036e-01 5.090309253628660935e-01 6.488561128297347658e-01
6.569123961889814511e-01 5.639273370286673748e-01 3.699920045028058380e-01
4.066972366487575097e-01 3.134507250674750667e-01 4.027325319222274658e-01
4.852086256947578669e-01 2.782684493720857244e-01 4.683847349678612049e-01
5.502865097704987551e-01 4.158389510539710621e-01 5.134183904262488163e-01
4.260940270541337949e-01 3.446302182967740935e-01 5.071965843146741815e-01
3.996763261351033436e-01 4.076920740249372899e-01 7.143538484609197603e-01
6.114887710346339489e-01 2.280947665632711563e-01 4.661754714263369737e-01
3.915185749827581607e-01 1.736720357811490922e-01 3.559616308948024277e-01
3.703968380648248737e-01 2.673409688469577383e-01 4.321805147193235053e-01
3.815310398816322279e-01 1.684418741429438149e-01 3.657669656098105349e-01
3.259638331136366918e-01 1.524203407359540630e-01 3.788450637697139411e-01
3.532502477853701195e-01 2.156583283479100166e-01 4.679566498160683263e-01
6.074333741608983761e-01 3.969500520372869490e-01 5.382721536271753981e-01
6.259614252371781262e-01 2.674432812538712345e-01 4.533637720826548256e-01
7.170901203243227329e-01 4.560931687045849947e-01 7.711167944853614120e-02
5.754657766472313085e-01 2.041141979239023407e-01 3.521388491299345391e-01
5.918593913359355696e-01 2.581236056179107008e-01 3.452937899636064345e-01
6.887149456984508200e-01 4.296423881363192754e-01 4.077544752460869337e-01
6.625278535499035115e-01 3.305593976902546638e-01 -1.874991986500413460e-02
5.674931997516922122e-01 2.004711872334781209e-01 3.053943976470513966e-01
9.027383109684615770e-01 4.871416939848608463e-01 -7.072932053013911147e-02
4.916898686417608966e-01 3.465455505120766944e-01 4.754641387789138585e-01
4.499886674898661010e-01 3.584464385560695021e-01 5.287650650710008504e-01
3.240757917009645661e-01 2.285269602010542300e-01 5.544522205949564686e-01
7.851956384177032344e-01 5.992418196481241743e-01 4.934869894771787835e-01
3.035118816400035890e-01 4.822592283326741086e-02 4.445257723577668296e-02
4.605422055498185618e-01 2.399328807945384501e-01 8.346797767169486515e-02
2.133576315772483245e-01 -8.203057748481311362e-02 -4.326031799687931473e-02
7.483791397988339700e-01 -1.909771751152420927e-01 -2.870750310207078049e-01
2.068789057346945848e-01 -3.737636667938616930e-01 -4.391716963324686362e-02
1.342584970901940788e-01 -4.963499071371247351e-01 -8.883450623742181196e-02
3.587153429741428146e-01 -7.251598899921732344e-02 4.548510900679848118e-02
6.870522599139851083e-01 -2.277873632342109766e-01 -2.743480529220075348e-01
6.341517307808098858e-01 -2.315395076623752157e-01 -2.697797762152915335e-01
2.227722902716311737e-01 -1.861057931965758305e-01 -4.292311600803420946e-02
3.409719344284792841e-01 -1.135362464886396222e-01 2.273395831326976632e-02
6.444280687601967594e-01 -2.145909792456279774e-01 -2.707990980123022862e-01
7.190368685607216870e-01 -2.229125667503864261e-01 -2.954949144872375255e-01
3.216812875340189226e-01 -1.132536919916879575e-01 1.123739032556012735e-02
2.161275907623889658e-01 -2.671761556525814596e-01 5.960337709528373135e-02
2.295705394175184266e-01 -2.441296309960525046e-01 5.527885429590369271e-02
2.354279009980146387e-01 -2.577326823527433253e-01 3.175732371810838228e-02
3.407458159580842860e-01 8.465170819943593217e-02 1.723439474558509724e-02
2.204101706404720529e-01 -3.128327850718674030e-01 -5.714366631008080399e-02
3.601332573939808879e-01 4.492320333666569021e-02 3.292895494769672304e-02
2.288514844284941230e-01 -3.468140031713643490e-01 -6.837102932184523085e-02
2.731436731009793673e-01 -2.983380210981809721e-01 -1.693732701892325734e-02
6.816870721636718589e-01 -2.076097895277049799e-01 -3.195851708587497120e-01
7.311097362758131046e-01 -2.280949910067814335e-01 -2.645839003048738314e-01
5.050399181366476142e-01 2.938624597673690220e-01 1.081295388902632909e-01
5.099314437408799527e-01 3.248393636043516164e-01 1.487608621165859013e-01
2.248706299693019051e-01 -1.842073111258781537e-01 1.715520363320003835e-02
1.765284974954812180e-01 -2.716747902306705931e-01 -8.675065592779063195e-02
1.413481001107560753e-01 -2.946259289832082739e-01 -7.125256730477892708e-02
2.263066154119051376e-01 -2.284032386376214918e-01 -5.521328608961321993e-02
2.650608636224464632e-01 -3.070771302495870492e-01 1.905713935455133345e-01
1.847867152148904568e-01 -1.788384216873962207e-01 -2.034158194013080748e-02
2.252856584015742736e-01 -1.801413041425978523e-01 -3.343255810642015158e-02
2.284192140677908656e-01 -2.899787471088949853e-01 -7.442408487455171029e-02
1.339102923845706394e-01 -2.173077511464694689e-01 -6.716905419383195630e-02
2.449631917109511559e-01 -8.002054761114885117e-02 3.371673694642543517e-03
2.503582696616071801e-01 -2.600771310065349562e-01 -4.429984713504712956e-02
2.494651632675432551e-01 -1.114867192101767907e-01 -1.734562386397306422e-02
2.735132246719771953e-01 -7.679181588634420574e-02 4.879711776742876733e-02
2.436870516452585012e-01 -1.781710952295867956e-01 4.574339256270748728e-03
3.006570294836383717e-01 -1.523765148627265753e-01 2.663223260975693396e-01
2.798510459880173551e-01 -1.268145253699873853e-01 4.679030971859662186e-02
3.111811644024541357e-01 -8.830949222480863336e-02 3.300521483590159594e-02
3.453519625039255803e-01 -4.794973642053958901e-02 1.427936368659648014e-01
6.847511095536424897e-01 8.755364696327959662e-01 5.438382656790877734e-01
2.832322786684950411e-01 3.177920088092069800e-02 2.473612739733939414e-02
3.429651244069611971e-01 1.552988224847228205e-01 2.897118834457126924e-01
5.325493238637065696e-01 4.258418087484538983e-01 4.736556910627646166e-01
3.529903275489839620e-01 7.291344436359317172e-01 4.446759532686938576e-01
3.284233238031350477e-01 7.584658228686455006e-01 4.362225601597976010e-01
-3.615830313959572662e-01 -1.198604779643142604e-01 -9.536762470424033911e-01
2.668919174070448208e-01 6.418448384404752405e-01 3.442819485163873816e-01
5.935019407505930100e-02 8.689393567746858671e-02 2.279650247940697427e-01
5.623731611038261524e-02 4.598605456844707257e-02 2.342141059275333059e-01
1.281851012675940260e-01 -1.185721262939220221e-02 2.044745800174285200e-01
1.431323822398266610e-01 1.949427292228891537e-02 2.785657937879857937e-01
6.958062718576241146e-01 6.561550309715374896e-01 6.882462079173538028e-01
3.564279935203324423e-01 6.328579889696811511e-01 3.671330784482360610e-01
1.571399598469012948e-01 7.460945994450635110e-01 1.842711357090701940e-01
3.366370699218333984e-01 5.908476697561805269e-01 3.222960866243164690e-01
2.957013630133926707e-01 5.632839045031938496e-02 1.076060209224234676e-02
-3.141014057093313161e-01 2.624175856265527629e-01 5.102815667157948321e-01
1.395409140157489458e-01 6.439384686116497170e-01 4.421630494982707882e-01
4.726153524823473173e-01 8.309670211723001465e-01 5.458618840610662826e-01
5.741284102159309732e-01 6.302869567473619039e-01 6.113495271040786383e-01
2.955300292148836938e-01 4.325896922202295269e-01 4.298071543224708524e-01
2.080261472417864188e-01 -2.214469607898713888e-01 1.391950663186792003e-01
4.358483695069977903e-01 3.735451042542440314e-01 3.633327231570790961e-01
2.038515537060208160e-01 -8.734217096134640201e-02 2.776065764005679615e-01
2.369861777120037538e-01 2.537240059429070604e-01 2.702084126744103143e-01
4.104768840535686913e-01 1.889282267054313014e-01 2.802717093963024708e-01
2.153559444122566391e-01 7.457362295610066305e-02 3.006688791428024921e-01
1.339408508128198672e-01 -2.690561137215936264e-03 1.628837156338953929e-01
3.332445409964879812e-01 1.405836124601437392e-02 1.383483186650867058e-01
5.669934548539089514e-01 4.999843044558295313e-01 4.374703521175271059e-01
-5.406549925373319576e-01 6.796505185416714667e-01 7.930631967198267795e-02
-8.092235320190673820e-01 2.962556743138382576e-01 8.839653512337250496e-02
-8.739850898844411242e-01 2.849177346362005703e-01 1.174454790701648099e-01
-8.162099864948412220e-01 3.039005158964716014e-01 8.667684228119136580e-02
-5.583827484844298139e-01 6.802425907527391846e-01 -2.412803864745335578e-02
-5.447917718591762659e-01 4.542671342163059345e-01 5.803748441843391975e-02
-4.907883517390420614e-01 4.596619323862833340e-01 5.732636444557395045e-02
-6.228200402943309122e-01 3.913226364389520984e-01 5.954350346170143166e-02
-5.849630265353222836e-01 3.950701747065633596e-01 6.007964584903063843e-02
-5.589601537750814586e-01 4.096760823289939402e-01 4.327024471744889134e-02
-5.686015139689667430e-01 3.191071269592370419e-01 2.582008835851883066e-02
-6.218505647345723419e-01 7.253743698133517936e-01 6.129516482429368113e-02
-5.626708630775634212e-01 7.722477892761097085e-01 1.011500476386236885e-01
-6.967441816041904934e-01 6.651912926575900276e-01 9.412345427889419469e-02
-5.556957311389570942e-01 3.599573195309505591e-01 5.864828684022138638e-02
-5.455803983348210817e-01 4.179469468722096237e-01 3.547496712430557586e-02
-5.721124330080810116e-01 2.899504858642554805e-01 2.819988274468004236e-02
-2.900375457054404360e-01 9.749645468932401915e-01 1.210534837241402373e-01
-5.771602108955698612e-02 8.071966409211693838e-01 1.159906712848326332e-01
-1.342708166986180014e-02 8.460697920932690463e-01 1.447476234117440475e-01
-1.043310674057728177e-01 7.134998931331651972e-01 1.068265502340847023e-01
-4.819167675781774185e-01 5.778741354233853933e-01 -3.469716878955000222e-02
-5.128683240316881387e-01 6.311617354066416663e-01 4.562767044144433459e-02
-7.697925689411213579e-01 2.463466169981466392e-01 6.652893581612220886e-02
-7.737261370785687431e-01 2.457995226687443302e-01 7.474848614036037897e-02
-7.712835270754623274e-01 2.138961187367156291e-01 6.236741600097350097e-02
-7.851778996463019134e-01 2.508790426223134196e-01 5.958612888779796918e-02
-7.730208856087311675e-01 2.630415517499428146e-01 6.867165455586524136e-02
-7.604940846957650713e-01 2.258125335545879964e-01 6.368674387486202015e-02
-8.187316859993908347e-01 2.424320436081816299e-01 8.333196448351949670e-02
-7.865504169841640580e-01 2.550064555874220762e-01 7.644667835505832010e-02
-8.640743810207747178e-01 2.466655377883488209e-01 7.070177055685480938e-02
-8.150871103150275632e-01 2.523254748738439912e-01 7.827927253693894860e-02
-7.830195143097136157e-01 2.605145703045667060e-01 6.624783158798858151e-02
-8.731116774700334870e-01 2.388666011839774284e-01 9.034509259089604227e-02
-5.901337001925839321e-01 4.221316882680881677e-01 4.074044680610153929e-02
-5.624626963284864445e-01 4.791424075077283518e-01 5.089953411165110131e-02
-6.522926476710230181e-01 3.754910493791703829e-01 4.678511200750230109e-02
-9.984469630730353762e-01 4.433076367615683688e-01 1.229556826638916606e-01
-1.008412263857054958e+00 4.714373031648460555e-01 1.512767907951510504e-01
-1.026208108900113825e+00 4.224897414366499127e-01 1.525105774780409762e-01
-7.825844178594066891e-01 2.192120712736623234e-01 7.369756187196775665e-02
-7.994201486345693386e-01 2.406604634249453756e-01 8.575233057023554095e-02
-8.075851729406513524e-01 1.940457626786904477e-01 7.549781572374807126e-02
-7.970005066024991036e-01 2.331348448912196614e-01 5.869501388771100614e-02
-7.916120405186858333e-01 2.346027475399360129e-01 6.907280122153530710e-02
-7.878767763784483291e-01 1.975860938512507270e-01 5.891827760568318223e-02
-8.443379804146925460e-01 2.322419199023937897e-01 9.088442772023747063e-02
-8.119992372834812233e-01 2.374085751152213430e-01 7.893096872630697702e-02
-8.936760085333103065e-01 2.218886175743453038e-01 7.411995420422583247e-02
-8.365039169451919943e-01 2.251885679357896741e-01 9.892742178857232005e-02
-8.101127954731190961e-01 2.513896595419743418e-01 5.790244437056921850e-02
-8.876011128274829964e-01 2.315645550834238564e-01 6.329757743589803365e-02
-7.164258254178257346e-01 3.482822787233895157e-01 4.151531751400173997e-02
-6.836971614794525864e-01 3.458933280433921231e-01 7.171950164398163685e-02
-7.442757818035982131e-01 3.077404104750313674e-01 5.900332249305252630e-02
-1.020345421707303579e+00 4.354986739227030279e-01 1.212869372919124500e-01
-1.038211444941607775e+00 4.336768286482180490e-01 1.582862425162315789e-01
-1.019126768558425100e+00 3.875693866999925241e-01 1.359452347591841859e-01
-7.190156332477407597e-01 2.876490915226880829e-01 3.043860441898815425e-02
-6.698637355420903328e-01 3.500166428027013388e-01 5.004491625599615662e-02
-7.016928363382280986e-01 3.244911454602105727e-01 4.924502789652882018e-02
-4.612426704887954143e-01 5.556472919115323927e-01 6.759341549447613062e-02
-4.370606527082348536e-01 6.206035247199459537e-01 6.653315702672379928e-02
-3.413837581147781131e-01 9.588499110635207989e-01 1.776810945788369622e-01
-7.546854015308978036e-01 6.543004164753741803e-01 8.765665420749037262e-02
-9.059034482983349124e-01 5.528570606300454715e-01 1.126565686511443731e-01
-8.249284736388867723e-01 6.156799435883506533e-01 1.224851664002999246e-01
-3.700774615742329909e-01 6.404960796909437981e-01 7.074692201378238177e-02
-5.826289620012261583e-01 3.422853324001192687e-01 5.475072246765728956e-02
-7.236522475091300421e-01 1.979914131280910150e-01 7.413510337034633080e-02
-6.268276536032693080e-01 4.956340943353202966e-01 4.858908236161246091e-02
-6.491679311498013139e-01 3.044946878684661185e-01 5.492628686535057370e-02
-6.888300069831713168e-01 5.339423180852821416e-01 8.186425426956744911e-02
-7.343862914498017203e-01 3.377256733772778241e-01 6.381195702607643516e-02
-6.562537570878756998e-01 3.321984203917096035e-01 6.142359879077484430e-02
-6.841515089673898542e-01 5.883998725547776587e-01 7.239300923082458983e-02
-6.175482778857176447e-01 5.364127497866036931e-01 7.813248453786592052e-02
-8.131892762027104204e-01 4.353994532763892367e-01 9.077613796679287472e-02
-8.260899156805704413e-01 3.207075414293001914e-01 1.026599183136373411e-01
-6.703629191341737847e-01 4.170967690375292913e-01 6.360406635494925132e-02
-6.355729308248164733e-01 4.284755030888490746e-01 3.517649509735881752e-02
-6.626468688008722019e-01 2.424175555099352120e-01 6.146613740395686504e-02
-6.710754490586008369e-01 2.720937761177533165e-01 8.020964734197501278e-02
-4.866668629879701280e-01 4.919660093579503179e-01 3.356064229705144064e-02
-2.348960100409249740e-01 6.758137549187924753e-01 2.288947830584261642e-02
1.858375272587339463e-02 8.450060772994453240e-01 1.426099696303229428e-02
-4.577386200151354334e-01 8.723303447051401482e-01 1.407308277822469020e-02
-3.793531516929456449e-01 8.564381624498517143e-01 5.169424113519943687e-02
-6.249932396711723737e-01 2.010647452708624328e-01 5.907000016905725875e-02
-8.086610079068636825e-01 4.319376990870198441e-01 8.722836554347077054e-02
-5.652058503285618540e-01 3.244584105948987163e-01 -1.300803732563244122e-03
-6.776015770507550773e-01 3.848244870387795835e-01 2.782271862727875994e-02
-6.841753063045212802e-01 5.555499450901307812e-01 1.250293503501219150e-01
-7.570247365446504118e-01 5.303680200951250701e-01 1.139695536231587619e-01
-7.298575324176281853e-01 4.744422794384031694e-01 1.814560333054506328e-02
-7.892804227396943428e-01 4.592782971275502502e-01 8.878393906466439112e-02
-6.311095166939304502e-01 2.362797824625186838e-01 5.698695552886480498e-02
-6.845192775858767176e-01 2.980992325681630639e-01 7.854034991878267036e-02
-8.288046475856102324e-01 2.710947731984205133e-01 8.168891055350827046e-02
-8.201274089610652851e-01 3.400620152613854641e-01 9.797742240526631508e-02
-5.757665921080428184e-01 2.471274155155199492e-01 4.036059109612835649e-02
-6.762705884508883880e-01 5.916391596974358569e-01 7.073390985190337876e-02
-6.873836423886025004e-01 4.870775678882853787e-01 5.497171619961336436e-02
-7.148929947097546478e-01 2.096347396148803832e-01 7.116754743887340751e-02
-7.321712404952094300e-01 5.351815411321786398e-01 8.972863169647661563e-02
1.826105244356280577e-01 -4.192848220461291575e-01 2.000952454855642049e-01
1.713421481687628645e-01 -3.304078046458039375e-01 1.891319866870938837e-01
1.676420058660322288e-01 -3.669302564003894540e-01 2.195829570441457934e-01
3.139971205390769127e-01 -2.682125531149833209e-01 5.039735150568759314e-01
3.848516093213105171e-01 -1.300729307700702886e-01 2.901945104936440867e-01
1.541175862513382289e-01 -3.220470507643956593e-01 1.453118397366658654e-01
2.849789572660994530e-01 -4.013677467752636147e-02 3.740108172314277057e-01
3.416369501246847018e-01 3.427018851066281901e-01 5.316554909529300765e-01
-1.930241354589922187e-01 3.128246886101893054e-01 8.105738305849015113e-01
5.099332391383020191e-01 4.485366723833355551e-01 4.464394211309729577e-01
2.865318807262459688e-01 -1.237685574057553750e-01 1.285814269393909803e-01
3.095138293540186658e-01 1.663011939492329561e-01 3.557997259201980400e-01
5.479724869180242486e-01 -1.054664604985978971e-02 -4.541816122761719310e-01
7.088624268850552967e-01 -3.300184040505200755e-01 -4.050320607187123390e-01
9.264944175717340635e-02 -2.428094544949369327e-01 -1.570048043142706906e-01
3.600862540332390171e-01 7.254639492878231510e-02 2.169950398131821057e-01
4.498629981752046980e-01 1.651342986054492867e-01 7.712955956980166450e-02
2.075379081558643146e-01 -3.116071700737806927e-01 1.905806412555199336e-01
2.849273681978946038e-01 -1.162941138516745132e-01 3.059565149585256050e-01
4.234422223574279553e-01 2.841678030761277118e-01 9.517076719086252357e-02
4.516890457508253576e-01 -3.426508609115296033e-02 6.712993048922575312e-01
-7.267364593031888642e-02 -7.303379503957058150e-01 -4.118198574990886707e-01
-1.158593407729027747e-01 -8.009221425128917327e-01 -5.425887700046302387e-01
2.241401984909914269e-01 -3.901643663577245569e-01 5.018141911403861677e-02
1.740790787998433009e-01 -4.055734442338949086e-01 -1.066496858005802906e-01
-1.773530762891573354e-01 -7.625516055269788707e-01 -3.976662060068927307e-01
3.487266757995824418e-01 6.631140447451543130e-02 6.012233725137146323e-02
4.159869341967978307e-02 -3.339252213191056251e-01 -1.010699466921725215e-01
7.535717536784150017e-01 -5.000956034661258043e-01 -3.211084894209506047e-01
2.676802513742721490e-01 -2.166171558444663081e-01 -2.284083759822415696e-02
1.505300886815651162e-01 -4.795010667508211033e-01 -1.164643999726344137e-01
3.881229902459319980e-01 6.373599798368263791e-02 -4.574682533899613324e-01
-3.581891854357035498e-01 2.380401346049444422e-01 -5.991146238497734311e-01
