-1.324593762267581409e+00 -2.796947537622775926e+00 -5.259296875017613004e+00
-1.372270947959212117e+00 -2.453280800872207124e+00 -5.123593786817551177e+00
-1.629650181999854786e+00 -2.558054462303660070e+00 -5.157205579517706973e+00
-1.596252124267794059e+00 -2.552233137569027033e+00 -5.137888688624951961e+00
-1.612323383503311058e+00 -2.513101311982715025e+00 -5.139114003066891811e+00
1.163387868576791995e+01 1.538625657575392935e+00 -6.006269169773381655e+00
9.353344021610835668e+00 3.932315760682187467e+00 -3.119637731092225863e+00
9.569924914910288294e+00 7.103840927649286430e-01 -4.217140846646432628e+00
-8.258919483298821973e+00 -2.503440809045235582e+00 9.644228113003185499e+00
-8.094534264492846631e+00 -3.403582120012894396e+00 -2.452984698159582422e+00
1.522942190606394686e+00 4.099446016900325063e+00 3.531865395627040716e-01
-8.630679651546243392e+00 -2.946022374278602030e+00 1.003790635819459709e+01
-9.205063279974059043e+00 -2.713334015124134080e+00 9.584038682767507922e+00
-9.810951442082735952e+00 -2.958385425586893991e+00 9.711215241854992186e+00
-1.131547401864258973e+01 -3.507910679072448357e+00 9.739643235449033654e+00
-1.129260512116716875e+01 -3.491091552414043342e+00 9.933423468185981875e+00
-3.386773840804226055e+00 -9.801407584439402187e-01 -2.471373484824423539e+00
-8.608787907310953003e+00 -2.830708397843169966e+00 1.013836607714604909e+01
-8.320157305018573979e+00 -2.694051783461571592e+00 1.014968394778120064e+01
-8.849590268151652950e+00 -2.392907713875522369e+00 9.960968628151851689e+00
-9.169807972332341350e+00 -1.923054313476343369e+00 8.977618864091059692e+00
-8.767838234917510576e+00 -2.103635769138562317e+00 9.262257668336628669e+00
-8.576945887239128652e+00 -2.553939177183404574e+00 1.044001920837249386e+01
-8.282149424005528004e+00 -6.921399573177766662e-01 1.711361982655991154e+00
4.218326349072398784e+00 3.548737108535817697e+00 7.801689505543270009e+00
4.209870618444683465e+00 2.328484999119234455e+00 8.875546700596967042e+00
-8.012544916463436806e+00 -5.429213947235940196e+00 -3.126162150608748025e+00
-8.444893395157315297e+00 -4.753102636930064406e+00 -3.640053557244741445e+00
-8.747853430776542538e+00 -4.899984323007206655e+00 -3.751434900927564264e+00
-6.298491219834705390e+00 -3.974716966955518238e+00 -3.658614878205878718e+00
-5.938229179644600286e+00 -3.761137215275674350e+00 -3.374528692550643250e+00
-5.902735115498911611e+00 -3.782568919392350626e+00 -3.510161845619328869e+00
-3.260656911754610476e+00 -3.534618886673347671e+00 -7.108609416959016158e+00
-1.072607738864280336e+01 -5.459702283568536707e+00 -3.104724335407758495e+00
-3.230619557284093446e+00 -3.471763447433159566e+00 -7.098730055330179312e+00
-8.618852919099941445e+00 -4.630579649678843168e+00 -3.232152365372874758e+00
-9.220708856572663592e+00 -4.921846823200045407e+00 -3.153964921538459976e+00
-8.524224782618126994e+00 -4.466537002118349697e+00 -3.211761916686092899e+00
-5.865445501944860140e+00 -3.789869042467465476e+00 -3.662006399828269032e+00
-8.012062087078643202e+00 -5.329041790921272614e+00 -3.143169456936310890e+00
-6.531777417539559316e+00 -2.167505887773304885e+00 9.898242389101859828e+00
-6.498355858957361342e+00 -2.214196567780011726e+00 9.834911964449585042e+00
-6.462888725624717168e+00 -2.277521810022758331e+00 9.769067830646097406e+00
-6.895476589612208329e+00 -2.072274803756715578e+00 9.422263296803325971e+00
-8.685871602694900773e+00 -2.985586568711121824e+00 1.002667875068314096e+01
-6.291197430246014299e+00 -3.971999827440399589e+00 -3.659001951675031616e+00
1.045693382554055795e+01 5.325543720980853379e+00 -3.788209047887692194e+00
1.042886632386185752e+01 5.541072986690996238e+00 -3.709780374985605089e+00
-8.777189478655895272e+00 -5.115846257543529063e+00 -4.603167046498239046e+00
5.770683498693945701e+00 4.668776815294791049e+00 6.578786634827692659e+00
-7.373109072982580336e+00 -4.643768518074921303e+00 -4.484964388404290681e+00
-7.195057003345936231e+00 -1.489878436888583568e+00 7.550344063888395851e+00
-7.267527139272307757e+00 -1.512228992807222339e+00 7.484580795729277369e+00
-8.200282237731606472e+00 -5.016442693604877157e+00 -4.714997781443369007e+00
-4.752625590046933191e+00 -3.266466453558174998e-01 8.801695142188885157e+00
-7.588049684617433677e+00 -4.681905979119774130e+00 -4.569230359583924539e+00
-7.405613628910614032e+00 -4.599253433490834375e+00 -4.274072791307216512e+00
-7.279641384555739947e+00 -9.185893996055991551e-01 7.973806200340384898e+00
-8.028512573257764018e+00 -1.822918562917963392e+00 7.526403142925105705e+00
1.310327459530405569e+01 2.545637520386385244e+00 -4.215659521609569360e+00
-4.689494396660725428e+00 -4.206413577176280505e+00 -3.124025945149116357e+00
-1.311864316370597372e+01 5.809336665897424368e-01 3.323310935944761013e+00
-9.857562646944115770e+00 2.609032806987428899e+00 2.354355257165032356e+00
-1.324441426150646883e+01 8.094688846363634616e-01 3.314752789834244151e+00
-2.030328732979003625e+00 4.187997998073450745e+00 -3.874774721507379116e+00
2.161011206558942077e-01 -2.137416171339288073e+00 -1.301318888502448479e+00
2.161011206558942077e-01 -2.137416171339288073e+00 -1.301318888502448479e+00
-1.889992241277089757e-01 -1.399466250975413273e-01 5.907342379506724583e+00
-7.708363812762748069e+00 -5.566410211558411092e+00 -5.252128187698708039e-01
6.075424243857372453e+00 3.261522419645936477e+00 6.432122267518573189e+00
6.075424243857372453e+00 3.261522419645936477e+00 6.432122267518573189e+00
3.243221310775235011e+00 -9.876913350843035122e-01 -1.452551525728039250e+00
-1.434348323238693723e+01 7.401939403982549237e-01 3.232601822829954674e+00
-1.137546656229918618e+01 2.071839109326872208e+00 -2.145219151498970689e+00
-9.986571650123332589e+00 2.731459168427121220e+00 -5.596204712881472920e-01
-8.428162625592788615e+00 8.498213525497718690e-01 -5.821346309480989412e+00
-8.464829333279460855e+00 -3.153610773966448733e+00 -2.230076426167737935e+00
-1.181742834808644105e+01 -5.467146400526367266e-03 -4.338688460945255843e-01
-8.532424091370385710e+00 -3.079319660102178835e-01 -3.253723587168577236e+00
-9.009063525707453834e+00 1.917659715370383156e+00 -3.298642440177463886e+00
-9.063058941436326066e+00 1.942719275847451410e+00 -5.360300083847278962e+00
-6.528898365220465294e+00 8.306830092530929077e-01 -9.401362337063972063e+00
-7.195029301282805712e+00 3.198629651070606705e+00 1.145138912301987721e+00
-7.167496945867076974e+00 3.174963201331832074e+00 7.968266484039805420e-01
-7.051038605649458724e+00 -9.922704986656823156e-02 7.016381433565402226e+00
-9.927332846482805451e+00 3.030808023612838742e+00 -1.321061741930236400e+00
-1.036928201650516534e+01 2.686245244873603166e+00 3.597409175411307447e-01
-8.700816987529384150e+00 -1.599352686571982263e+00 -4.622124695258076343e+00
-8.578365095653195382e+00 6.772070573001803817e-02 -3.622724677538823101e+00
-3.868135517358530340e+00 1.485499803900860671e+00 -6.968502755659110370e+00
-2.828066389819534621e-01 5.739612891319687549e-01 9.276900047632166135e+00
-2.805811656213473282e-01 5.301924016611266888e-01 9.251617763808734907e+00
-2.649276917272671561e-01 2.647826635940045970e-01 9.141271041240363715e+00
-2.790588694034289996e-01 5.446584867169255162e-01 9.287598251816230999e+00
1.681633754298196837e-01 2.598212564216047404e+00 8.045206401409686237e+00
1.676812939042311434e-01 2.597734384264962060e+00 8.045237232943017958e+00
5.452362205439680309e-01 2.397600633839295448e+00 8.030352796435503038e+00
5.839139897424021619e-01 2.721238046306508895e+00 6.841684968650320720e+00
5.319000024712207120e-01 2.804494359809833082e+00 7.926611493098186578e+00
5.319000024712207120e-01 2.804494359809833082e+00 7.926611493098186578e+00
6.434776946589702007e-01 2.169947555488101809e+00 9.789239694765837996e+00
6.421350956063249793e-01 2.169266003005074772e+00 9.789896367084178763e+00
1.920206627114435516e-01 2.431616907771478431e+00 7.872060541231767239e+00
5.852046798448449216e-01 2.721485590358041495e+00 6.841613779712947263e+00
4.014282525716567629e-01 1.210606630587393706e+00 9.710193914466115572e+00
2.251810906868756124e-01 2.621004584058952869e+00 7.878201184733081064e+00
5.353134488782737010e-01 2.794897439181628140e+00 7.898935074284208824e+00
5.452362205439680309e-01 2.397600633839295448e+00 8.030352796435503038e+00
5.377700009504197132e-01 7.166376397377467455e-01 9.951017619418459859e+00
-7.534728707892814015e+00 -5.292816465233032730e+00 -3.122630533436658418e+00
-3.568511550610762750e+00 3.617586146495348043e+00 -4.943742508415920334e+00
-2.799535907599551982e-02 2.433034969535326386e+00 8.058643626378426461e+00
-7.691643486972668420e+00 -2.960269506778489657e+00 -2.295691827799844820e+00
-5.255489184086505755e-02 2.377302134377104803e+00 7.934492323391138413e+00
-5.255999831292892249e-02 2.294597501155659192e+00 7.907820039405323520e+00
-2.411333946580341420e-02 2.500125585245957627e+00 7.051775317480209360e+00
-4.479742331263001504e-02 1.090293505389623219e+00 9.848009456198321132e+00
1.990989678339467883e-01 2.446149116985298910e+00 7.906014728894417587e+00
-6.889316605431990148e-02 2.856095991276286661e+00 7.926311671087716171e+00
-5.826567194939623329e-02 2.404639113032094766e+00 8.068894871878740105e+00
-7.005510374043348587e-02 2.855432655068479431e+00 7.926304067871616787e+00
1.989141280306442883e-01 2.420193755298527982e+00 7.901133852867484819e+00
-1.327152876622886279e-01 2.119922053783597438e+00 8.052016938833730819e+00
1.857347262001948496e-01 2.671870449729027097e+00 7.934718053119987680e+00
-5.649566076301876905e+00 6.331492621330973014e-01 -1.003857285594600768e+01
-5.528969234968247548e+00 1.335093335922083346e+00 -9.050418318337708712e+00
-7.841709182258921329e-01 4.668377204408978187e+00 2.323530689236476654e+00
3.493795661110657758e+00 5.855273833504476499e+00 -5.443316712830682524e-01
1.276475720624455690e+01 -7.389796462074139927e-02 -2.749920439309703202e+00
4.151124704380505293e+00 -4.191281780718956185e+00 -2.521686996786692170e+00
1.324286136919534584e+01 -2.065622877838380944e+00 -2.791609621962394705e+00
1.259615949150775727e+01 -2.202779429586747995e+00 -2.774038682040720349e+00
1.215301847399037705e+01 -1.737773591590919819e+00 -3.476271502513070821e+00
5.346396275134241094e+00 -3.266357833104899466e+00 -2.104091693171412647e+00
1.077264600284502372e+01 -3.140849852931212549e+00 -2.466482640213566224e+00
1.007468831027755307e+01 -3.365625102977018113e+00 -2.466328690709820304e+00
8.526959620191874478e+00 -3.423134987740362956e+00 -3.074142284037794326e+00
7.939956357902255846e+00 -3.962598429698763969e+00 -2.782468882090103346e+00
1.083354343387997432e+01 -2.757150702687828137e+00 -2.797422012906365385e+00
1.043730983041845661e+01 -2.471361413942157359e+00 -3.368019796835749258e+00
1.442853852216578758e+01 -1.003745624764652122e+00 -3.335746322562198163e+00
1.399105069745152008e+01 -6.520877139313369097e-01 -3.803932540366665283e+00
8.953875876621456342e+00 -2.951973233461528956e-01 6.278962984380881629e+00
9.995428340319486793e+00 -2.953774102523403222e+00 -3.046516723838720075e+00
7.857810213584350834e+00 -3.999078045291314609e+00 -2.777625624036291097e+00
9.252128707559913678e+00 -1.247643359164471555e+00 -2.403856539983374674e+00
1.110279276799692916e+01 -2.118342643975483330e+00 -3.485438934677739020e+00
5.025402765312557030e+00 -3.084305198552934169e+00 -2.082525330021171683e+00
8.260260488456379946e+00 -3.496104666645142967e+00 -3.165564083742981705e+00
1.284313989232970066e+01 3.413732350629823387e-01 -2.589695404238068654e+00
1.220403933950483122e+01 -1.548555199083459177e+00 -3.593393400892240575e+00
6.167397080987091051e+00 -2.633241839372544746e+00 -2.095949712342717319e+00
1.007414506879453242e+01 -2.649235909008730072e+00 -3.344880076855866413e+00
1.396772094190225211e+01 -4.882583882873344772e-01 -3.947588200647076828e+00
1.296049940082060559e+01 3.454315512674913102e-01 -2.567873788058716578e+00
1.285416724556796630e+01 -1.196673552107555549e+00 -3.671565121608698856e+00
1.065622601932004088e+01 -2.263017133474447995e+00 -3.393117486488879564e+00
1.369419954573754161e+01 -8.448975769749810238e-01 -3.558234924522027054e+00
6.112697925866119597e+00 -3.110747741409827238e+00 -1.829406486837356294e+00
1.032845185004281063e+01 -3.423963972257780597e+00 -2.295012618935661219e+00
9.916799683571671409e+00 -3.005179824394115684e+00 -2.912345339519549547e+00
1.796947017967621019e+00 -4.181008673259577257e+00 -2.075981666852626528e+00
1.089316433306244924e+01 -1.937233054273700850e+00 -3.216446198793591726e+00
6.740277038200032322e+00 -7.614572479843657593e-01 4.972697643138003443e+00
4.401489791162269682e+00 -1.702362681166499359e+00 4.991892660492277756e+00
7.461445590843069908e+00 -2.369718530616607310e+00 6.309744307823179632e+00
8.516299642669551417e+00 -1.050006499279798833e+00 5.589699566859085422e+00
8.780336855585384015e+00 2.019256488652731996e+00 5.193537430898016893e+00
4.565417661557841456e+00 -1.197894085525667451e+00 1.756993705601380462e+00
1.307161416476197680e+01 -1.762972041710580307e+00 -3.161197121494022877e+00
1.080364362956349744e+01 -2.753968141569991257e+00 -2.897921685031583650e+00
1.231158292335306115e+01 -2.351026816235275874e+00 -2.703111949787313062e+00
8.293509440856082549e+00 -3.945477905685616182e+00 -2.493396970043582961e+00
2.350730116039363438e+00 -4.641606112732597822e+00 -2.240759400294009218e+00
2.351562624720332728e+00 -4.929372171666547509e+00 -2.370709084778000353e+00
8.421648699131493387e+00 1.397651160652963742e-01 6.303055101642537572e+00
1.098794398339620670e+01 -2.928568724618138219e+00 2.693658121839218378e+00
6.076996126008996413e+00 -3.558566743785667619e+00 -2.470606750565289556e+00
4.506720276190280927e+00 -2.375306870616678445e+00 5.526659684662532435e+00
3.970031081456734334e+00 -3.210124203151456523e+00 -3.125757501398132021e+00
3.690510164439740226e+00 -1.505258997933816234e+00 -5.523969265792595174e+00
-1.013994082192712032e+00 -7.079225719470532141e+00 -2.630808831761896283e+00
2.443608660473255423e+00 -5.670265716582436610e+00 -2.532931917666612520e+00
8.529420263574452932e+00 9.609210193128745470e-01 5.853110562243082349e+00
1.136454291378672821e+01 -2.837842393229101035e+00 1.601298565227583071e+00
1.127488043455443645e+01 -3.047756028799573969e+00 1.494201457089543439e+00
1.114826720952054018e+01 1.543432603731545782e+00 6.102548414272458643e+00
1.367896931431820384e+01 -2.297497881928306285e+00 1.250033622662564792e+00
1.344584274540137336e+01 -2.413084450362857236e+00 7.384482961775374887e-01
4.969982144950467529e+00 -3.078702937178658949e+00 -2.234259910570756791e+00
4.937198598291288043e+00 -3.111929041775098881e+00 -2.038236177238570868e+00
8.660152468942019510e+00 -1.485481441375207101e+00 -2.468090665492833402e+00
1.251486015391706985e+01 2.440852546064540274e-01 -2.594478305579088762e+00
7.278540351405539788e+00 -4.959466745948862609e+00 1.617468988495947890e+00
6.313013815767637205e+00 -5.375665897686161543e+00 2.355931676082595239e+00
7.312954599506045206e+00 -5.080934916618193853e+00 2.187886679844686100e+00
7.752132623029697633e+00 -1.854947007751307497e+00 6.658574156335437699e+00
7.278540351405539788e+00 -4.959466745948862609e+00 1.617468988495947890e+00
6.936503009033547329e+00 -1.659045105510325691e+00 5.668741133066714788e+00
7.278540351405539788e+00 -4.959466745948862609e+00 1.617468988495947890e+00
8.490241944886376402e+00 -7.600222384686627919e-02 4.881134553083112948e+00
1.144545464087040543e+01 1.240728949063184094e+00 6.283518090016766422e+00
6.927677052558976811e+00 1.405176388830879253e+00 5.282704800805795742e+00
-7.661467147097845709e-01 2.373586298021875596e+00 -6.250100327223496732e-01
-2.784947956526940160e+00 2.076944519241881615e+00 -3.795575176028959108e-01
-4.685575936717714107e-01 2.880836948513522344e+00 -4.069308083246844787e-01
-8.004754767116010195e-01 4.517021254328819069e+00 -1.275000295739115996e-01
-8.620099172888766592e-01 2.480594156128926031e-01 -2.792825377402678999e+00
-6.641712698212898225e-01 2.107596359397547747e+00 -5.216982578460851450e-01
-8.474477137147443662e-01 9.034171482384301122e-01 -2.076329141571246595e+00
-8.782423018593973341e-01 1.319581214271244862e+00 -1.265200168216001009e+00
-4.827041808107772058e-01 1.868324010159113202e+00 -5.508293773064246501e+00
-1.012517526405299018e+00 1.510179765990562695e+00 -3.018350321610028697e+00
-7.059359911737779214e-01 2.254581915058150532e+00 -1.082776259700865662e+00
-3.008071590089418379e-01 -1.305055024695026100e+00 -6.419390278526440063e+00
-9.735173254820432831e-01 3.256496998071939153e+00 -1.363952864650304520e+00
-9.040380501754791132e-01 8.116021416199923344e-01 -2.843769128805559099e+00
-2.289256937794785340e+00 4.369447150172154792e+00 -2.243965264200413479e-01
-9.917636632558698428e-01 1.648335044106841840e+00 -1.112329359965942288e+00
-6.481209293980753072e-01 3.309979779293706237e+00 -1.828793479470066874e+00
-1.945905478701346114e+00 1.708110333715901485e-01 9.575900221549941804e+00
1.724154306212886567e+00 1.564858247421581749e+00 9.407725740230338474e+00
2.697315938665541868e+00 1.966987535672203524e+00 9.372878933987516703e+00
-3.154445134947621465e+00 -2.244772883459076773e+00 -3.488337217432127879e+00
-3.167119317544583978e+00 1.768108152173420766e+00 -3.243003545234932061e-01
-3.073729722076902870e+00 3.933239941612491020e+00 -4.030182004749354618e+00
-3.888766088639983298e+00 1.135025858072427202e-01 -3.219357502543211513e+00
-2.903120392665613725e+00 3.419627042759119551e+00 1.560849642147203120e+00
-2.380757539500345743e+00 1.605038919451167390e+00 7.000926322094924714e+00
-2.363180614861871920e+00 1.631232982513883600e+00 6.868048167928353820e+00
-1.166117755626010721e+00 2.371738192500971731e+00 -2.243060954442083865e+00
-2.910216334364349677e+00 9.415687341347094286e-01 -9.579689529663130143e-01
-2.807423831166327766e+00 2.300274250713731483e+00 -4.716198040595040442e-01
-3.255840339440309261e+00 1.687103758734574299e+00 -4.147786746867312413e-01
-2.359080390490253087e+00 1.573917168761846952e+00 1.397725196568986972e+00
-1.954514133926325892e+00 9.733878248506403486e-01 -2.844248215184049577e+00
-2.227397524846697063e+00 2.790225534433615207e-01 -1.393627643221535539e+00
-2.942761304273011191e+00 4.332276228430641751e+00 2.042729650770896299e+00
-3.250789425912669728e+00 4.163326715047180215e+00 2.065078446384961630e+00
-2.904010033858478668e+00 4.070685994097678950e+00 2.064659452981702170e+00
-2.217743342223911451e+00 2.515652894111399362e+00 -4.781670255138802395e-01
-2.933263249698127684e+00 4.903832093728739849e+00 2.063470436843143074e-01
-3.345799002194050242e+00 2.714527946921039714e+00 4.282145843013923092e-01
2.134297958217192370e+00 4.236584294353029634e+00 -4.241335416190592511e+00
-3.150738614230554013e+00 4.347336161123370957e+00 1.816718106319000769e+00
-2.090475641942263429e+00 1.854796992822507207e+00 -6.215860497414090746e-01
-3.520692665353939432e+00 2.497416686558728838e+00 -4.631348042786367913e-01
-4.846211044939872092e-01 -3.765606897401883035e+00 1.693518636848328374e+00
-2.991188036967762365e-01 -6.014433253296787463e+00 -3.098865749032835737e+00
-6.218828638062438019e-01 -1.271604832639890992e+00 5.789970904218919578e+00
7.693372234541258348e-02 -4.729610756084347223e+00 -2.838747515480589456e+00
-3.125592234844084549e-01 -4.668192158816189874e+00 -1.974930180677560099e+00
3.813540297487386432e+00 -2.251487696785552828e+00 -1.585274513543214470e+00
3.421071855139310891e+00 -2.026339883392476171e+00 8.517095730332378878e+00
3.744192665383283991e+00 -1.926132654428253987e+00 -1.788753902675126461e+00
4.060084349938700043e+00 -2.855779083091821491e+00 -2.125796129003062696e+00
-7.714354053411957679e+00 7.786102016855432906e-01 -1.946751698779543904e+00
-9.995705441018749582e+00 1.134621065661790773e+00 -1.046679565166859088e-01
-8.592347201314590066e+00 -9.345254569974608128e-01 -1.678023334254441779e-01
-8.289572435966874764e+00 -2.426687855853333908e-01 -9.225835735965027595e+00
-4.236797642159463528e+00 1.712380479815158507e+00 -8.515969258914472206e+00
-4.192087658041657505e+00 1.619551904583560020e+00 -9.010646246020922234e+00
-3.981230120237396086e+00 2.176467518756238562e+00 -2.146717376827218970e+00
-3.975186574482744373e+00 2.962312804082031903e+00 -1.088451262013783394e+00
-9.751169397473281819e+00 2.949045680588828766e+00 -7.004663003258452258e-01
-1.005681388051473668e+01 2.786671523036262865e+00 -3.323207032794213700e-01
-9.758640429382506198e+00 2.982976247710323214e+00 -9.223707197994412965e-01
-9.558013355959497304e+00 3.072466818359615548e+00 -1.100943973674893606e+00
-7.656782980714183395e+00 3.910819589099884031e+00 -1.027164106165009194e+00
-7.652731196663388857e+00 3.910311119630458521e+00 -1.027320260949139197e+00
-9.496292736079531949e+00 3.185938665245493961e+00 -1.349066654921406316e+00
-1.037688667193974190e+01 2.282421344204602853e+00 1.351394846553271023e+00
-1.026026512520693501e+01 2.728667210858016112e+00 8.904360174121794813e-02
-1.046941205903673300e+01 2.473501885745453599e+00 5.688634761448964072e-01
-7.668717128280809980e+00 3.523484511602719582e+00 4.488734501083976869e-01
-6.087905497232834584e+00 6.052049843517713912e-01 -9.938850736261754193e+00
7.377329930620113441e-01 4.476121518025901302e+00 -1.274336597783283453e+00
-5.691172219273232358e+00 2.199510676183282332e+00 -1.099458334087017430e+00
8.247232837559830276e-01 5.190385806529994817e+00 -3.215783747394032943e+00
-1.136427415312289746e+01 1.610108294125575989e+00 -1.624772641182283817e+00
-5.948641683021363313e+00 3.577850894441768848e+00 -6.658010503739919539e-01
-1.139949213642461068e+01 2.150646530546918012e+00 -2.089160635893644091e+00
-5.824955711472811437e+00 4.284285858607049136e+00 -2.360137557167798050e+00
6.558623171779357497e-01 5.447966208741444660e+00 -2.758387664801748240e+00
-1.176048746834731418e+01 1.277800420870789821e+00 -1.059107042668555820e+00
-6.304057951684128192e+00 3.464787151452866976e+00 -1.315634413711934014e+00
-1.003742480223529654e+01 1.724352294942584019e+00 -2.992518860604768349e+00
-9.228167619149582279e+00 1.828232498543171047e+00 -1.686091806965397843e+00
-1.030391026110600805e+01 1.453644815057514750e+00 -1.123078347121547887e-01
-9.688410259998267549e+00 1.310438242749969007e+00 -3.277945332418517599e-01
-7.626567810059491137e+00 2.808563420886704520e+00 -1.403962003183747420e-01
-6.783528075668141533e+00 2.845025344625946584e+00 2.617750700058595892e-01
-6.556236158211651066e+00 2.203306285562040223e+00 -9.418000740378985602e-01
7.615586871811099723e-01 6.707188710790368269e+00 -2.531172261295373982e+00
-7.017305489145903685e+00 2.211176090205167366e+00 -5.763379991432488580e+00
-9.627100024129125799e+00 2.782794278447521918e+00 -3.032911362985887926e+00
-7.375554782802661080e+00 3.634149227010630145e+00 -3.152559496229025982e+00
-6.550597428894080032e+00 3.941745236368409788e+00 -3.195946606191635730e+00
-1.077229977642257630e+01 1.242146098916442343e+00 6.613847462981632397e-01
-9.460446721086753996e+00 1.865697863476547758e+00 6.341045156217115508e-01
-7.369601431025566640e+00 2.210987772048878419e+00 -5.672945076639340556e+00
-7.386735582965445523e+00 2.751997951937202203e+00 -4.628781539180760518e+00
-1.039798873059045725e+01 2.388013219438303913e+00 -2.712551079088790562e+00
-7.208284499458862626e+00 3.606101603479874296e+00 -2.879589722450837108e+00
-9.473715420784866836e+00 2.679561092041394144e+00 -3.557690702555428575e-02
-1.242425268968603724e+01 1.516466310705563592e+00 5.721395606441015413e-01
7.156993489934074804e-01 4.618857469520529335e+00 -3.435092434674949846e+00
-1.228160741543016066e+01 -8.444874562987899624e-01 -7.206759245429765315e+00
-1.066726506916146278e+01 1.588346034420725417e+00 -4.625072334361884252e+00
-4.543730072305203760e-01 3.851883463297187671e+00 4.072035931089946215e-01
-4.820389385582689035e-01 3.840525813731711313e+00 1.415647012219650169e-01
-9.556288825736867665e+00 2.533955083045094536e+00 1.878010044559337011e-01
-1.261025770229973730e+01 1.001559753446424672e+00 1.829590649639684097e+00
-1.000432341642994949e+01 1.820103741883549731e+00 1.452679245519953311e+00
-9.626339500261270388e+00 2.528729959505792824e+00 1.670133328332390033e+00
-7.353305474501101280e+00 3.079048443911024169e+00 1.535100870367438031e+00
-9.539528489052651494e+00 2.680515589237856489e+00 1.751797820100629899e+00
-1.092132446522455425e+01 2.227765745296523381e+00 -3.186599085015312305e+00
-9.312958831950517435e+00 2.867201665233930719e+00 -3.265889012813416148e+00
-9.770729372483023312e+00 2.769587930271544263e+00 -3.212663926915071411e+00
-6.976059462798847477e+00 3.802434320995522921e+00 -3.362570996714318916e+00
-6.709602111907549293e+00 3.836751497002882427e+00 -3.455671554772744347e+00
-9.678469446957810973e+00 1.705786590807813807e+00 -5.329129562583996282e+00
-9.873410138139519177e+00 2.673439617245242594e+00 -3.225539686591913924e+00
-7.738548018044236976e+00 3.087777832901584141e+00 2.154651977333749413e-01
-5.643257404597339821e+00 1.913911451892346349e+00 -3.501216675298071568e+00
-7.073129232305619851e+00 1.038461756384461809e+00 -8.410685638874907610e+00
-5.789752464603648896e+00 3.348830713891588484e+00 -1.213556310246762582e+00
-5.752659163211298221e+00 3.400409088738483465e+00 -6.136532384890801550e-01
-1.196877305823484683e+01 3.027881354698003236e-01 1.690857599694898239e-01
-1.200495571736660239e+01 1.068570670479630502e+00 4.080373910477146926e-01
-1.043784498974258490e+01 1.710205037770289094e+00 6.009567654661323033e-01
9.203087820108384332e-01 5.679683395717812999e+00 -2.212537195631722575e+00
-6.769389852708989075e+00 2.560137792778055310e+00 1.554063788107834521e-01
-9.588656576906707585e+00 2.379872039687635166e+00 2.293428681739759778e+00
-1.144310366366522125e+01 2.461163971042633847e+00 -5.012089838309982115e-01
9.192780778567607669e+00 -1.335142210753290093e-01 6.461629806474477711e+00
1.059385439290121056e+01 -1.171734032679379700e+00 6.531059691966754954e+00
4.945423455338610275e+00 -1.865966923559134516e+00 6.365353460009701259e+00
7.621797417414772013e+00 -2.419004914278357177e+00 6.552816200126561519e+00
1.117688671971027503e+01 7.203167714379473674e-01 6.415621616823121265e+00
1.202994607874567023e+01 -9.596712981288173239e-02 6.824070673491982042e+00
4.872394884989713404e+00 -1.827098079031563627e+00 6.400544066282481737e+00
7.865414647490999833e+00 -2.286711570910895830e+00 6.681159721410639740e+00
1.119453379187923936e+01 6.987486914842949703e-01 6.856995760880968405e+00
1.305075322494094792e+01 4.462578261731783291e-01 7.645229649871646771e+00
1.223800843732769827e+01 2.737611509168265123e-01 7.664701008756868994e+00
1.320669480101899040e+01 6.883833850441225533e-01 7.453285476596876791e+00
6.661878117697937363e+00 -1.094384386787096153e+00 6.882055033430940050e+00
1.007014850156561536e+01 -7.453991683493483844e-01 7.619786812744663962e+00
1.156629459507560220e+01 -1.869942324940886136e-01 7.283114231312509013e+00
8.917524292979722489e+00 -9.206352526596771613e-01 5.787900316412031287e+00
1.191746460030623744e+01 -3.338262937596878088e-01 6.783032528081832879e+00
5.792897089650753450e+00 -2.174540524813803444e+00 5.844247497815655557e+00
1.107269392424702481e+01 -6.594070404126198270e-02 5.831481100075304624e+00
1.318519455338619473e+01 4.282046168716735490e-01 7.456284974505597241e+00
1.182240369233790211e+01 -4.018054912700781967e-01 7.570801736757971412e+00
1.278774391276892608e+01 9.460743577415965666e-02 6.922474345799313866e+00
6.318837508167559847e+00 -1.975682944964352705e+00 5.892806431370862796e+00
8.906686758456029196e+00 -9.652862154909027659e-01 5.733013021025059608e+00
9.863933606234899898e+00 -9.798287885498848659e-01 7.855559287057319651e+00
9.981166512352819709e+00 -8.921832551448081183e-01 5.865980431022080666e+00
7.955654289292382053e+00 -1.681074126207285691e+00 5.924388287313532508e+00
1.222567880805200602e+01 6.980303424509255450e-01 7.901769448153266318e+00
9.916061058524848093e+00 -3.650243495515165248e-01 7.903647446815387667e+00
1.116193453915699152e+01 1.140191041809537342e+00 6.607795395853015563e+00
1.343092702102613067e+01 9.498555389335124888e-01 7.916152489246191415e+00
6.472666962712316341e+00 -6.369144336230374570e-01 6.697716392553370035e+00
1.171079780910031154e+01 -3.833288180766337705e-01 6.790976065555960339e+00
-3.023075418946167270e-01 -5.684713103956028135e+00 -2.658727177227304672e+00
1.339936294441572606e+01 -7.870853418022835113e-01 -3.987736912980308635e+00
9.740219436696985866e+00 -1.372956046684877363e+00 6.583115548886386392e+00
1.045820954205901643e+01 -1.094595026103821978e+00 6.577311375906550239e+00
1.321958697863735033e+01 3.986367937869338962e-01 6.942831826286695041e+00
1.206354199320614740e+01 -3.274070537365292299e-01 6.703444678977268367e+00
1.309574916593029137e+01 2.042058794985111558e-01 6.894965801702587882e+00
1.254460732161554581e+01 8.804252120267060944e-01 7.743679434618777613e+00
1.389572791271453056e+01 1.283011019380450701e+00 7.855090946632420135e+00
1.112120673010484850e+01 1.143033152906323791e+00 6.564884094928216562e+00
6.563591008453415476e+00 -5.959714187155698006e-01 6.490631961432675290e+00
8.743989875503622500e+00 -1.032814332894387066e+00 5.775569857835705534e+00
5.953306548179270408e+00 -2.131104588724080706e+00 5.832354833208540867e+00
-6.703207573409453168e-01 -4.826002734850244558e+00 8.525268547705490363e+00
-6.624002177693338878e-01 -3.781014286248181921e+00 7.579353669609510291e+00
-6.869474692873046573e-01 -4.758847416393916951e+00 8.196727347025333899e+00
-4.611447125807345282e-01 -4.453170379341385932e+00 8.355895720256111048e+00
-4.946508925757308606e-01 -4.700306337923832345e+00 8.361390520556955863e+00
5.891397075326493038e+00 -8.290888143559397294e-01 6.605163602212506646e+00
9.241651542729062641e+00 -4.540151297304293593e-02 6.183409798467777385e+00
9.179383633226056105e+00 5.306907668070535156e-01 6.419712681573945368e+00
1.323743076201280822e+01 7.404332686576129419e-01 7.851084980078727682e+00
1.246180620959329133e+01 1.469556725765078342e+00 6.114533304934412605e+00
5.556971162172079204e+00 -1.864472765664453746e+00 5.361250987259791323e+00
1.396176632660735883e+01 3.528261255213426262e-01 6.216718888398483855e+00
9.011536788393243569e+00 -6.828484050842176245e-01 7.617702470404877246e+00
1.335384200190535964e+01 9.575817373132692323e-01 7.889156763140856121e+00
1.149157199418288755e+01 -3.358680560247191416e-01 7.879043656810192253e+00
1.337278865125959548e+01 6.106578155249972051e-01 7.881826167941472505e+00
-1.255516027087192654e+01 -3.204740224251378944e+00 -2.604279707827964252e+00
1.017815229481134454e+00 3.615228620834686879e+00 -9.091835392618513367e+00
-1.135745989455406324e+01 -3.316109444453846367e-01 -6.138118017357869327e+00
-5.192994981446941161e+00 -2.517279136850108845e+00 -7.266410516915912332e+00
-5.007050067330305332e+00 -2.453012082593708509e+00 -7.258302306989065755e+00
-5.249551381200819655e+00 -2.768429563405807148e+00 -6.800816251729027151e+00
-5.431230587521247877e+00 -2.784924114272571583e+00 -6.675061847802163939e+00
-5.268587848830098785e+00 -2.924898263650074437e+00 -6.667205812313551583e+00
-1.214142217431587234e+01 -2.093918355944627052e+00 -3.614636393061377628e+00
-1.257006835046331794e+01 -1.051847481568619180e+00 -2.137835107422086711e+00
-2.700501123243247648e+00 2.706486613510540096e+00 -2.358378981460538260e+00
-1.248203909510361242e+01 -3.951913428509378212e-01 -2.544126536242516057e+00
-3.644919413327702973e+00 4.568594755447821676e+00 -2.267255885406247895e+00
-3.496617969543414528e+00 4.261884531473201676e+00 -2.497861388421164897e+00
-5.619182706895721857e+00 1.300700680736545101e+00 -8.774702377357577632e+00
-5.443876607355805142e+00 1.039811787168298585e+00 -9.274933985504986822e+00
-4.997767956213975182e+00 2.810070096938472872e+00 -4.795597297827618455e+00
-1.125246142761326240e+01 -5.378618085285864492e-01 -7.319486682351374007e+00
-1.190221737826316328e+01 1.477741512989279249e+00 -3.287670885001336085e+00
-1.179438006214355639e+01 9.406817338579590571e-01 -4.378245563166425214e+00
-1.206361185078638165e+01 2.442794079695942977e-01 -5.600569342825897579e+00
-1.371259404116208991e+01 9.918429714879923864e-01 -1.358763253236323854e+00
-1.172100749112485651e+01 7.873010847499762876e-01 -4.227118374065368833e+00
-1.146290759981996921e+01 1.046678107004588298e+00 -4.396413361410673737e+00
-6.433430802807996507e+00 1.286405960428041784e+00 -7.515029706430883749e+00
-7.201984309317207789e+00 8.602625788546417462e-01 -3.571036525472587542e+00
-1.227218504132802401e+01 -3.123051216741596914e+00 -5.297965577062447196e+00
-1.217501443327500965e+01 7.943272403612301469e-01 -9.225007065224271052e-01
-1.249076179904882089e+01 -3.081637544388746708e+00 -4.996189348434648458e+00
-1.237558924249178105e+01 -2.908842146227398118e+00 -4.873981461469831800e+00
-2.279643148563561983e+00 9.931510450210668806e-01 -5.446953124560398152e+00
-1.252157368368573742e+01 -2.934593776068978421e+00 -4.361400681274261615e+00
-1.016369493643413335e+01 -2.388699277790601982e+00 -5.638941409611667233e+00
-1.141089005092813835e+01 -8.405611370972186913e-01 -8.068046561800667149e+00
-1.158641406267010865e+01 -7.753190210102057778e-01 -7.630836902163954605e+00
-1.036311167202491923e+01 5.903204621692270671e-01 -5.813841212268028968e+00
-1.005016000585457903e+01 4.408611301463016274e-01 -6.041681780204507746e+00
-1.262946236617162121e+01 1.015723544800889888e+00 -2.947612614298253497e+00
-1.067764662391245700e+01 1.134276103609127340e+00 -4.808294487455020416e+00
-1.262903488974395749e+01 1.157306825600902034e+00 -2.992080677564359803e+00
8.595560341665684501e-01 5.077721139538189377e+00 -5.351476869864219665e+00
1.614385619370118929e+00 4.065740534956115759e+00 -9.671995891864863637e+00
-6.646310858953055067e+00 5.022440414652841190e-01 -9.422611028225043484e+00
-6.566161792078655246e+00 3.863233435140704941e-01 -9.783275203131815090e+00
-6.949321773632880728e+00 9.253224361966829736e-01 -8.133188132482363386e+00
-6.916905648963290076e+00 1.043037691802082723e+00 -7.640648997771549489e+00
-5.974717581246583364e+00 5.227816424153406416e-01 -9.855430473611162867e+00
-6.154539395445694616e+00 1.132882797627018823e+00 -8.286498666099252119e+00
2.151124471306830710e+00 4.308629094463449327e+00 -8.518408395954130796e+00
-6.109568253424789042e+00 7.337100287013895716e-01 -9.492361611286799672e+00
-6.330054621058931907e+00 6.850036917067883202e-01 -9.463450463255060896e+00
-6.407204167494836788e+00 7.791093454795346984e-01 -9.123415934082807155e+00
3.685546026389570073e+00 3.790858057697453098e+00 -1.061970573776119586e+01
-1.186315537816336807e+00 1.144423485359851611e+00 -8.563317574167545132e+00
5.037011112849234529e+00 3.488949639538337255e+00 -6.154947690102283708e+00
5.385932892957874252e+00 3.577002500599904433e+00 -6.331628447871185728e+00
4.281225816396973194e+00 4.827862443985223351e+00 -9.203260134392369451e+00
2.206987691316679268e+00 4.440045146837964474e+00 -8.131407636566596153e+00
2.409716358994955954e+00 4.431423997844297524e+00 -8.491944674441569418e+00
2.407053591726351360e+00 4.474871753327968271e+00 -6.743937303151096074e+00
-6.657863356089861462e+00 6.034400990702775136e-01 -8.902871620091460159e+00
2.262979589893516330e+00 3.878178005613450718e+00 -9.434466576109711511e+00
-1.319034129385639709e+01 9.966850682062697864e-01 -3.027882727905545579e+00
-1.314195261672612958e+01 1.128727701028616970e+00 -1.033023864262176517e+00
-1.317095796261583196e+01 8.254764619860809338e-01 -4.593295906795371586e-01
-1.168050862155478598e+01 5.254530234626680896e-01 -5.141638868415079777e+00
-7.184921387972578621e+00 6.130430227309793256e-01 -8.325681623394277864e+00
-8.529660567995194231e-01 4.158984866767721833e+00 -6.454010498296346654e+00
-1.209324186343835628e+01 2.835512906714123260e-01 -5.168651048493186018e+00
-1.218666253030031577e+01 6.452085969975587254e-01 -3.813970824138016802e+00
-1.232657821339181226e+01 1.411330376028092637e+00 -7.436784452600440076e-01
-1.207353123524685223e+01 1.473490185115781115e-01 -4.912321636498415245e+00
-1.215053570736308508e+01 5.347651912037000299e-01 -4.273311336108452707e+00
-1.210511216539877566e+01 6.089159364259549845e-01 -5.170541202939338277e+00
-1.216437769838019634e+01 6.211638680945416047e-01 -5.088972933849060354e+00
1.630750553908237199e+00 3.811516050501520869e+00 -9.723100061310859132e+00
1.676296810098671042e+00 3.774517380366017694e+00 -1.020210620440382421e+01
-1.166830489872806176e+01 5.636837787968145275e-01 -4.041765100408177602e+00
-1.311561252030394265e+01 2.615937770892685643e-01 -4.520245926095891598e+00
-1.287074008738466091e+01 1.084356516868717479e+00 -2.737504173123646023e+00
-1.297584343039383015e+01 -6.065651098796706053e-01 -2.773409244742212731e+00
1.323064391230869719e+00 3.571632661739440273e+00 -1.012441123615700356e+01
-1.110688969760456146e+01 -3.247650075133238778e-01 -7.192634861055514861e+00
-1.347445064302663020e+01 1.047909871014038652e+00 1.404194749846045809e-01
-5.207069786120264610e+00 1.152821560866728934e+00 -9.462091819632179934e+00
-5.266479019714803478e+00 1.454386824649750665e+00 -8.608990932326085144e+00
-1.156182695498114832e+01 1.435279558101509645e+00 -8.425577938230037756e-01
-4.300312648991352127e+00 4.116534821252267662e+00 -1.874303726269166637e+00
-1.333376845849043946e+01 -8.688219842432736151e-01 -5.992646220051199846e-01
-1.616456364260399958e+00 9.841884527154969309e-01 -8.530385405510685359e+00
-6.074384962267400212e+00 5.870135239713074604e-01 -9.571129001739683062e+00
-6.744920292237687853e+00 2.733155257643448133e-01 -9.767731240346490651e+00
-3.479184229388732064e+00 -1.886084448982185080e+00 -7.340094739705998350e+00
-7.290805560941392649e+00 -1.059013582796533903e+00 -3.282782608109169775e+00
-2.177185526583159003e+00 -1.809909250520216784e+00 -6.828708224671470539e+00
-3.154968930027486351e+00 2.521238039284211307e+00 -2.642549871194401767e+00
-3.216867159358864470e+00 4.021169635015160004e+00 -5.637969736923400532e-01
-1.209018637954741848e+01 6.682857897559083549e-01 -8.762217921471437965e-02
-3.229836234321447730e+00 3.119481737174509828e+00 -3.040456189731771453e+00
-1.249019429117588942e+01 -3.964424879464394924e-01 -2.543794740525716858e+00
-3.229836234321447730e+00 3.119481737174509828e+00 -3.040456189731771453e+00
-1.262408556704839491e+01 1.019352675028131427e+00 -1.805135133374396572e+00
-2.728382344396153680e+00 4.376937489688856431e+00 -4.864003953399382851e+00
-3.104367103386608928e+00 3.631842454465422865e+00 -6.079818551244245306e+00
-3.258070158366153990e+00 4.174785755106703355e+00 -4.835604339722737954e+00
-3.001116524549454212e+00 2.479475628900568829e+00 -8.091007209676602585e+00
-3.319412224163901470e+00 2.983743987082978055e+00 -6.402197811010426953e+00
-3.225702191529932872e+00 4.591637756074656629e+00 -3.448952634419300001e+00
-3.242276578908523721e+00 4.726274312408448530e+00 -3.492461711188273199e+00
-2.355058688816808132e+00 3.829785669838528861e+00 -5.176922474158892840e+00
-3.695458902791926015e+00 1.570416212433858538e+00 -9.608124671901432379e+00
-3.700774534019489970e+00 1.598762676658234794e+00 -9.589856594392554001e+00
-3.723062894901293607e+00 1.761477692625522895e+00 -9.264539234193474471e+00
-3.243736565880791289e+00 4.568179049003561865e+00 -9.937994480278649068e-01
-3.144598121505798094e+00 3.769752692564899643e+00 -5.599515293534931715e+00
-3.167684809645991972e+00 4.038300695984322175e+00 -4.295600227341279442e+00
-3.137811646749905758e+00 3.532321793259557197e+00 -5.391872374975673843e+00
-3.124377358536714500e+00 3.942471321082610114e+00 -4.758997299557557348e+00
1.686138418695251273e+00 3.780765640017071494e+00 -1.020262649956527845e+01
-3.059131452004498986e+00 4.815020885166942932e+00 -3.263315354818936864e+00
-3.056867535293387839e+00 3.155044283930971361e+00 -3.305589431170253611e+00
-2.914168696941087155e+00 5.015488491014917116e+00 -4.225118275615944441e-01
-3.546769916491428365e+00 2.109781960011152258e+00 -8.701471564279707138e+00
-5.996544510859838084e+00 6.886329347181945337e-01 -6.444651740138546359e+00
-3.747933550318197859e+00 1.544085940513488575e+00 -6.565372064406244768e+00
-4.059705695901024924e+00 2.008412713322087484e+00 -3.185921491451536802e+00
-3.957886927904077812e+00 2.587722961968233371e+00 -3.096186694136442430e+00
-7.039195422525766688e+00 1.433648041589516087e+00 -2.932265696465442772e+00
-6.552101305064062409e+00 7.237375896781567119e-01 -6.391745668034744199e+00
-3.817482007148915724e+00 1.749056028836423637e+00 -6.537737594555764531e+00
-3.287230816460741334e+00 3.473503733351519518e+00 -1.179233308813596448e+00
-1.237900377277919794e+00 1.111308362702657204e+00 -8.543727689508910927e+00
-1.165735032914540703e+01 1.077149282695176957e+00 -1.985051907732972687e+00
-1.302455409217075299e+01 -3.067021070192856302e-01 -2.969058167785921132e+00
-1.305447861543627219e+01 -3.951562783412254087e-01 -2.798292306902827153e+00
-1.107242732741508107e+01 -1.602817719930490048e+00 7.563262129354683339e+00
-1.343593529395083941e+01 4.585733683241724479e-01 -5.902962619535354755e-02
8.759713013354810229e+00 -1.968776740585913287e-01 4.558988965648071101e+00
7.157156674616058645e+00 -7.990409475689291829e-01 4.678611950568366318e+00
8.416888411116028479e+00 -6.170160401926380045e-01 3.191073625428161531e+00
1.109667156107419927e+01 -3.049257043978616188e+00 3.687112661927037571e+00
1.420260609252785322e+01 1.733455989544815390e+00 4.735914997377956015e-02
3.598305422726269409e+00 -5.705216237330974494e+00 3.519329214197393640e-01
1.039855971942138346e+01 -2.049200268490305454e+00 1.678669688262365955e+00
1.420849309921132075e+01 3.511916037762826126e-01 -3.978605890692816227e-01
1.007950912352134409e+01 -3.771212411506962514e+00 8.846676246083798878e-01
8.265733269219765589e+00 -4.489228335747749377e+00 9.227117393521755417e-01
1.058212104098141815e+01 -3.414960984741496564e+00 2.742267333642550931e+00
8.164555758416739195e+00 -4.268409182391763146e+00 3.138582207144749336e+00
7.238260431079652335e+00 -1.120830420677684902e+00 3.264706965606300582e+00
1.083986484385587445e+01 -3.153287330180078119e+00 3.722293801715757855e+00
6.746418674409173200e+00 -2.171536572488476757e+00 3.447391322983128337e+00
1.044817517728376721e+01 -3.326535261842643809e+00 3.770349509847942482e+00
1.376533128948417506e+01 9.510712083287632401e-01 -6.214216863222828992e-03
1.319189157656878209e+01 5.589229124040772101e-01 -7.150804195465786106e-02
1.317355047106442179e+01 6.625250095927018856e-01 -8.367751408210864772e-02
6.464800582456062372e+00 -1.234381250505003358e+00 3.219533234458380466e+00
6.731829666193830164e+00 -1.014477793667968530e+00 3.174077533189243017e+00
5.976225506798177989e+00 -1.663710598812812469e+00 3.250781284287836748e+00
1.243385035246103598e+01 9.444490212589845557e-01 2.132057421105621131e+00
1.361956059505100392e+01 -2.134108386095947996e+00 1.392721178867006637e+00
1.259452870495768018e+01 1.099399477534922287e+00 2.101804571399115584e+00
1.382255120563218753e+01 -1.713848353510307509e+00 1.353724157053820765e+00
1.149222997901618726e+01 -9.833069447517217565e-02 1.915750167612289001e+00
1.311937425373682942e+01 -2.399269279562153745e+00 1.102775054688174494e+00
1.421371497827400532e+01 -2.370450979821539406e+00 1.821669389209471079e+00
1.141841353117958846e+01 8.368172248804878199e-01 2.015526383525100829e-01
1.062360472005953760e+01 -3.668198001683435017e+00 9.311827504964058644e-01
1.053711998097911895e+01 -3.935485908129508825e+00 9.411485672833006522e-01
9.034551121350732572e+00 -1.061620167162763972e-01 2.844227007579866129e+00
1.243485912536826099e+01 1.179763755794291047e+00 2.682202649326042465e+00
1.373308795330201093e+01 -2.553281946205873343e+00 1.883410684432596627e+00
1.400660199511773385e+01 -2.388740644819894232e+00 1.694353396660020827e+00
1.378610717258426988e+01 -2.532740590204042519e+00 1.883582222163011188e+00
1.283137825210526550e+01 -2.741951298433366713e+00 2.088328408210385234e+00
9.149555968663332095e+00 -9.729117753416531567e-02 2.739309981584530096e+00
8.788401486208552882e+00 -2.375080682563661116e-01 2.950018232989513045e+00
-1.081783237923383645e+01 2.289220804382442687e+00 -1.070837631148666036e+00
-1.293886381564785637e+01 1.703562923792441008e+00 8.683758472457042688e-02
8.905404027590713145e-01 2.673652264282555979e+00 9.079233716038581647e+00
-4.718038975807852253e+00 3.298428517406809757e+00 2.802506343027987956e+00
-5.129368938450332926e+00 4.464893719418006945e+00 2.478386251700074538e+00
-5.139238827001560317e+00 4.612847750282004000e+00 2.826176374434556049e+00
-5.149077504538364991e+00 4.581643106871274185e+00 2.858862610416234240e+00
8.940351582429530986e-01 2.674775465835844912e+00 9.079173499391636426e+00
-5.395340301056210208e+00 3.071088273930382861e+00 2.471185397487143387e+00
-8.184827863303558715e+00 3.823951049234289634e+00 -1.617145736500676945e+00
9.110682867908356242e-01 3.305886971451112100e+00 7.919159110199426088e+00
-8.172258625051719960e+00 3.805519478124726795e+00 -1.782565058541313752e+00
-8.199767998952864900e+00 3.838444919092983021e+00 -1.389949467414112627e+00
-1.434137538207837181e+01 8.399214431781433232e-01 3.243719932385242366e+00
-1.014307526505213630e+01 2.593047405001632555e+00 3.333618737800207565e+00
-1.113089803144347378e+01 1.780165751856295886e+00 3.519437574347677344e+00
-1.430912638005801085e+01 2.782219435817912534e-01 3.011194213337940795e+00
-1.077568917773194102e+01 1.214500147030362909e+00 3.017802514340846898e+00
-1.082978720155019481e+01 1.315658818077401371e+00 3.068608392753136904e+00
-1.428731070541737047e+01 -4.981564157617700966e-02 2.985161270320188187e+00
-1.080644945251648004e+01 1.621266867385735555e+00 3.487254197877660555e+00
-1.072170413708877490e+01 1.329790585609777809e+00 3.403992574531580217e+00
-1.319885939375030759e+01 8.395514419549608975e-01 3.175550844105618165e+00
-1.430912638005801085e+01 2.782219435817912534e-01 3.011194213337940795e+00
-1.111267513565828402e+01 1.608526340836313739e+00 3.342949986032988985e+00
-1.079095834765693773e+01 1.365154989726278023e+00 3.443351613389880050e+00
-8.360627955464300598e+00 -4.313505119374821284e+00 -2.965390946849634002e+00
-1.425398052679743799e+01 -3.822632716817717102e-01 2.780901887611094470e+00
-8.936890681117830582e+00 -3.675495261579838635e-01 4.783264152627398902e-01
-1.434916256805408707e+01 8.968456277658938269e-01 3.553058728739558525e+00
-1.285714366888423221e+01 4.661882737976311697e-01 3.348733298987431883e+00
-1.429490547151820934e+01 8.401910739275354756e-02 3.022344829417222378e+00
-1.406406274166843318e+01 5.737621562197959824e-01 2.792789025434630368e+00
-1.428244172219972086e+01 2.139326481437840988e-01 2.852555316391156115e+00
-1.405218205680028554e+01 4.007524566657668652e-01 2.760165569129375829e+00
-1.415587627859636122e+01 6.597713678525399805e-01 2.190726490190045617e+00
-9.375833171703689572e+00 2.894938992451800086e+00 9.779462516235944980e-01
-1.011767832819564106e+01 2.519421035904184869e+00 1.148158359703335574e+00
-9.974772611663357935e+00 1.460623845052990921e+00 -4.701318348444146089e+00
-1.108546534374333170e+01 2.190368894204659078e+00 -3.328825319665803528e-01
-8.210318056338834936e+00 3.347859251299349914e+00 -4.683152151336207325e-01
-1.028870586589579439e+01 2.387186265392204465e+00 2.138401460102108409e+00
-1.372640944298272636e+01 9.666558484395011419e-01 2.991617636404432012e+00
-1.295191470235566378e+01 7.066306803225047561e-01 3.337045656261832693e+00
-1.095369910773875155e+01 2.194656146814011333e+00 5.748726658582424820e-01
-9.917358476166338477e+00 9.401356060360811506e-01 -1.643602481278580996e+00
7.304342425864279065e+00 3.035982912001868872e+00 -3.047249972388363037e+00
-1.434445502806123685e+01 7.202908138472078337e-01 3.679966556757412022e+00
-1.434445502806123685e+01 7.202908138472078337e-01 3.679966556757412022e+00
-1.430424013512662995e+01 5.582858873553303569e-01 2.952167967417762995e+00
-1.429371110444273363e+01 7.864370227571320093e-01 2.946429516213148858e+00
-1.433271017767244437e+01 6.181115938576782209e-01 3.426131765808484442e+00
-1.094547490305834714e+01 1.470644125410436542e+00 2.976701097239935478e+00
-1.432948118397120929e+01 5.456075909198654372e-01 3.165602129132808251e+00
-1.426854328437079644e+01 -4.324956693956027304e-02 3.056562426074619143e+00
-1.433182455007771416e+01 5.746326125739517066e-01 3.171999973869593425e+00
-1.319092127217949084e+01 1.341392187431578842e+00 1.194257410733311708e+00
-1.079667667337065673e+01 -4.949175862645298629e+00 -3.122021723721685849e+00
1.331396406636079721e+00 2.935564768938705882e+00 -1.057163529315935335e+01
-1.062965198372146958e+01 2.008293063538284073e+00 2.588396672914923258e+00
-1.433271017767244437e+01 6.181115938576782209e-01 3.426131765808484442e+00
-5.127837508938866584e+00 4.537985138426119391e+00 2.542620941181761740e+00
-5.130339676242339664e+00 4.591199948131570174e+00 2.624279951689219459e+00
-1.074095010188582577e+01 1.573638183334679308e+00 3.507552932537801205e+00
-8.211476043932705693e+00 -2.779643760315432477e+00 9.569988045759430406e+00
-8.829865742765544923e+00 -2.075272872975071348e+00 9.240860531340761241e+00
-1.163103939930933528e+01 1.448746437194790682e+00 3.600406335347961395e+00
-1.179121020250387275e+01 -2.173456691355258652e+00 9.240125854199234823e+00
-1.434301057998606410e+01 8.722792283543212566e-01 3.407019008908054758e+00
-5.764849873879532183e+00 -5.471122217402118793e+00 8.694915433333424204e+00
-5.737295177463647811e+00 -5.658092737441845266e+00 8.947754231540375969e+00
-2.731192132159787178e+00 -4.519232594225208288e+00 8.786993317864542519e+00
-2.641714538153571379e+00 -1.584628105969409395e+00 5.730380362507885295e+00
9.163394153564297095e-01 -5.896138070785883478e-01 5.651041302478792439e+00
-2.819252288749261037e+00 -2.134327842066104264e+00 5.771125909174273261e+00
-2.710097335432290144e+00 -2.168906774826479644e+00 5.827564891571937800e+00
-7.795380339721103002e-01 -1.788084116324475392e+00 5.952237763003130233e+00
-2.708133357693487842e+00 -3.604873751263105053e+00 8.848632136041471696e+00
-2.641900872820992507e+00 -3.622417644500468548e+00 8.843840316531409229e+00
-2.228895161244300649e+00 -3.395204961947285494e+00 -9.620362280182284120e-01
4.699880360730917417e+00 -1.453816356168637247e+00 8.402769092401165096e+00
1.312894117820775808e+00 -9.899742583965085441e-01 5.749395279573985995e+00
-4.832615380843143349e+00 -4.412733224683475619e+00 8.934462087851715140e+00
-8.286022344398287220e-01 -2.463672379239464139e+00 -4.753264838992744323e+00
-1.769242780717856789e+00 -3.367684838022328986e+00 -1.060955291117234411e+00
-2.594101300763514306e+00 -1.700421931273504050e+00 5.739824743056911593e+00
1.682701412812742436e+00 -3.645352531497660475e+00 -4.006980592648837214e-02
1.695058628662125200e+00 -3.714189095060145718e+00 -6.503833384167578488e-03
-1.533845363560945474e+00 9.067099406572327602e-01 -3.489250580122932544e+00
-1.386276721096633580e+00 -1.048852205295817575e+00 -6.264706631442972906e+00
-3.680130529319900923e+00 -1.888886829019100988e+00 -6.330848309323997114e+00
-2.087777290648803685e+00 -2.266133540875128194e+00 -6.798909205004440182e+00
-1.475022796864518426e+00 -9.786188484128175435e-01 -6.671351606267514001e+00
-8.654798267948521584e+00 -9.775162398530988783e-01 -3.685969273696013015e+00
-7.661668299583238806e+00 -4.997176151700561064e+00 -6.526101138119574152e+00
-7.868823651913487538e+00 -4.506244662772723508e+00 -6.257223741374883907e+00
2.462042159544572062e+00 3.406643832331052835e+00 -1.045241939397253716e+01
-9.687475306269508479e+00 -1.809846342585918144e+00 9.630139189785847265e+00
-1.489293698553167733e+00 -1.073880379600114177e+00 -6.776879186458574011e+00
-9.803136958526987854e+00 -1.822107681250698219e+00 9.692277528998612723e+00
-4.107777779125044937e+00 -2.056582231770720970e+00 -6.307789507487835401e+00
-2.401715292132947432e+00 -1.080693879766128518e+00 -6.868505380716883657e+00
-4.114316576447237139e+00 8.068197693721381736e-01 -1.019278421733270434e+01
-4.144766681601693037e+00 -1.976598379826714380e+00 -6.528311033020422371e+00
1.352055943785411785e+01 2.201503229765830183e-01 -5.316358449697821120e-01
9.969182974703201694e+00 -1.236657119394351634e+00 -3.002337678293684475e-01
1.084831255580451348e+01 -9.724217546273108415e-01 -3.506041038735979165e-01
1.226920528292826340e+01 -3.430844955890381964e-01 -4.440038730477050555e-01
1.416328256428791299e+01 6.333217396570985924e-01 -6.356240583781224140e-01
7.305144352772704686e+00 -1.731231253892188127e+00 -2.769057611334476698e-01
1.104726876911921352e+01 -6.823152412777198084e-01 -4.057779288977320653e-01
1.417155482226641361e+01 6.239006356954728272e-01 -6.007005373458080832e-01
1.391928497083344851e+01 -1.805676230087550183e+00 -2.981508856066906188e-01
1.088993260091311299e+01 -2.976619767520402693e+00 -8.558541529169566564e-02
5.232121238202643632e+00 -2.612555173822697530e+00 2.215897826314483954e+00
1.197755357150926869e+01 -2.851535860996035066e+00 4.231988152203297049e-01
4.733169116936347898e+00 5.311880644565755150e-01 6.271534988643363562e+00
8.485635330518308095e+00 -4.242422145720254001e+00 6.819268871009587230e-01
6.598365559041500461e+00 -1.735482749764175381e+00 1.629329931170498291e+00
6.641854229842413027e+00 -1.920721262540784124e+00 2.051057198038520824e+00
4.712750952892891476e+00 5.333662602653812534e-01 6.262423666034574232e+00
8.618744730086614680e+00 -1.188638008890442910e+00 2.060642742543777661e+00
1.081367191575500186e+01 -3.305012794684817123e+00 4.957618581225528009e-01
1.142151208502664517e+01 3.071378245581808830e+00 5.929424282622162146e+00
8.936607620765226301e+00 -3.990357011303693024e+00 6.206011218339061442e-01
1.417953125672136316e+01 5.150606187060597918e-01 -5.892803727061880492e-01
8.325222211626407187e+00 -4.000971172610063853e-01 1.567008350779842685e+00
1.005377074443008389e+01 -2.121263924857215155e+00 1.538338755919588907e+00
4.809111600004674969e+00 8.904075335868585905e-02 4.965801777601487998e+00
-4.670056260501036505e+00 -3.052106582352553499e+00 6.002750751945586494e+00
4.545714787058464879e+00 4.506627232066025002e-01 5.571506462505178447e+00
2.997645880371288207e+00 -1.183021477783515074e+00 -7.322666840285822154e+00
2.765562402030082190e+00 5.277714369650348125e-01 -6.693001835885248774e+00
3.239693747277762270e+00 -1.513287328141378063e-01 -6.496688582582866189e+00
3.134419898548075789e+00 -2.361001178215940577e+00 -5.415878365891792612e+00
3.039976194059200054e+00 -1.224744977238805044e+00 -7.367365661883336969e+00
3.045597961585619462e+00 -7.798099893922232351e-01 -7.048426355508302876e+00
3.109485967865196265e+00 -9.563150415068513155e-01 -7.118437443625443173e+00
3.071824918217751943e+00 -1.465190582532566621e+00 -7.040753952145450079e+00
3.145663560459489805e+00 -1.922110102350770067e+00 -6.966172167793322600e+00
3.815667316093011241e+00 3.487215109778970756e+00 -3.093661376255202100e+00
2.908652254128537340e+00 -9.990722612564221228e-01 -7.242103084920929135e+00
2.943386831740177456e+00 -1.330848812228843103e+00 -7.040073378242317048e+00
2.901588352494872680e+00 -6.821647048196287644e-01 -7.004480479685007310e+00
2.905630675907954430e+00 -9.244815407709957578e-01 -7.036435988201480640e+00
2.959001701719862432e+00 -1.171698886807920559e+00 -7.034988836082585628e+00
3.197395983474985659e+00 3.337993684600663036e-01 -6.738408178226195311e+00
3.943358289636601732e+00 4.914639910890187480e+00 -2.287171000713373203e+00
3.114312005282830587e+00 3.562909332469181845e+00 6.898056612220014649e+00
3.868278270082706083e+00 4.932987021500166769e+00 -2.206689309866956883e+00
3.791150853511793262e+00 4.844922217433682121e+00 -2.404333473999339610e+00
3.642249768362115780e+00 3.150745445936426581e+00 -5.772667914174883563e+00
3.575384357353632581e+00 3.498327346517478897e+00 6.839697501830239723e+00
3.878372025572206283e+00 4.557998338248500758e+00 -1.659338518519502426e+00
3.073211584115172368e+00 2.093392262403189985e+00 9.261386973730445504e+00
3.130348301104570741e+00 -7.971366426927196658e-01 -7.066063296926182957e+00
3.059197129787713632e+00 -1.183009555675389901e+00 -6.970252274778084178e+00
2.981328171743211630e+00 -1.696163180575460006e+00 -6.945915104022353681e+00
4.136426285110756496e+00 -1.713250125162461890e+00 -4.189252706009238381e+00
8.070242983792711655e+00 8.473894801037162861e-01 -4.207970297107493707e+00
1.107426347796563171e+01 1.290225287591594272e+00 -4.322877280232157560e+00
5.019817990350091463e+00 3.589816078728412241e-01 -4.247293627028079221e+00
5.540258222350818329e+00 2.683003270353020664e+00 8.807773675936017455e+00
-9.061038648249851946e+00 -1.853836167899816645e-01 6.873690319268789262e-01
-1.325806987419582939e+01 -1.260502256254538489e+00 1.351718184216698315e+00
5.897315552386000803e+00 4.282894455150710655e+00 -1.472114341145095873e+00
4.274405385457901829e+00 3.119503745020653085e+00 8.304209216425194384e+00
4.132353661773112030e+00 3.416708301617805255e+00 7.810822978161641394e+00
4.605390814051263604e+00 2.244443959515050491e+00 -2.864628705917689810e+00
5.855713470961145362e+00 3.738591196104445125e+00 -1.657758006562545239e+00
4.187747586052831039e+00 2.726249202891916301e+00 8.670875581850779668e+00
4.148215096285497339e+00 3.085996076323883397e+00 8.297503436342159588e+00
5.887485929197176837e+00 3.427009452862379568e+00 -1.848462949706916714e+00
-4.075623362983274767e+00 -3.250284451293611321e-01 -1.300036609995262493e+00
-4.081407634075682189e+00 -5.780599621244645325e-01 -1.379495428276954039e+00
-4.245426281541461400e+00 -4.076920074594354154e-02 -1.114218465403738589e+00
8.607820373352955912e+00 1.128178269286767232e+00 -4.164485088147302783e+00
-6.832382766426965404e+00 1.793359315344183802e+00 -4.721048017951117171e-01
8.179150523191472288e+00 6.869081061788029352e-01 -4.012003511874197237e+00
-7.240812041518607245e+00 2.483867393342102048e+00 3.108386349260934267e+00
-6.415450912207434797e+00 3.639987489642841023e+00 1.310660240842821622e+00
-1.935695861925625483e+00 7.341551762233434753e-01 8.677965301590475633e+00
4.143533213487083700e+00 3.087650032161268765e+00 8.295433460615466714e+00
1.209273373009228081e+01 1.676875012293247647e+00 -4.361784960300975733e+00
1.236150689085173404e+01 1.715485916192531102e+00 -4.421506838075141665e+00
-5.171865093893204701e+00 1.524102990259221801e+00 -6.304828718208505656e+00
-6.286654271258391269e+00 -8.170455547923308193e-02 -3.804662991901801572e+00
-6.672263433999074955e+00 -6.562487013013784676e-02 -3.863511539557579422e+00
-5.820440896068073577e+00 -5.189382901148550387e-01 -3.128176409809490632e+00
-2.033019902940357504e+00 2.216240965789569195e+00 3.969649906621794400e-02
-5.209157156481202477e+00 8.220402418060219762e-01 -6.333723655778269013e+00
-5.197474457123516522e+00 1.226358060782933412e+00 -6.420839135479510240e+00
-6.426549707994003491e+00 6.556642204561455856e-01 -1.226752056796437618e+00
-5.758208800636501756e+00 5.633067246261607153e-01 -6.553946141809125159e+00
-4.726051838332874233e+00 -2.529976064865454788e+00 -6.471671829848004265e+00
-6.194559798334363876e+00 3.890311765995967397e-01 5.017214726929300483e-02
-4.880695987480190290e+00 -1.498804257527415862e+00 -4.950430047723968663e+00
-4.747006618940528000e+00 -2.562159653676170379e+00 -6.041442245023976199e+00
-5.197389591920934748e+00 7.180351368179159754e-01 -4.046567958039124058e+00
-1.417613161722142134e+00 2.155268926484059211e+00 -4.249381503079164624e+00
-4.990271355849343671e+00 3.259763635689205130e-01 -3.839693814724267629e+00
-4.950522418462534269e+00 -3.536251742737182152e-02 -2.996824323893414022e+00
-4.905688448926212253e+00 -4.520397297845188400e-02 -2.830860861301107700e+00
3.690108073928786148e+00 -8.342468057219684097e-01 -1.629235960112736858e+00
7.956198485918672958e+00 1.582180331932730333e+00 -4.342142307538009227e+00
2.445428769286458248e+00 -1.826037021367772795e+00 -5.897849336746292970e+00
4.279254216689093226e+00 -1.216058817098325751e+00 -6.123061856534301128e+00
3.603127055605720663e+00 -2.244491372964654285e+00 -1.887309406509130039e+00
3.633595297121807288e+00 -2.115081334403217550e+00 -1.820042771185255814e+00
4.093241948079255010e+00 -3.209381960337827078e+00 -2.293924918163629645e+00
3.518541270158683343e+00 -2.141767000077680727e+00 -1.832546554547834106e+00
-9.236949103044436171e-01 -3.858147144040641408e+00 -6.484393747764620741e+00
-9.572520684688085035e-01 -3.723035319484256700e+00 -6.403549177385610136e+00
-9.574750371476640209e-01 -3.365679375979250043e+00 -6.556836573924176292e+00
-9.590383559178149442e-01 -3.607869957791000726e+00 -6.000540905428664473e+00
3.809804875425204962e+00 -1.666613213891380285e+00 -5.834720337896099451e+00
3.617259830035433055e+00 -1.934363197115185340e+00 -1.786803780979830947e+00
3.495074285596609265e+00 -1.382489106690035774e+00 -1.060418879333717923e+00
3.503839910615431208e+00 -1.619207006713779151e+00 -1.559122057034464159e+00
8.062344379164370523e+00 1.656791838480878631e+00 -4.310306625721526785e+00
2.327162483792187153e+00 -5.940874367665985645e+00 -2.467319005904107243e+00
3.573045567064659700e+00 -4.729206572273546350e+00 -2.787575268834100672e+00
3.836513686371371801e+00 -3.927389417530333660e+00 -3.127774629754349611e+00
4.094406066464317817e+00 -1.660776409439898904e+00 -6.771201895889555011e+00
3.502927563831012225e+00 -1.988781757794779281e+00 -6.885738823036423817e+00
-1.772220887795704858e+00 -1.392385806780956636e-01 -2.546359320230658696e+00
3.342743608990927040e+00 -1.820688876363473874e+00 -5.730168550426228968e+00
-1.343719885376882583e+00 -1.900065504872606503e+00 -3.964051852319336877e+00
2.502759028767520100e+00 -2.399233232574424335e+00 -6.455562509883438160e+00
2.711817575521366042e+00 -3.254558497145246809e-01 -6.857979244299895250e+00
2.221112447393843059e+00 -1.165709383124933662e+00 -4.792733189721636755e+00
-1.077637789030102322e+00 -3.316762645148420230e+00 -5.877789883071751653e+00
2.249135080478501525e+00 1.152871880787230408e-01 -6.227656951212527936e+00
3.584602903724661616e+00 -2.156864571512448148e+00 -5.462573582430533037e+00
1.166357859944461772e+01 4.826706963475124734e-01 3.069955236915591357e+00
6.222483394690010883e+00 -3.310348657080207646e-01 1.091604039116079283e+00
5.988493768636002912e+00 -4.314172763703397750e-01 1.020464728506006002e+00
6.399053784423837321e+00 -2.635214680291930733e-01 1.105271678557591786e+00
1.162449987026611353e+01 3.471493864700690990e-01 -2.139044719943264394e-03
9.039531078254567475e+00 9.765555783936166745e-02 1.518579273693384746e+00
9.229072261758332729e+00 6.494892039686740726e-02 1.460779751379980729e+00
8.638043604862556180e+00 1.388925851251486820e-01 1.661057039295262605e+00
8.638631047509242933e+00 -2.079635890681325594e-01 1.586902848022352375e+00
8.837043521052748929e+00 1.938011579592651334e-03 1.494925169549748967e+00
7.171917856513919887e+00 -9.608135564500522863e-01 1.721675396833016958e+00
1.206162313125438601e+01 -1.544705431261629958e+00 1.620740863395598641e+00
1.223809070462329096e+01 -1.457154450350899078e+00 1.588472205475689902e+00
1.110297342599456094e+01 -1.932330067611722990e+00 1.702139441064743020e+00
8.604197526694594700e+00 -2.184382007274354442e-01 1.585085644878791555e+00
8.896180718978122570e+00 2.265776813142130267e-02 1.486513190627161363e+00
6.913637447335391428e+00 -1.061943928803429804e+00 1.733331703813583813e+00
1.406228310174924800e+01 -3.995764733990448403e-01 1.473893801417024862e+00
1.380406183412555343e+01 1.047794731201461049e+00 1.199625083755913479e+00
1.395291315161319368e+01 1.134696883909703136e+00 1.148976502954383250e+00
1.312296889326712623e+01 7.443663494863154151e-01 1.271660683848973239e+00
1.136122380745584159e+01 5.536171982802173819e-01 5.362463191256836570e-01
1.153355318621579784e+01 6.290788531204420941e-01 3.999623029802651386e-01
5.452003231117180881e+00 -2.522349813743934188e+00 4.023313849000317965e+00
5.608695572763683579e+00 -2.630371051209656308e+00 4.014569505961186557e+00
5.229529649473752428e+00 -2.503661411659236613e+00 4.086592604970761045e+00
5.524376087149072134e+00 -2.467046514703965521e+00 4.007124482568510615e+00
5.666574736130094436e+00 -2.553538375360479673e+00 3.991665399358162336e+00
5.288892098252421903e+00 -2.462705403356678424e+00 4.076226489567047473e+00
5.509411190558863858e+00 -2.771834643178439972e+00 3.576216539009755557e+00
5.623532750788939438e+00 -2.602407290615300628e+00 3.874208755267536386e+00
5.324647110064345767e+00 -2.968200914399964141e+00 3.160868541834616963e+00
5.523556874752122425e+00 -2.764967688074897456e+00 3.575003245044522604e+00
5.650434115549868075e+00 -2.581614276798896768e+00 3.870068579428837197e+00
5.311571502470356698e+00 -2.973767621086493840e+00 3.163154483186729315e+00
8.786005002905168837e+00 1.842581689287514091e-01 2.676446658453553784e+00
9.062222988861959649e+00 1.960777422370880430e-01 2.715808663188722161e+00
7.247766385699152103e+00 -2.570706833981575845e-01 2.595415833460642308e+00
7.763593610139666090e+00 -4.418458798252666853e+00 4.016612742626485932e+00
7.826545738442779232e+00 -4.394710607021917070e+00 4.026043597406589569e+00
7.676977715695334936e+00 -4.477748338610229695e+00 4.022715121958128748e+00
5.283393283144383723e+00 -2.716982370275454528e+00 4.081480289821269203e+00
5.436534586500090249e+00 -2.761414488860549632e+00 3.992564266305829612e+00
5.131233101298927402e+00 -2.607364505267597110e+00 4.092956060856936418e+00
5.283393283144383723e+00 -2.716982370275454528e+00 4.081480289821269203e+00
5.436534586500090249e+00 -2.761414488860549632e+00 3.992564266305829612e+00
5.131233101298927402e+00 -2.607364505267597110e+00 4.092956060856936418e+00
5.332569780969060425e+00 -2.866989230501419961e+00 3.567657541204903193e+00
5.481068178920231126e+00 -2.745208349393615244e+00 3.898770762767740816e+00
5.199314127452502099e+00 -3.027336160626915351e+00 3.164039729235408771e+00
5.332569780969060425e+00 -2.866989230501419961e+00 3.567657541204903193e+00
5.475468945235950180e+00 -2.748684109392915076e+00 3.899466847467475628e+00
5.199314127452502099e+00 -3.027336160626915351e+00 3.164039729235408771e+00
6.848284625965454175e+00 -4.729589892529614814e-01 2.866342942272182448e+00
7.163158858449824251e+00 -4.147483594217678537e-01 2.976072500006078592e+00
6.369313534538109778e+00 -5.574369642328563801e-01 2.681800446870145294e+00
7.703057554010665164e+00 -4.452237701121185331e+00 4.027674121596491297e+00
7.722213840169904309e+00 -4.451124263012173010e+00 4.038184565215903632e+00
7.627018376483515105e+00 -4.475640983730177602e+00 4.013668319517735839e+00
6.369313534538109778e+00 -5.574369642328563801e-01 2.681800446870145294e+00
7.163158858449824251e+00 -4.147483594217678537e-01 2.976072500006078592e+00
6.848284625965454175e+00 -4.729589892529614814e-01 2.866342942272182448e+00
1.129030394471531018e+01 9.878505094533142072e-01 2.054240543116819140e+00
1.149389792009658429e+01 9.429649426802479972e-01 2.239436120290096977e+00
1.398500983862123270e+01 -2.695259351116713886e-01 3.164822753614556561e+00
1.081686292934113069e+01 -3.187089822144744122e+00 3.589116718911977255e+00
9.752357601337283910e+00 -3.627296688900944144e+00 3.780067825635370138e+00
1.030939744994373264e+01 -3.388432496162080199e+00 3.676952762464150926e+00
1.167795250376065219e+01 9.268778661184394752e-01 2.281692701648160515e+00
8.532959178772262732e+00 -6.456733196305213252e-01 6.999934351937673327e-01
5.258956072063758924e+00 -1.845166789628376103e+00 8.494960541949797550e-01
9.110504724711772084e+00 6.165048952064602350e-01 1.007537272619642099e+00
6.665492957777246374e+00 -1.531040492617614435e+00 3.966245742040408917e+00
1.008100845692277936e+01 -2.826033445263964605e+00 1.881657527000927033e+00
6.768513575925275916e+00 -1.680917460831421184e-01 1.303287341321271553e+00
7.028782175180632308e+00 -5.687858887267438490e-01 2.908523247236128206e+00
1.041971337971362033e+01 -2.627956410181058633e+00 1.800298706979376773e+00
9.270395816294703550e+00 6.894615573325898472e-01 9.069351657687032553e-01
8.547154449982805602e+00 4.246306596070834605e-01 7.424356338635458297e-01
6.505649838854228761e+00 -2.644454939476123534e-01 1.054389022300918244e+00
8.730964541259778500e+00 5.036637542251483080e-01 1.038449826705158507e+00
8.212770262661113208e+00 -4.063056633869654988e+00 1.722570647606958438e+00
6.255921982393882530e+00 -1.664139686490781367e+00 4.118816916615956281e+00
6.601115504014162916e+00 -1.355335796925368541e+00 7.941269740442963299e-01
9.293398532295855219e+00 -4.110615094321073970e-01 6.812509091252472171e-01
1.258899730264745465e+01 7.487397719070488789e-01 5.528495656685536996e-01
1.397918510189612640e+01 1.201828398209153326e+00 5.090844219165373552e-01
1.339960482280773135e+01 7.462899277091564754e-01 -7.860550921246638179e-02
1.346074954485420605e+01 6.499566329868590175e-01 -7.805507073382043914e-02
5.483642217931827822e+00 -1.618602067454652849e+00 4.835508995794577380e+00
7.944511064845910298e+00 -4.191627573344690383e+00 3.018559088873479901e+00
7.955168140366880358e+00 -4.653104192137616835e+00 9.413173997495134504e-01
8.002471087133200101e+00 -4.814828840931467901e+00 1.057401086060048678e+00
1.018396519481962947e+01 -3.484203385988978940e+00 2.877980671651130695e+00
9.807789574531055266e+00 -3.634517862713547487e+00 2.924225977056121195e+00
8.270311417203998872e+00 -4.877708822985070469e+00 1.092895695050233762e+00
8.144895038039701163e+00 -4.261670893746217992e+00 3.021658043925639525e+00
5.674606019854520511e+00 -1.397782234512624067e+00 4.802679586936304368e+00
6.618715688085309523e+00 -6.578497216756118426e-01 1.392748690877688267e+00
5.560910551029202509e+00 -2.746890562468465191e+00 3.387543259111386096e+00
6.518371824003182269e+00 -1.739377847886293571e+00 3.309581393007809957e+00
6.295001749457220797e+00 -1.141236454355489816e+00 4.729221935397573517e+00
1.041189645789556728e+01 -3.394819202532693758e+00 2.705625830707830914e+00
9.735715970134600994e+00 -3.661285988531622682e+00 2.571586829576814726e+00
5.395089789966785787e+00 -7.907450142132134152e-01 2.894015245037908191e+00
9.939648838540184883e+00 -3.583297134008867069e+00 2.943112265410599449e+00
-2.392129196153640169e+00 1.146069776591764233e+00 -5.408467571338417379e+00
-2.136352537424868192e+00 8.845625832107821829e-01 -4.969605987029627414e+00
-2.378057187860191934e+00 2.164454661714828809e+00 -3.633471796735942672e+00
-9.426648893570318544e-01 4.662965272757511492e+00 -4.748027150071802538e+00
-1.600658450229527352e+00 6.082970202298406015e+00 -2.003055761086940834e+00
-2.094921625982291147e+00 2.032643412045486819e+00 -3.581612417741598442e+00
-9.553299854826494686e-01 -8.961871282860065513e-01 -6.827169691921736394e+00
3.054069743527139114e+00 -1.746037871783256978e+00 -6.901645693693185812e+00
3.125907952644267684e+00 -1.566924967554375492e+00 -8.137518986046776703e-01
3.212449053457792747e+00 -1.419165026876999969e+00 -6.885102632072254814e+00
-1.375971897023619883e+00 1.298533478435313526e+00 -4.928497337349116769e+00
2.379514259568803691e+00 -1.415714896873722095e+00 -5.006869594120184175e+00
1.113387142162098664e+00 2.251339355419680999e+00 7.921892564080440735e+00
-4.479742331263001504e-02 1.090293505389623219e+00 9.848009456198321132e+00
-5.479614883693619376e+00 1.484498766427701399e+00 -8.680628694566435044e+00
2.196492301431485217e+00 1.063235160619690367e+00 -5.340893637055193821e+00
2.320072580480516677e+00 2.362943270522119388e+00 -6.264592609331265827e+00
-2.258220794062578918e+00 3.894727859499650169e+00 -4.839858569276419331e+00
-1.219982802476011985e+00 -8.200720166156581781e-02 -5.179902120782124086e+00
1.077602414771672201e+01 1.296720836506427776e+00 -4.628864603933657840e+00
-5.297747887212965745e-01 7.114626269927867286e-01 -1.606674007257492542e+00
-9.288109202452947688e-01 4.590605814511620864e+00 2.429436202328763450e+00
1.060855567836626268e+00 6.143567608688118575e+00 1.484897419697025933e+00
-3.781424296269553231e+00 2.326749816416378458e+00 8.928040049864339744e-01
-9.910909295415441633e+00 1.365097498273838417e+00 -2.409761284512065230e-03
-8.340665121842788521e-01 4.528874658114645513e+00 -5.596979705964771235e+00
8.149817102253619439e+00 7.511024993050527954e-01 -4.098774848833683926e+00
-9.024309973039281729e+00 2.666348693022642102e-01 -7.810525987447596741e+00
-9.433843238343511572e+00 -2.730178137001681105e+00 1.056417061322393813e+01
-5.990981170846054304e+00 -7.803952231616146928e-01 -1.032828118919164373e+00
-1.309233698164449144e+01 8.084339332494595576e-01 3.257753148918232977e+00
9.817378673026309066e-01 2.353888885663107278e+00 9.703765293958401372e+00
-5.387542775795173267e-01 -4.846166876621539110e+00 -3.188462630459434899e-02
