6.387637138366699219e+00 1.808071017265319824e+00 9.782922744750976562e+00
6.354892253875732422e+00 1.770949840545654297e+00 9.761803627014160156e+00
6.405426025390625000e+00 1.721312761306762695e+00 9.763101577758789062e+00
6.395846843719482422e+00 1.761026263236999512e+00 9.742754936218261719e+00
6.370243072509765625e+00 1.718304991722106934e+00 9.774847984313964844e+00
5.800549030303955078e+00 3.717859745025634766e+00 9.079892158508300781e+00
6.296818733215332031e+00 3.645570516586303711e+00 9.064670562744140625e+00
6.086103916168212891e+00 3.682800054550170898e+00 9.051621437072753906e+00
3.094774007797241211e+00 3.564841747283935547e+00 5.647963523864746094e+00
8.211232185363769531e+00 3.178193569183349609e+00 8.189503669738769531e+00
6.284177780151367188e+00 3.620002985000610352e+00 9.078845977783203125e+00
2.986463308334350586e+00 3.674233675003051758e+00 5.499313354492187500e+00
2.784641027450561523e+00 3.698660373687744141e+00 5.506427288055419922e+00
2.721062183380126953e+00 3.706726074218750000e+00 5.493700981140136719e+00
2.716370105743408203e+00 3.731242895126342773e+00 5.450645923614501953e+00
2.745924711227416992e+00 3.753056287765502930e+00 5.470635414123535156e+00
8.480244636535644531e+00 1.104853391647338867e+00 1.019542503356933594e+01
2.976935386657714844e+00 3.662772655487060547e+00 5.520024299621582031e+00
2.999400138854980469e+00 3.659195423126220703e+00 5.624236106872558594e+00
2.880803823471069336e+00 3.673896074295043945e+00 5.652717590332031250e+00
2.658684015274047852e+00 3.697963237762451172e+00 5.652054309844970703e+00
2.758588552474975586e+00 3.626747369766235352e+00 5.789366245269775391e+00
3.019457340240478516e+00 3.691814422607421875e+00 5.498203277587890625e+00
8.350717544555664062e+00 3.369070291519165039e+00 8.203249931335449219e+00
2.840300798416137695e+00 3.622540235519409180e+00 6.219568729400634766e+00
2.872591018676757812e+00 3.701790094375610352e+00 6.065897464752197266e+00
8.171504020690917969e+00 3.152242660522460938e+00 8.137737274169921875e+00
7.947211742401123047e+00 3.071181535720825195e+00 8.165972709655761719e+00
7.998457908630371094e+00 3.022507905960083008e+00 8.102146148681640625e+00
7.811705589294433594e+00 3.191598415374755859e+00 8.259402275085449219e+00
7.720791816711425781e+00 3.229496479034423828e+00 8.397301673889160156e+00
7.735364913940429688e+00 3.180597305297851562e+00 8.347858428955078125e+00
7.758524417877197266e+00 2.378728151321411133e+00 9.155863761901855469e+00
8.120783805847167969e+00 3.029931306838989258e+00 8.051420211791992188e+00
7.767252922058105469e+00 2.354138612747192383e+00 9.204833984375000000e+00
8.076935768127441406e+00 3.072819948196411133e+00 8.085133552551269531e+00
8.104453086853027344e+00 3.012497663497924805e+00 8.031156539916992188e+00
8.067411422729492188e+00 3.060849905014038086e+00 8.101618766784667969e+00
7.691074371337890625e+00 3.205133199691772461e+00 8.372811317443847656e+00
8.217610359191894531e+00 3.262767553329467773e+00 8.189233779907226562e+00
2.870443344116210938e+00 3.735882043838500977e+00 5.934718608856201172e+00
2.822176218032836914e+00 3.786567449569702148e+00 5.882124900817871094e+00
2.791906118392944336e+00 3.702083110809326172e+00 5.920870304107666016e+00
2.804783821105957031e+00 3.689018249511718750e+00 5.868391036987304688e+00
2.929785966873168945e+00 3.659853219985961914e+00 5.539973258972167969e+00
7.767449378967285156e+00 3.169157981872558594e+00 8.300581932067871094e+00
5.631124496459960938e+00 3.570077657699584961e+00 9.246029853820800781e+00
5.613520622253417969e+00 3.559677362442016602e+00 9.268374443054199219e+00
7.775802612304687500e+00 3.025890827178955078e+00 8.236690521240234375e+00
2.788040876388549805e+00 3.633430242538452148e+00 6.158586502075195312e+00
7.693327903747558594e+00 3.160819292068481445e+00 8.348544120788574219e+00
2.554994821548461914e+00 3.631142854690551758e+00 5.919374942779541016e+00
2.465804576873779297e+00 3.587936401367187500e+00 5.983843803405761719e+00
7.702728748321533203e+00 3.093238830566406250e+00 8.309849739074707031e+00
2.644525051116943359e+00 3.681735277175903320e+00 5.707017421722412109e+00
7.670888423919677734e+00 3.129801511764526367e+00 8.328441619873046875e+00
7.718679428100585938e+00 3.140908479690551758e+00 8.316952705383300781e+00
2.571491718292236328e+00 3.569438457489013672e+00 5.955433368682861328e+00
2.430761098861694336e+00 3.572954416275024414e+00 6.040697097778320312e+00
5.680714130401611328e+00 3.676425457000732422e+00 9.126431465148925781e+00
6.634422779083251953e+00 3.793400526046752930e+00 9.057109832763671875e+00
1.251385307312011719e+01 5.459332466125488281e+00 8.379648208618164062e+00
1.038929557800292969e+01 5.600968837738037109e+00 8.336833000183105469e+00
1.264384746551513672e+01 5.489685058593750000e+00 8.417509078979492188e+00
7.259041786193847656e+00 4.846847653388977051e-01 1.036144638061523438e+01
-3.956417441368103027e-01 3.472484827041625977e+00 7.014042854309082031e+00
-4.210287928581237793e-01 3.467845678329467773e+00 7.011580944061279297e+00
-4.325987398624420166e-01 3.458377838134765625e+00 7.020668506622314453e+00
-4.826534688472747803e-01 3.510256290435791016e+00 7.071063995361328125e+00
-2.679501771926879883e-01 3.428719520568847656e+00 6.910035610198974609e+00
-3.093970417976379395e-01 3.429183244705200195e+00 6.950376033782958984e+00
3.222206354141235352e+00 3.457341909408569336e+00 9.681962966918945312e+00
1.434261035919189453e+01 6.584588050842285156e+00 8.868791580200195312e+00
1.096851825714111328e+01 4.541493892669677734e+00 9.359935760498046875e+00
1.067947769165039062e+01 5.360697269439697266e+00 8.303377151489257812e+00
9.930715560913085938e+00 4.427760124206542969e+00 8.159057617187500000e+00
8.127240180969238281e+00 3.032870769500732422e+00 8.177840232849121094e+00
1.191135311126708984e+01 4.611814022064208984e+00 8.913903236389160156e+00
9.879698753356933594e+00 4.438335418701171875e+00 8.142277717590332031e+00
1.044480419158935547e+01 4.806688308715820312e+00 8.129538536071777344e+00
1.002614593505859375e+01 4.701264858245849609e+00 8.534430503845214844e+00
9.641473770141601562e+00 3.668329477310180664e+00 1.105863761901855469e+01
9.402571678161621094e+00 5.007301330566406250e+00 8.970634460449218750e+00
9.392531394958496094e+00 4.992222785949707031e+00 8.983972549438476562e+00
1.157328033447265625e+01 3.635017156600952148e+00 8.038076400756835938e+00
1.054210281372070312e+01 5.098204612731933594e+00 8.139122009277343750e+00
1.090825176239013672e+01 5.528978824615478516e+00 8.204464912414550781e+00
1.001796054840087891e+01 4.557061672210693359e+00 8.211915016174316406e+00
9.939613342285156250e+00 4.517960548400878906e+00 8.189893722534179688e+00
7.451377868652343750e+00 2.033244132995605469e+00 9.892256736755371094e+00
3.223412275314331055e+00 3.496089696884155273e+00 5.498832225799560547e+00
3.230872154235839844e+00 3.488039255142211914e+00 5.519288063049316406e+00
3.284658432006835938e+00 3.455007076263427734e+00 5.458473205566406250e+00
3.245968341827392578e+00 3.476258277893066406e+00 5.486010074615478516e+00
4.066631317138671875e+00 3.170131921768188477e+00 4.365989208221435547e+00
4.072967052459716797e+00 3.147370576858520508e+00 4.364212989807128906e+00
4.477633476257324219e+00 3.082133054733276367e+00 3.935935258865356445e+00
4.292428493499755859e+00 3.100767612457275391e+00 4.152360439300537109e+00
4.498913764953613281e+00 3.007319927215576172e+00 3.917816400527954102e+00
4.464615821838378906e+00 3.122699975967407227e+00 3.951282501220703125e+00
4.371519565582275391e+00 3.204323053359985352e+00 3.935029745101928711e+00
4.348076820373535156e+00 3.196934700012207031e+00 3.935571432113647461e+00
4.117131710052490234e+00 3.143173217773437500e+00 4.313722133636474609e+00
4.300613403320312500e+00 3.092577457427978516e+00 4.150043964385986328e+00
4.358824253082275391e+00 3.191925287246704102e+00 4.004510879516601562e+00
4.215647220611572266e+00 3.176564931869506836e+00 4.193109989166259766e+00
4.458265304565429688e+00 3.067123651504516602e+00 4.005153656005859375e+00
4.490860939025878906e+00 3.049652814865112305e+00 3.936277866363525391e+00
4.342557430267333984e+00 3.151107788085937500e+00 4.030967235565185547e+00
7.925983428955078125e+00 3.262365341186523438e+00 8.413067817687988281e+00
8.439351081848144531e+00 1.137688517570495605e+00 1.020597553253173828e+01
3.892247676849365234e+00 3.176725387573242188e+00 4.591549396514892578e+00
7.932437419891357422e+00 3.284356832504272461e+00 8.432341575622558594e+00
3.887687921524047852e+00 3.206697225570678711e+00 4.601996898651123047e+00
3.858209848403930664e+00 3.196985960006713867e+00 4.616676330566406250e+00
3.891632318496704102e+00 3.159586191177368164e+00 4.630019187927246094e+00
3.834207057952880859e+00 3.216247320175170898e+00 4.674344539642333984e+00
4.165498733520507812e+00 3.161175727844238281e+00 4.240598201751708984e+00
3.955507040023803711e+00 3.196738243103027344e+00 4.533494949340820312e+00
3.879823684692382812e+00 3.162850856781005859e+00 4.601024627685546875e+00
3.994881868362426758e+00 3.222733259201049805e+00 4.491811275482177734e+00
4.161428928375244141e+00 3.113628625869750977e+00 4.255921840667724609e+00
3.878232479095458984e+00 3.174428462982177734e+00 4.612396240234375000e+00
4.088434696197509766e+00 3.139070987701416016e+00 4.346379756927490234e+00
9.725140571594238281e+00 3.565411329269409180e+00 1.123353481292724609e+01
9.963953971862792969e+00 3.717868804931640625e+00 1.074885177612304688e+01
6.101861000061035156e+00 2.137559056282043457e-01 1.065233993530273438e+01
5.227517604827880859e+00 3.062352418899536133e+00 9.618253707885742188e+00
-6.632961034774780273e-01 1.806949734687805176e+00 1.045327091217041016e+01
-3.126146495342254639e-01 1.802470922470092773e+00 1.037776088714599609e+01
-5.136428475379943848e-01 1.737072110176086426e+00 1.020816326141357422e+01
-6.152167320251464844e-01 1.775807619094848633e+00 1.013509178161621094e+01
-6.617376804351806641e-01 1.838601469993591309e+00 1.027594375610351562e+01
-2.009800910949707031e+00 2.182254314422607422e+00 9.155289649963378906e+00
-8.591421246528625488e-01 1.823671221733093262e+00 9.701230049133300781e+00
-8.954789638519287109e-01 1.886088728904724121e+00 9.665221214294433594e+00
-8.193047642707824707e-01 2.072754859924316406e+00 9.846410751342773438e+00
-8.621443510055541992e-01 2.016257762908935547e+00 9.770615577697753906e+00
-7.596446275711059570e-01 1.918497443199157715e+00 9.936783790588378906e+00
-7.328386306762695312e-01 2.023803472518920898e+00 1.005144977569580078e+01
-5.461289882659912109e-01 1.795502662658691406e+00 1.049179744720458984e+01
-5.177606940269470215e-01 1.813856720924377441e+00 1.059243392944335938e+01
-1.482994079589843750e+00 1.937374830245971680e+00 8.425625801086425781e+00
-7.948152422904968262e-01 2.017400026321411133e+00 9.879454612731933594e+00
-8.600139617919921875e-01 2.015805959701538086e+00 9.782629013061523438e+00
-1.669021368026733398e+00 2.175430774688720703e+00 9.337213516235351562e+00
-6.686980128288269043e-01 1.908175587654113770e+00 1.019537258148193359e+01
-2.000769138336181641e+00 2.181735992431640625e+00 9.198324203491210938e+00
-7.834023237228393555e-01 2.102211952209472656e+00 9.886366844177246094e+00
-6.898742318153381348e-01 1.785721182823181152e+00 1.053317356109619141e+01
-6.088231205940246582e-01 1.882230758666992188e+00 1.037089633941650391e+01
-1.975840687751770020e+00 2.236638307571411133e+00 9.173246383666992188e+00
-7.270669341087341309e-01 1.998749494552612305e+00 1.000497531890869141e+01
-5.536730885505676270e-01 1.817805290222167969e+00 1.056907272338867188e+01
-6.969771385192871094e-01 1.795862674713134766e+00 1.051585483551025391e+01
-5.494487285614013672e-01 1.852005124092102051e+00 1.053483486175537109e+01
-7.265822291374206543e-01 2.018452882766723633e+00 1.008346939086914062e+01
-5.899554491043090820e-01 1.786681771278381348e+00 1.050004768371582031e+01
-2.067090749740600586e+00 2.111025571823120117e+00 8.986206054687500000e+00
-9.689910411834716797e-01 1.826317667961120605e+00 9.495804786682128906e+00
-8.177839517593383789e-01 1.992403626441955566e+00 9.857565879821777344e+00
-1.851753950119018555e+00 2.181502580642700195e+00 9.250196456909179688e+00
-6.892343163490295410e-01 1.911750793457031250e+00 1.018093299865722656e+01
-2.329963445663452148e+00 2.181095123291015625e+00 8.332793235778808594e+00
-2.986219406127929688e+00 2.058450937271118164e+00 8.427658081054687500e+00
-1.478581666946411133e+00 1.784175157546997070e+00 8.792660713195800781e+00
-1.879511117935180664e+00 1.824608087539672852e+00 8.527388572692871094e+00
-1.801891803741455078e+00 3.121318340301513672e+00 7.552242279052734375e+00
-2.509666919708251953e+00 3.349520683288574219e+00 7.276312351226806641e+00
-5.675925612449645996e-01 1.768677234649658203e+00 1.021911811828613281e+01
-7.164817452430725098e-01 1.875017881393432617e+00 1.002291393280029297e+01
-6.275640130043029785e-01 1.749958634376525879e+00 1.003469085693359375e+01
-8.798673152923583984e-01 1.969723701477050781e+00 9.717463493347167969e+00
2.158835887908935547e+00 2.687766790390014648e+00 9.837070465087890625e+00
2.185986995697021484e+00 2.699445247650146484e+00 9.826768875122070312e+00
-1.945000886917114258e+00 2.168313503265380859e+00 8.317922592163085938e+00
-4.295813083648681641e+00 5.586981773376464844e+00 7.012656688690185547e+00
-1.801816940307617188e+00 2.151933431625366211e+00 9.318543434143066406e+00
-2.253452301025390625e+00 1.946637868881225586e+00 8.693721771240234375e+00
3.211459159851074219e+00 3.163610935211181641e+00 9.890401840209960938e+00
3.221546411514282227e+00 3.098044395446777344e+00 9.949847221374511719e+00
1.959039449691772461e+00 2.638485431671142578e+00 9.934963226318359375e+00
2.034398555755615234e+00 2.657536029815673828e+00 9.862292289733886719e+00
-1.643023610115051270e+00 2.556606292724609375e+00 8.014047622680664062e+00
-3.888052940368652344e+00 5.308333396911621094e+00 7.293262958526611328e+00
-3.788493156433105469e+00 5.148180007934570312e+00 7.376803874969482422e+00
-1.389558911323547363e+00 2.224017143249511719e+00 8.140714645385742188e+00
-3.172817945480346680e+00 5.424461364746093750e+00 7.897305011749267578e+00
-3.233230113983154297e+00 5.333483695983886719e+00 7.838983535766601562e+00
-1.959572553634643555e+00 2.168216943740844727e+00 9.180884361267089844e+00
-1.985629796981811523e+00 2.169874668121337891e+00 9.150814056396484375e+00
-1.748319625854492188e+00 2.186946153640747070e+00 9.251309394836425781e+00
-7.564609646797180176e-01 1.776920557022094727e+00 1.046876716613769531e+01
-2.040783405303955078e+00 3.058134317398071289e+00 7.523524761199951172e+00
-2.039997339248657227e+00 3.037680149078369141e+00 7.527000904083251953e+00
-2.046015024185180664e+00 3.048787117004394531e+00 7.520610809326171875e+00
-1.288966655731201172e+00 1.763087153434753418e+00 8.726820945739746094e+00
-2.050387859344482422e+00 3.077854156494140625e+00 7.505143642425537109e+00
-1.929400205612182617e+00 1.767866492271423340e+00 8.622751235961914062e+00
-2.067502737045288086e+00 3.063174724578857422e+00 7.514992237091064453e+00
-2.376898050308227539e+00 2.212184906005859375e+00 8.279854774475097656e+00
-1.210861563682556152e+00 2.036466598510742188e+00 8.220927238464355469e+00
-1.653184294700622559e+00 3.226276636123657227e+00 7.468377590179443359e+00
6.026010990142822266e+00 3.173760473728179932e-01 1.057886981964111328e+01
7.835918903350830078e+00 1.563417613506317139e-01 1.047433376312255859e+01
5.901115417480468750e+00 5.318211317062377930e-01 1.048364639282226562e+01
5.980780601501464844e+00 3.380472362041473389e-01 1.057592582702636719e+01
6.460902690887451172e+00 1.508183926343917847e-01 1.056446266174316406e+01
5.972513198852539062e+00 3.465006053447723389e-01 1.057646942138671875e+01
6.389595508575439453e+00 1.273682117462158203e-01 1.061555194854736328e+01
6.345720291137695312e+00 1.116746813058853149e-01 1.061407089233398438e+01
5.959130287170410156e+00 3.517735600471496582e-01 1.057482051849365234e+01
6.675583839416503906e+00 2.964753508567810059e-01 1.047110748291015625e+01
5.953574180603027344e+00 3.691844642162322998e-01 1.055219936370849609e+01
6.011740684509277344e+00 3.177422285079956055e-01 1.062589073181152344e+01
6.301750659942626953e+00 1.988826096057891846e-01 1.060197544097900391e+01
6.544385910034179688e+00 2.114369571208953857e-01 1.052736282348632812e+01
7.246184349060058594e+00 4.872217774391174316e-01 1.035324859619140625e+01
6.493647575378417969e+00 1.564007103443145752e-01 1.057610988616943359e+01
5.972418308258056641e+00 3.657186329364776611e-01 1.055451774597167969e+01
3.137351989746093750e+00 3.640702962875366211e+00 6.373789787292480469e+00
3.217660188674926758e+00 3.598552227020263672e+00 6.384635448455810547e+00
3.351166963577270508e+00 3.556245088577270508e+00 6.505992889404296875e+00
8.125128746032714844e+00 2.998485326766967773e+00 8.056046485900878906e+00
8.380747795104980469e+00 5.008323192596435547e-01 1.046228790283203125e+01
8.436213493347167969e+00 6.269344687461853027e-01 1.028474998474121094e+01
7.706758499145507812e+00 1.786533594131469727e+00 9.879871368408203125e+00
7.862878799438476562e+00 1.586735099554061890e-01 1.046821594238281250e+01
3.153882503509521484e+00 3.395489692687988281e+00 6.218863964080810547e+00
3.242816686630249023e+00 3.345192432403564453e+00 6.307499408721923828e+00
6.852953910827636719e+00 3.262165188789367676e-01 1.045330524444580078e+01
8.065370559692382812e+00 3.476934432983398438e-01 1.045141506195068359e+01
7.793207168579101562e+00 2.749435603618621826e-01 1.044034004211425781e+01
8.437793731689453125e+00 7.382835149765014648e-01 1.036736869812011719e+01
7.426179409027099609e+00 4.479604661464691162e-01 1.035086822509765625e+01
7.376430988311767578e+00 1.022569775581359863e+00 1.015970802307128906e+01
7.366527080535888672e+00 3.849060237407684326e-01 1.039291477203369141e+01
7.906054973602294922e+00 1.330150961875915527e-01 1.049352645874023438e+01
8.281925201416015625e+00 3.957591950893402100e-01 1.048023986816406250e+01
7.835451602935791016e+00 1.881504207849502563e-01 1.044633865356445312e+01
7.093430519104003906e+00 3.914363682270050049e-01 1.040654468536376953e+01
7.852970123291015625e+00 2.068939656019210815e-01 1.045735073089599609e+01
8.511119842529296875e+00 7.854377627372741699e-01 1.043739891052246094e+01
5.712826251983642578e+00 2.932948827743530273e+00 9.657796859741210938e+00
8.095398902893066406e+00 2.724862694740295410e-01 1.048009681701660156e+01
7.329050540924072266e+00 7.231842279434204102e-01 1.026659679412841797e+01
8.566012382507324219e+00 1.074025154113769531e+00 1.029392433166503906e+01
1.998222589492797852e+00 2.625423192977905273e+00 9.647706031799316406e+00
2.185460567474365234e+00 2.658614397048950195e+00 9.796063423156738281e+00
1.959830284118652344e+00 2.732314825057983398e+00 9.539904594421386719e+00
2.650066614151000977e+00 2.884856700897216797e+00 9.837875366210937500e+00
2.087360382080078125e+00 2.627391576766967773e+00 9.699805259704589844e+00
3.063932657241821289e+00 3.089470624923706055e+00 9.915745735168457031e+00
2.052088737487792969e+00 2.833502769470214844e+00 9.472146034240722656e+00
3.085187673568725586e+00 3.209476232528686523e+00 9.801531791687011719e+00
3.253977298736572266e+00 3.112832784652709961e+00 9.917655944824218750e+00
9.722432136535644531e+00 4.774341106414794922e+00 8.516407966613769531e+00
1.068595123291015625e+01 5.431111335754394531e+00 8.217084884643554688e+00
9.778961181640625000e+00 4.952433586120605469e+00 8.467193603515625000e+00
9.671067237854003906e+00 3.540744543075561523e+00 1.110241222381591797e+01
9.443310737609863281e+00 3.521097183227539062e+00 1.082061481475830078e+01
9.497575759887695312e+00 3.555998802185058594e+00 1.095284271240234375e+01
7.702236652374267578e+00 1.695538163185119629e+00 9.941277503967285156e+00
7.816925048828125000e+00 1.576033592224121094e+00 1.000284004211425781e+01
1.054705238342285156e+01 5.157885074615478516e+00 8.611438751220703125e+00
1.071803569793701172e+01 5.326839447021484375e+00 8.199403762817382812e+00
1.043061542510986328e+01 5.221779346466064453e+00 8.233465194702148438e+00
1.025399398803710938e+01 5.029781341552734375e+00 8.274574279785156250e+00
1.006400203704833984e+01 4.970596313476562500e+00 8.882182121276855469e+00
1.001701927185058594e+01 4.951328277587890625e+00 8.911490440368652344e+00
1.026849555969238281e+01 5.105005264282226562e+00 8.515507698059082031e+00
1.099894237518310547e+01 5.558627128601074219e+00 8.219582557678222656e+00
1.077330780029296875e+01 5.432085514068603516e+00 8.187409400939941406e+00
1.098610305786132812e+01 5.264528751373291016e+00 8.440888404846191406e+00
9.972946166992187500e+00 5.062295436859130859e+00 8.851021766662597656e+00
9.750144004821777344e+00 3.557776451110839844e+00 1.126607322692871094e+01
1.067691802978515625e+01 4.295320034027099609e+00 9.868062973022460938e+00
1.020560932159423828e+01 4.443732261657714844e+00 9.719757080078125000e+00
1.058408069610595703e+01 4.277049064636230469e+00 9.923336982727050781e+00
1.082740688323974609e+01 4.461388587951660156e+00 9.533611297607421875e+00
9.877533912658691406e+00 4.639895439147949219e+00 9.459986686706542969e+00
1.096393489837646484e+01 4.503931999206542969e+00 9.419522285461425781e+00
1.010086154937744141e+01 4.540495872497558594e+00 9.592944145202636719e+00
1.067627906799316406e+01 4.338951587677001953e+00 9.799098014831542969e+00
1.114601993560791016e+01 4.980796337127685547e+00 8.634936332702636719e+00
9.387527465820312500e+00 4.723381996154785156e+00 9.264171600341796875e+00
1.054918289184570312e+01 4.791630744934082031e+00 8.154848098754882812e+00
9.901725769042968750e+00 4.894577026367187500e+00 8.566305160522460938e+00
1.085055446624755859e+01 5.094164848327636719e+00 8.651966094970703125e+00
1.049032974243164062e+01 5.059805870056152344e+00 8.799328804016113281e+00
1.002795886993408203e+01 5.004770755767822266e+00 8.912837028503417969e+00
9.408470153808593750e+00 4.824633598327636719e+00 9.177459716796875000e+00
9.075001716613769531e+00 4.666146278381347656e+00 9.238281250000000000e+00
1.064548778533935547e+01 4.223089218139648438e+00 9.976432800292968750e+00
9.637897491455078125e+00 4.455930233001708984e+00 9.087126731872558594e+00
1.042965888977050781e+01 4.822533607482910156e+00 8.171957969665527344e+00
9.781469345092773438e+00 4.697786808013916016e+00 8.831618309020996094e+00
9.299280166625976562e+00 4.493519306182861328e+00 9.119530677795410156e+00
1.173335170745849609e+01 5.371722221374511719e+00 8.378997802734375000e+00
1.013556385040283203e+01 5.281978130340576172e+00 8.549732208251953125e+00
9.782530784606933594e+00 4.556402206420898438e+00 8.917302131652832031e+00
9.767951965332031250e+00 4.571342945098876953e+00 8.905523300170898438e+00
1.096187782287597656e+01 4.919116497039794922e+00 8.327795982360839844e+00
9.635485649108886719e+00 4.650048732757568359e+00 8.994516372680664062e+00
1.017380332946777344e+01 5.448603153228759766e+00 8.359973907470703125e+00
1.229730701446533203e+01 4.926191329956054688e+00 8.549998283386230469e+00
1.062834167480468750e+01 4.316815853118896484e+00 9.833946228027343750e+00
1.166051387786865234e+01 3.991660118103027344e+00 8.673374176025390625e+00
1.176284313201904297e+01 4.170162200927734375e+00 8.408578872680664062e+00
5.923522949218750000e+00 4.706338047981262207e-01 1.053713607788085938e+01
5.925278663635253906e+00 4.520877897739410400e-01 1.054062843322753906e+01
1.025186252593994141e+01 5.269496440887451172e+00 8.522459983825683594e+00
1.219797706604003906e+01 5.384935855865478516e+00 8.358259201049804688e+00
1.072482967376708984e+01 5.509118080139160156e+00 8.310487747192382812e+00
1.029769039154052734e+01 5.449551105499267578e+00 8.434297561645507812e+00
9.496359825134277344e+00 5.037946701049804688e+00 8.950636863708496094e+00
1.018390655517578125e+01 5.489018440246582031e+00 8.407267570495605469e+00
1.202662849426269531e+01 4.222577095031738281e+00 8.298480033874511719e+00
1.020008563995361328e+01 4.798688888549804688e+00 8.311801910400390625e+00
1.043269729614257812e+01 4.798017501831054688e+00 8.161017417907714844e+00
9.507907867431640625e+00 4.651638031005859375e+00 8.978333473205566406e+00
9.438583374023437500e+00 4.628181457519531250e+00 9.059305191040039062e+00
1.048526954650878906e+01 4.706061840057373047e+00 8.180913925170898438e+00
1.050497627258300781e+01 4.794114112854003906e+00 8.173542022705078125e+00
1.013069725036621094e+01 5.087979316711425781e+00 8.801399230957031250e+00
1.017905902862548828e+01 4.463435649871826172e+00 9.661611557006835938e+00
9.669008255004882812e+00 3.659690380096435547e+00 1.070805454254150391e+01
1.006649398803710938e+01 4.505183696746826172e+00 9.639508247375488281e+00
1.013824367523193359e+01 4.479290008544921875e+00 9.670054435729980469e+00
1.203603267669677734e+01 4.695150852203369141e+00 8.826021194458007812e+00
1.204530620574951172e+01 4.673201560974121094e+00 8.802803039550781250e+00
1.099967765808105469e+01 5.333473682403564453e+00 8.380456924438476562e+00
1.056239223480224609e+01 4.255381584167480469e+00 9.939670562744140625e+00
9.434484481811523438e+00 4.791470050811767578e+00 9.173673629760742188e+00
1.025903320312500000e+01 5.548973560333251953e+00 8.335097312927246094e+00
1.087871456146240234e+01 4.567076206207275391e+00 9.363839149475097656e+00
-1.280064940452575684e+00 1.948639631271362305e+00 8.352581977844238281e+00
-9.390750527381896973e-01 1.780046343803405762e+00 8.773324966430664062e+00
-2.002276182174682617e+00 2.035422563552856445e+00 8.826626777648925781e+00
-1.281780123710632324e+00 1.789992213249206543e+00 9.012240409851074219e+00
-1.214818358421325684e+00 2.008635997772216797e+00 8.295060157775878906e+00
-6.161308288574218750e-01 1.815524101257324219e+00 8.493454933166503906e+00
-2.067561388015747070e+00 2.113971948623657227e+00 8.873639106750488281e+00
-1.130749702453613281e+00 1.790691614151000977e+00 9.062180519104003906e+00
-1.038969039916992188e+00 1.931198954582214355e+00 8.206566810607910156e+00
-1.576241105794906616e-01 1.908325552940368652e+00 8.027537345886230469e+00
-2.494757622480392456e-01 1.886831283569335938e+00 8.062382698059082031e+00
-1.933092921972274780e-01 1.878486871719360352e+00 8.087939262390136719e+00
-1.756856918334960938e+00 2.228542566299438477e+00 8.371129035949707031e+00
-7.178058624267578125e-01 1.789797902107238770e+00 8.247396469116210938e+00
-5.907289385795593262e-01 1.809219360351562500e+00 8.370119094848632812e+00
-1.712407231330871582e+00 1.764307618141174316e+00 8.510751724243164062e+00
-5.983453989028930664e-01 1.799898505210876465e+00 8.495233535766601562e+00
-1.992201328277587891e+00 1.754584550857543945e+00 8.645890235900878906e+00
-1.547871232032775879e+00 1.763274073600769043e+00 8.392467498779296875e+00
-2.130841612815856934e-01 1.845706224441528320e+00 8.121750831604003906e+00
-4.887465834617614746e-01 1.766670823097229004e+00 8.193274497985839844e+00
-4.283435642719268799e-01 1.812352061271667480e+00 8.382037162780761719e+00
-1.913639068603515625e+00 1.741404891014099121e+00 8.636587142944335938e+00
-1.825318932533264160e+00 1.783699274063110352e+00 8.488424301147460938e+00
-6.631761789321899414e-01 1.785490274429321289e+00 8.197958946228027344e+00
-1.542007327079772949e+00 1.712706208229064941e+00 8.659404754638671875e+00
-1.599712729454040527e+00 1.719914078712463379e+00 8.695617675781250000e+00
-1.241588890552520752e-01 1.934991478919982910e+00 7.982767105102539062e+00
-6.955084204673767090e-01 1.815326333045959473e+00 8.199275016784667969e+00
-1.164348125457763672e+00 1.968352198600769043e+00 8.227519035339355469e+00
-1.346266120672225952e-01 1.949277043342590332e+00 8.000965118408203125e+00
-1.877449393272399902e+00 2.218171596527099609e+00 8.352627754211425781e+00
-6.486271023750305176e-01 1.813765525817871094e+00 8.490836143493652344e+00
2.154939413070678711e+00 2.655695438385009766e+00 9.737855911254882812e+00
-5.214830040931701660e-01 1.821523904800415039e+00 1.060429668426513672e+01
-1.164625763893127441e+00 1.738744616508483887e+00 8.829216957092285156e+00
-9.568764567375183105e-01 1.758915424346923828e+00 8.758458137512207031e+00
-3.512260615825653076e-01 1.827762961387634277e+00 8.298305511474609375e+00
-4.991073310375213623e-01 1.824053883552551270e+00 8.492765426635742188e+00
-4.125826656818389893e-01 1.814686417579650879e+00 8.343765258789062500e+00
-8.985706418752670288e-02 1.902243733406066895e+00 8.023916244506835938e+00
-8.528577536344528198e-02 1.942193150520324707e+00 7.987200260162353516e+00
-1.131279349327087402e+00 1.994793176651000977e+00 8.194471359252929688e+00
-1.942438006401062012e+00 2.148946523666381836e+00 8.408327102661132812e+00
-1.753420948982238770e+00 1.745149612426757812e+00 8.519962310791015625e+00
-1.935210347175598145e+00 1.789192199707031250e+00 8.638161659240722656e+00
2.030999660491943359e+00 2.762284278869628906e+00 9.544544219970703125e+00
2.118427753448486328e+00 2.751381397247314453e+00 9.615101814270019531e+00
2.003705263137817383e+00 2.680741310119628906e+00 9.550268173217773438e+00
2.099859952926635742e+00 2.770263671875000000e+00 9.584584236145019531e+00
2.070625066757202148e+00 2.748562335968017578e+00 9.593152999877929688e+00
-1.880328774452209473e+00 2.271061658859252930e+00 8.417623519897460938e+00
-1.316142559051513672e+00 2.043143987655639648e+00 8.434881210327148438e+00
-1.319565534591674805e+00 2.128607749938964844e+00 8.216702461242675781e+00
-1.642400771379470825e-01 1.971608042716979980e+00 7.971593379974365234e+00
-1.151599287986755371e+00 2.041368484497070312e+00 8.249020576477050781e+00
-2.426634311676025391e+00 2.007533073425292969e+00 8.640858650207519531e+00
-3.152661085128784180e+00 5.526458263397216797e+00 8.005317687988281250e+00
-8.524909019470214844e-01 1.862065911293029785e+00 8.200754165649414062e+00
-8.322960883378982544e-02 1.977012038230895996e+00 7.957584381103515625e+00
-4.816571176052093506e-01 1.814690947532653809e+00 8.126669883728027344e+00
-1.099945306777954102e-01 1.938390374183654785e+00 7.989043712615966797e+00
1.235356998443603516e+01 4.092361450195312500e+00 8.248882293701171875e+00
1.082979488372802734e+01 4.121846199035644531e+00 9.879461288452148438e+00
1.146183872222900391e+01 4.262189388275146484e+00 9.275057792663574219e+00
8.853331565856933594e+00 4.033607959747314453e+00 9.841075897216796875e+00
8.771045684814453125e+00 4.087702751159667969e+00 9.795115470886230469e+00
8.997605323791503906e+00 3.878787994384765625e+00 9.877557754516601562e+00
8.836213111877441406e+00 3.914377450942993164e+00 9.784468650817871094e+00
9.013416290283203125e+00 3.918602466583251953e+00 9.830072402954101562e+00
1.221102333068847656e+01 4.096213817596435547e+00 8.357697486877441406e+00
1.231009292602539062e+01 4.174748897552490234e+00 8.303879737854003906e+00
7.735185623168945312e+00 3.974651694297790527e-01 1.038826847076416016e+01
1.220694541931152344e+01 4.175796508789062500e+00 8.349695205688476562e+00
8.594143867492675781e+00 1.187946438789367676e+00 1.025348663330078125e+01
8.502898216247558594e+00 1.061495304107666016e+00 1.028736400604248047e+01
9.942185401916503906e+00 3.707056760787963867e+00 1.072765254974365234e+01
9.955096244812011719e+00 3.709712982177734375e+00 1.077475929260253906e+01
8.280455589294433594e+00 4.253878593444824219e+00 9.652627944946289062e+00
1.147420787811279297e+01 4.060688495635986328e+00 9.116997718811035156e+00
1.197451114654541016e+01 4.331296920776367188e+00 8.887849807739257812e+00
1.188428211212158203e+01 4.293485164642333984e+00 8.938491821289062500e+00
1.177704715728759766e+01 3.990330934524536133e+00 8.759126663208007812e+00
1.239488792419433594e+01 4.485102176666259766e+00 8.553184509277343750e+00
1.168585777282714844e+01 4.283271789550781250e+00 9.073983192443847656e+00
1.142940521240234375e+01 4.340941429138183594e+00 9.247664451599121094e+00
9.639322280883789062e+00 3.842286825180053711e+00 1.035653495788574219e+01
9.648297309875488281e+00 4.575505256652832031e+00 9.015156745910644531e+00
1.188160896301269531e+01 3.844687461853027344e+00 8.246630668640136719e+00
1.229442977905273438e+01 4.535389423370361328e+00 8.638271331787109375e+00
1.195728397369384766e+01 3.853167772293090820e+00 8.254184722900390625e+00
1.205258178710937500e+01 3.925578594207763672e+00 8.218342781066894531e+00
7.575931072235107422e+00 3.165071606636047363e-01 1.039410114288330078e+01
1.208199405670166016e+01 4.026865482330322266e+00 8.370502471923828125e+00
1.171771144866943359e+01 3.731713056564331055e+00 8.139465332031250000e+00
1.146193027496337891e+01 3.993698835372924805e+00 9.055600166320800781e+00
1.159709835052490234e+01 3.999389886856079102e+00 8.956288337707519531e+00
1.154723739624023438e+01 4.088921070098876953e+00 8.533203125000000000e+00
1.141864585876464844e+01 4.114356517791748047e+00 8.509716987609863281e+00
1.228707122802734375e+01 4.221477031707763672e+00 8.309636116027832031e+00
1.187974071502685547e+01 4.154365062713623047e+00 8.431146621704101562e+00
1.219408416748046875e+01 4.215694904327392578e+00 8.348854064941406250e+00
1.056160926818847656e+01 4.265450954437255859e+00 9.912968635559082031e+00
1.063551425933837891e+01 4.093301296234130859e+00 1.012725448608398438e+01
9.670805931091308594e+00 3.602895975112915039e+00 1.112360572814941406e+01
9.697396278381347656e+00 3.569662094116210938e+00 1.123476505279541016e+01
9.709076881408691406e+00 3.710185527801513672e+00 1.076333427429199219e+01
9.602907180786132812e+00 3.737244844436645508e+00 1.056045818328857422e+01
9.709098815917968750e+00 3.580901622772216797e+00 1.123606395721435547e+01
9.577092170715332031e+00 3.658198833465576172e+00 1.087802505493164062e+01
6.131346225738525391e+00 2.603003978729248047e+00 9.867803573608398438e+00
9.732846260070800781e+00 3.618592739105224609e+00 1.115839385986328125e+01
9.680852890014648438e+00 3.652740240097045898e+00 1.111011981964111328e+01
9.645988464355468750e+00 3.652497291564941406e+00 1.102665233612060547e+01
5.946429252624511719e+00 2.744815349578857422e+00 9.823342323303222656e+00
6.434601783752441406e+00 2.616620063781738281e+00 9.793483734130859375e+00
6.639914512634277344e+00 2.836980342864990234e+00 9.418370246887207031e+00
6.435881614685058594e+00 2.745759487152099609e+00 9.640738487243652344e+00
5.453847885131835938e+00 3.296681165695190430e+00 9.483676910400390625e+00
6.032427787780761719e+00 2.680889368057250977e+00 9.850196838378906250e+00
5.819856643676757812e+00 2.647429466247558594e+00 9.919255256652832031e+00
5.786764621734619141e+00 2.672960996627807617e+00 9.874710083007812500e+00
9.611685752868652344e+00 3.626597404479980469e+00 1.094496154785156250e+01
6.103293418884277344e+00 2.663593769073486328e+00 9.865070343017578125e+00
1.241558742523193359e+01 4.326556682586669922e+00 8.392763137817382812e+00
1.244730091094970703e+01 4.492237091064453125e+00 8.416735649108886719e+00
1.245117759704589844e+01 4.585500240325927734e+00 8.474315643310546875e+00
1.173906040191650391e+01 4.117440700531005859e+00 8.927978515625000000e+00
9.693375587463378906e+00 3.688368320465087891e+00 1.069497871398925781e+01
6.481390476226806641e+00 1.587316840887069702e-01 1.056778049468994141e+01
1.190471839904785156e+01 4.029203414916992188e+00 8.686094284057617188e+00
1.203517150878906250e+01 4.113671302795410156e+00 8.680937767028808594e+00
1.234840393066406250e+01 4.552413940429687500e+00 8.604943275451660156e+00
1.186457347869873047e+01 4.017967224121093750e+00 8.683568954467773438e+00
1.213415241241455078e+01 4.164295673370361328e+00 8.622941017150878906e+00
1.177727985382080078e+01 4.023969650268554688e+00 8.691092491149902344e+00
1.185971355438232422e+01 4.033076763153076172e+00 8.698879241943359375e+00
1.058575248718261719e+01 4.072264194488525391e+00 1.014811325073242188e+01
1.059085178375244141e+01 4.053304195404052734e+00 1.020286464691162109e+01
1.160063076019287109e+01 4.346483707427978516e+00 9.164710998535156250e+00
1.226412582397460938e+01 4.185658454895019531e+00 8.414626121520996094e+00
1.238729858398437500e+01 4.306951999664306641e+00 8.375100135803222656e+00
1.242318344116210938e+01 4.269620895385742188e+00 8.313533782958984375e+00
1.019194984436035156e+01 3.822024583816528320e+00 1.055381107330322266e+01
1.136895942687988281e+01 4.176060199737548828e+00 9.280254364013671875e+00
1.249229145050048828e+01 4.621069431304931641e+00 8.482110023498535156e+00
9.943564414978027344e+00 3.700634956359863281e+00 1.085712337493896484e+01
9.898678779602050781e+00 3.730030775070190430e+00 1.077777576446533203e+01
1.110465812683105469e+01 4.433385372161865234e+00 9.439441680908203125e+00
7.843007087707519531e+00 1.684536814689636230e+00 9.938619613647460938e+00
1.247881126403808594e+01 4.561946868896484375e+00 8.427859306335449219e+00
7.196809768676757812e+00 2.449698925018310547e+00 9.995237350463867188e+00
9.761465072631835938e+00 3.651484012603759766e+00 1.118741607666015625e+01
9.699811935424804688e+00 3.602491378784179688e+00 1.119420909881591797e+01
6.903877735137939453e+00 2.210879564285278320e+00 1.002820110321044922e+01
9.561562538146972656e+00 4.450325012207031250e+00 8.997203826904296875e+00
6.870390415191650391e+00 2.285038709640502930e+00 9.983656883239746094e+00
8.371899604797363281e+00 7.000218033790588379e-01 1.027868366241455078e+01
8.393698692321777344e+00 5.150268077850341797e-01 1.046017360687255859e+01
1.211267280578613281e+01 4.592628479003906250e+00 8.775302886962890625e+00
8.380108833312988281e+00 8.255587220191955566e-01 1.030332469940185547e+01
1.228023433685302734e+01 4.165973186492919922e+00 8.308819770812988281e+00
8.426015853881835938e+00 8.112393617630004883e-01 1.032955646514892578e+01
1.222787094116210938e+01 4.281280517578125000e+00 8.274520874023437500e+00
8.146268844604492188e+00 6.104975938796997070e-01 1.021944332122802734e+01
8.470593452453613281e+00 7.087290287017822266e-01 1.020001506805419922e+01
8.347207069396972656e+00 7.385598421096801758e-01 1.016815090179443359e+01
8.429132461547851562e+00 7.607457637786865234e-01 1.024870014190673828e+01
8.339988708496093750e+00 7.545195221900939941e-01 1.015635013580322266e+01
8.454223632812500000e+00 7.983155846595764160e-01 1.036596107482910156e+01
8.461730957031250000e+00 8.193379044532775879e-01 1.034653472900390625e+01
9.062671661376953125e+00 3.456620931625366211e+00 9.952243804931640625e+00
7.288512706756591797e+00 2.427553653717041016e+00 1.006891536712646484e+01
7.312150478363037109e+00 2.462594032287597656e+00 1.007563400268554688e+01
7.274902820587158203e+00 2.413193464279174805e+00 1.004656410217285156e+01
8.343480110168457031e+00 5.282818078994750977e-01 1.044463443756103516e+01
8.365511894226074219e+00 7.132314443588256836e-01 1.015179729461669922e+01
8.489603042602539062e+00 6.760549545288085938e-01 1.030676651000976562e+01
8.445364952087402344e+00 7.861909270286560059e-01 1.020081806182861328e+01
8.372955322265625000e+00 6.644436717033386230e-01 1.014800834655761719e+01
1.061375427246093750e+01 4.028446674346923828e+00 1.019886302947998047e+01
8.305163383483886719e+00 5.089280605316162109e-01 1.043151187896728516e+01
8.373100280761718750e+00 6.514678597450256348e-01 1.031069564819335938e+01
7.847121715545654297e+00 2.429755032062530518e-01 1.042101192474365234e+01
7.163474559783935547e+00 2.350024223327636719e+00 1.004040241241455078e+01
8.809860229492187500e+00 4.168666839599609375e+00 9.685616493225097656e+00
7.208688735961914062e+00 2.034989833831787109e+00 9.960857391357421875e+00
7.729199409484863281e+00 1.787630200386047363e+00 9.893842697143554688e+00
7.511049270629882812e+00 1.703475594520568848e+00 9.961881637573242188e+00
9.576202392578125000e+00 4.601449012756347656e+00 8.908329963684082031e+00
9.214238166809082031e+00 4.223536014556884766e+00 9.605976104736328125e+00
7.405178070068359375e+00 1.955703139305114746e+00 9.936114311218261719e+00
8.341740608215332031e+00 7.653587460517883301e-01 1.019118881225585938e+01
6.472329616546630859e+00 2.622369766235351562e+00 9.721633911132812500e+00
1.149183654785156250e+01 4.397717475891113281e+00 9.214999198913574219e+00
1.235744762420654297e+01 4.251878261566162109e+00 8.326110839843750000e+00
1.239627170562744141e+01 4.289822101593017578e+00 8.358593940734863281e+00
1.162527847290039062e+01 3.658714771270751953e+00 8.058794975280761719e+00
1.253826904296875000e+01 4.562059402465820312e+00 8.374979019165039062e+00
-2.998415708541870117e+00 2.726079463958740234e+00 8.050808906555175781e+00
-2.827650308609008789e+00 2.362499475479125977e+00 8.263138771057128906e+00
-3.419517755508422852e+00 3.220068454742431641e+00 7.657978534698486328e+00
-4.475099086761474609e+00 5.852428913116455078e+00 6.921190738677978516e+00
-2.480896711349487305e+00 5.188400745391845703e+00 7.560768604278564453e+00
3.019943475723266602e+00 3.184488773345947266e+00 9.820073127746582031e+00
-3.962696790695190430e+00 5.394368171691894531e+00 7.182821273803710938e+00
-2.346880197525024414e+00 5.135382652282714844e+00 7.497865676879882812e+00
-4.203788280487060547e+00 4.845103263854980469e+00 7.113924503326416016e+00
-4.224562168121337891e+00 4.831434249877929688e+00 7.090802669525146484e+00
-4.342886924743652344e+00 5.609794616699218750e+00 7.003610134124755859e+00
-4.455449104309082031e+00 5.657295703887939453e+00 7.087244987487792969e+00
-3.512233972549438477e+00 2.924568176269531250e+00 7.679265022277832031e+00
-4.493296623229980469e+00 5.847035408020019531e+00 6.902905464172363281e+00
-3.575905084609985352e+00 2.666640043258666992e+00 7.720835685729980469e+00
-4.501375198364257812e+00 5.903936862945556641e+00 6.892765998840332031e+00
-2.398277997970581055e+00 5.095856189727783203e+00 7.464543819427490234e+00
-2.400187730789184570e+00 4.989366531372070312e+00 7.423770904541015625e+00
-2.444170475006103516e+00 4.992540836334228516e+00 7.411995887756347656e+00
-3.461731195449829102e+00 2.812556266784667969e+00 7.597652912139892578e+00
-3.454358339309692383e+00 2.905109643936157227e+00 7.643712997436523438e+00
-3.540681600570678711e+00 2.690931081771850586e+00 7.613982200622558594e+00
-3.402235746383666992e+00 4.741734504699707031e+00 7.754812240600585938e+00
-3.186524152755737305e+00 5.431667327880859375e+00 7.876638889312744141e+00
-3.352586030960083008e+00 4.805863857269287109e+00 7.786229133605957031e+00
-3.143618583679199219e+00 5.404176235198974609e+00 7.866514682769775391e+00
-3.449134826660156250e+00 4.685195922851562500e+00 7.743131637573242188e+00
-3.241041183471679688e+00 5.396964550018310547e+00 7.857055187225341797e+00
-3.157509326934814453e+00 5.479743480682373047e+00 7.920622348785400391e+00
-2.679926872253417969e+00 4.468418121337890625e+00 7.311932086944580078e+00
-4.158605575561523438e+00 4.906391620635986328e+00 7.135259151458740234e+00
-4.159787178039550781e+00 4.935156822204589844e+00 7.131428241729736328e+00
-3.418354511260986328e+00 3.639290571212768555e+00 7.639616012573242188e+00
-3.397682905197143555e+00 4.741323471069335938e+00 7.757892131805419922e+00
-3.115709543228149414e+00 5.512826919555664062e+00 7.965943336486816406e+00
-3.146703720092773438e+00 5.472739219665527344e+00 7.928633213043212891e+00
-3.199101924896240234e+00 5.430528640747070312e+00 7.884449958801269531e+00
-3.252288818359375000e+00 5.423164367675781250e+00 7.868194580078125000e+00
-3.399711132049560547e+00 3.670951366424560547e+00 7.656523704528808594e+00
-3.376480340957641602e+00 3.566994667053222656e+00 7.601686477661132812e+00
1.192092132568359375e+01 5.146344661712646484e+00 8.263940811157226562e+00
1.229572963714599609e+01 5.094161987304687500e+00 8.356007575988769531e+00
4.391199111938476562e+00 3.131253242492675781e+00 4.048234462738037109e+00
9.134183883666992188e+00 4.734973430633544922e+00 9.106127738952636719e+00
8.009110450744628906e+00 4.410606861114501953e+00 9.583027839660644531e+00
8.038213729858398438e+00 4.374746322631835938e+00 9.594587326049804688e+00
8.027780532836914062e+00 4.386953353881835938e+00 9.580266952514648438e+00
4.439074993133544922e+00 3.095640659332275391e+00 3.979866266250610352e+00
8.451539039611816406e+00 4.405734539031982422e+00 9.446303367614746094e+00
9.643595695495605469e+00 5.212644100189208984e+00 8.504629135131835938e+00
4.437503814697265625e+00 3.081141233444213867e+00 3.998880386352539062e+00
9.641975402832031250e+00 5.196829795837402344e+00 8.515764236450195312e+00
9.655207633972167969e+00 5.215186595916748047e+00 8.515719413757324219e+00
1.437908363342285156e+01 6.624893665313720703e+00 8.952077865600585938e+00
1.074602890014648438e+01 5.607851505279541016e+00 8.271200180053710938e+00
1.200750160217285156e+01 5.565651416778564453e+00 8.269873619079589844e+00
1.436914825439453125e+01 6.615690231323242188e+00 8.959910392761230469e+00
1.173308658599853516e+01 5.723518371582031250e+00 8.199191093444824219e+00
1.176564025878906250e+01 5.680733680725097656e+00 8.230443000793457031e+00
1.431699371337890625e+01 6.567018508911132812e+00 8.879920005798339844e+00
1.167229270935058594e+01 5.734397888183593750e+00 8.210019111633300781e+00
1.164947128295898438e+01 5.760908603668212891e+00 8.183368682861328125e+00
1.264282131195068359e+01 5.496157169342041016e+00 8.430851936340332031e+00
1.437875938415527344e+01 6.623425006866455078e+00 8.930230140686035156e+00
1.199083328247070312e+01 5.565436363220214844e+00 8.268598556518554688e+00
1.170979785919189453e+01 5.711701869964599609e+00 8.214138984680175781e+00
8.056202888488769531e+00 3.104737520217895508e+00 8.141670227050781250e+00
1.425118446350097656e+01 6.505845069885253906e+00 8.840538024902343750e+00
1.023831081390380859e+01 5.528382301330566406e+00 8.327493667602539062e+00
1.436155700683593750e+01 6.606871128082275391e+00 8.830053329467773438e+00
1.232944297790527344e+01 5.460330963134765625e+00 8.329207420349121094e+00
1.423935222625732422e+01 6.490478038787841797e+00 8.810232162475585938e+00
1.402213478088378906e+01 6.342251777648925781e+00 8.772397994995117188e+00
1.427641391754150391e+01 6.535031795501708984e+00 8.869347572326660156e+00
1.405023097991943359e+01 6.362942695617675781e+00 8.773049354553222656e+00
1.406688594818115234e+01 6.363476753234863281e+00 8.788551330566406250e+00
1.012226676940917969e+01 5.510634422302246094e+00 8.373727798461914062e+00
1.071378707885742188e+01 5.462785243988037109e+00 8.281170845031738281e+00
1.058644676208496094e+01 4.689622879028320312e+00 8.162331581115722656e+00
1.211151790618896484e+01 5.183258533477783203e+00 8.294740676879882812e+00
9.629433631896972656e+00 5.217455863952636719e+00 8.523454666137695312e+00
1.098994731903076172e+01 5.623367786407470703e+00 8.215698242187500000e+00
1.280110168457031250e+01 5.570067882537841797e+00 8.461453437805175781e+00
1.243210411071777344e+01 5.410878181457519531e+00 8.372010231018066406e+00
1.196318244934082031e+01 5.401445865631103516e+00 8.255466461181640625e+00
1.058717823028564453e+01 5.145575046539306641e+00 8.142533302307128906e+00
6.422334194183349609e+00 3.650282621383666992e+00 9.038383483886718750e+00
1.430157184600830078e+01 6.547527313232421875e+00 8.848455429077148438e+00
1.427787399291992188e+01 6.522948265075683594e+00 8.811234474182128906e+00
1.427306938171386719e+01 6.523312091827392578e+00 8.845703125000000000e+00
1.424982929229736328e+01 6.520019531250000000e+00 8.865947723388671875e+00
1.429990863800048828e+01 6.543472766876220703e+00 8.805434226989746094e+00
1.183808803558349609e+01 5.639029502868652344e+00 8.243387222290039062e+00
1.439826869964599609e+01 6.640359401702880859e+00 8.942645072937011719e+00
1.427581691741943359e+01 6.527737140655517578e+00 8.868748664855957031e+00
1.440892124176025391e+01 6.651676654815673828e+00 8.949589729309082031e+00
1.244596004486083984e+01 5.233340740203857422e+00 8.381066322326660156e+00
8.143559455871582031e+00 3.031630992889404297e+00 8.052112579345703125e+00
1.064011859893798828e+01 3.964460611343383789e+00 1.020863819122314453e+01
1.164111137390136719e+01 5.660983562469482422e+00 8.244894027709960938e+00
1.431611728668212891e+01 6.562903881072998047e+00 8.829098701477050781e+00
8.013758659362792969e+00 4.399402141571044922e+00 9.577060699462890625e+00
8.031616210937500000e+00 4.380949497222900391e+00 9.594584465026855469e+00
1.167696475982666016e+01 5.668042182922363281e+00 8.243638992309570312e+00
2.994658946990966797e+00 3.602523803710937500e+00 5.726517200469970703e+00
2.753808736801147461e+00 3.623203516006469727e+00 5.773674011230468750e+00
1.084779357910156250e+01 4.405985832214355469e+00 9.601880073547363281e+00
3.592148303985595703e+00 3.278698682785034180e+00 4.846204757690429688e+00
1.433675384521484375e+01 6.579634666442871094e+00 8.887073516845703125e+00
-9.132229089736938477e-01 3.276077032089233398e+00 7.169307231903076172e+00
-9.608529806137084961e-01 3.215470552444458008e+00 7.163113594055175781e+00
-9.709628224372863770e-01 3.220581293106079102e+00 7.182678222656250000e+00
-7.815847992897033691e-01 3.465255022048950195e+00 7.223635673522949219e+00
-1.292351007461547852e+00 3.368773221969604492e+00 7.368043899536132812e+00
-1.121125817298889160e+00 3.338979482650756836e+00 7.317617893218994141e+00
-1.253290534019470215e+00 3.313375711441040039e+00 7.359010219573974609e+00
2.011969566345214844e+00 2.723904609680175781e+00 9.568585395812988281e+00
-8.733098506927490234e-01 3.217574834823608398e+00 7.103389263153076172e+00
-9.394015073776245117e-01 3.233760118484497070e+00 7.155118465423583984e+00
-5.400714874267578125e-01 3.518593549728393555e+00 7.212328433990478516e+00
-9.671799540519714355e-01 3.211100578308105469e+00 7.169635295867919922e+00
-1.407955527305603027e+00 3.177258491516113281e+00 7.432662487030029297e+00
-9.941754937171936035e-01 3.185779333114624023e+00 7.161535263061523438e+00
6.509352684020996094e+00 1.698353409767150879e+00 9.874222755432128906e+00
6.221927642822265625e+00 1.697237730026245117e+00 9.713632583618164062e+00
-9.636470079421997070e-01 3.417073726654052734e+00 7.245324134826660156e+00
-2.054401874542236328e+00 4.126247406005859375e+00 7.298781394958496094e+00
-2.088769912719726562e+00 4.129346370697021484e+00 7.305777549743652344e+00
6.802486419677734375e+00 1.800654649734497070e+00 9.981175422668457031e+00
6.730893135070800781e+00 1.765625476837158203e+00 9.967251777648925781e+00
7.374914169311523438e+00 1.850568413734436035e+00 9.890543937683105469e+00
6.637785911560058594e+00 2.197538137435913086e+00 9.986593246459960938e+00
6.767720699310302734e+00 1.863664746284484863e+00 9.972793579101562500e+00
9.947923660278320312e+00 4.487983703613281250e+00 8.182478904724121094e+00
8.272892951965332031e+00 3.274943828582763672e+00 8.330452919006347656e+00
8.474411964416503906e+00 3.401918172836303711e+00 8.332163810729980469e+00
6.091110706329345703e+00 2.662673234939575195e+00 9.847983360290527344e+00
2.776797533035278320e+00 3.653066873550415039e+00 5.434043884277343750e+00
6.716116428375244141e+00 1.714770555496215820e+00 9.962142944335937500e+00
2.765454053878784180e+00 3.682850837707519531e+00 5.467036247253417969e+00
7.737196922302246094e+00 2.132393598556518555e+00 9.705304145812988281e+00
8.917454719543457031e+00 3.696718454360961914e+00 9.899460792541503906e+00
9.716179847717285156e+00 3.564159870147705078e+00 1.123444366455078125e+01
7.595161437988281250e+00 2.204571008682250977e+00 9.763518333435058594e+00
-2.303468465805053711e+00 5.049322605133056641e+00 7.437994003295898438e+00
-2.218659877777099609e+00 4.661128044128417969e+00 7.302183151245117188e+00
-2.181741714477539062e+00 4.754970073699951172e+00 7.300143718719482422e+00
-2.257745742797851562e+00 4.918323993682861328e+00 7.374165058135986328e+00
-2.329277038574218750e+00 5.109985351562500000e+00 7.481200695037841797e+00
-2.160343408584594727e+00 4.285292625427246094e+00 7.293641090393066406e+00
-2.201041221618652344e+00 4.733306884765625000e+00 7.329026222229003906e+00
-2.353440284729003906e+00 5.105503559112548828e+00 7.485858440399169922e+00
-5.998970270156860352e-01 1.814593434333801270e+00 1.059833812713623047e+01
-4.073500633239746094e+00 4.748340606689453125e+00 7.228703498840332031e+00
-2.588733673095703125e+00 2.377207756042480469e+00 8.642270088195800781e+00
-4.007561206817626953e+00 4.826945781707763672e+00 7.281890392303466797e+00
-1.271486878395080566e+00 3.199035882949829102e+00 7.375194072723388672e+00
-4.193730354309082031e+00 4.787366867065429688e+00 7.130726337432861328e+00
-2.855568408966064453e+00 3.539269208908081055e+00 7.547561645507812500e+00
-2.889460802078247070e+00 3.096739768981933594e+00 7.939309597015380859e+00
-1.249698042869567871e+00 3.183176755905151367e+00 7.372640132904052734e+00
-2.992617607116699219e+00 3.033933877944946289e+00 7.946172237396240234e+00
-4.070945739746093750e+00 4.806043624877929688e+00 7.230144500732421875e+00
-5.276769995689392090e-01 2.292365550994873047e+00 7.816335678100585938e+00
-4.162845134735107422e+00 4.763834953308105469e+00 7.128453254699707031e+00
-2.336693525314331055e+00 5.102865695953369141e+00 7.476337432861328125e+00
-3.005444049835205078e+00 3.872698068618774414e+00 7.432670116424560547e+00
-3.968592643737792969e+00 5.307502746582031250e+00 7.132676124572753906e+00
-1.566976666450500488e+00 3.261556625366210938e+00 7.328730106353759766e+00
-1.348198294639587402e+00 3.245618343353271484e+00 7.348937988281250000e+00
-1.299291014671325684e+00 3.260296106338500977e+00 7.334084987640380859e+00
4.183917999267578125e+00 3.124865770339965820e+00 1.062845516204833984e+01
4.254248142242431641e+00 3.044352293014526367e+00 1.067464733123779297e+01
3.917259216308593750e+00 3.244166612625122070e+00 1.037872886657714844e+01
4.068098068237304688e+00 3.228171586990356445e+00 1.051141738891601562e+01
4.257396221160888672e+00 3.169656753540039062e+00 1.055337047576904297e+01
4.160952091217041016e+00 3.191983222961425781e+00 1.055588245391845703e+01
4.077733993530273438e+00 3.235663414001464844e+00 1.052887630462646484e+01
4.130599021911621094e+00 3.196444034576416016e+00 1.056395530700683594e+01
4.127689838409423828e+00 3.217217206954956055e+00 1.058090877532958984e+01
5.385634422302246094e+00 3.232687234878540039e+00 9.512042999267578125e+00
4.375827312469482422e+00 3.050237178802490234e+00 1.060604190826416016e+01
4.332388877868652344e+00 3.078536987304687500e+00 1.062617397308349609e+01
4.387146472930908203e+00 3.055223941802978516e+00 1.061487293243408203e+01
4.360893249511718750e+00 3.063012123107910156e+00 1.060805416107177734e+01
4.299030780792236328e+00 3.098883628845214844e+00 1.063280010223388672e+01
4.028232574462890625e+00 3.255310773849487305e+00 1.044667625427246094e+01
5.458920955657958984e+00 3.361048221588134766e+00 9.418545722961425781e+00
3.544591188430786133e+00 3.577116012573242188e+00 6.701570510864257812e+00
5.504207134246826172e+00 3.381610870361328125e+00 9.408053398132324219e+00
5.531898975372314453e+00 3.485998392105102539e+00 9.320656776428222656e+00
5.587328910827636719e+00 3.652139425277709961e+00 9.136548995971679688e+00
3.481238365173339844e+00 3.574421167373657227e+00 6.622319698333740234e+00
5.534143924713134766e+00 3.436794281005859375e+00 9.353526115417480469e+00
3.483498096466064453e+00 3.571964025497436523e+00 6.632294654846191406e+00
4.034957885742187500e+00 3.217797994613647461e+00 1.048711681365966797e+01
4.148864269256591797e+00 3.204095602035522461e+00 1.059217262268066406e+01
4.297714233398437500e+00 3.075420618057250977e+00 1.068232727050781250e+01
5.392944812774658203e+00 3.563529014587402344e+00 9.219834327697753906e+00
6.455469608306884766e+00 3.748677015304565430e+00 9.022120475769042969e+00
5.780390739440917969e+00 3.711488962173461914e+00 9.088990211486816406e+00
7.584575653076171875e+00 3.260489225387573242e+00 8.423428535461425781e+00
2.904006481170654297e+00 3.703368425369262695e+00 6.071323871612548828e+00
1.025817584991455078e+01 5.587019443511962891e+00 8.288309097290039062e+00
1.255581569671630859e+01 5.254573822021484375e+00 8.403060913085937500e+00
6.553591251373291016e+00 3.534690380096435547e+00 9.089883804321289062e+00
2.913466691970825195e+00 3.666459321975708008e+00 6.205406188964843750e+00
2.802928686141967773e+00 3.660058736801147461e+00 6.121078491210937500e+00
7.728725433349609375e+00 3.241573572158813477e+00 8.718672752380371094e+00
6.685274600982666016e+00 3.504090547561645508e+00 9.074026107788085938e+00
2.888435602188110352e+00 3.700009822845458984e+00 6.108593463897705078e+00
2.913880825042724609e+00 3.609694480895996094e+00 6.220759391784667969e+00
6.663880825042724609e+00 3.533484458923339844e+00 9.056349754333496094e+00
7.762989521026611328e+00 1.859637260437011719e+00 9.826753616333007812e+00
7.791917800903320312e+00 1.870338439941406250e+00 9.808296203613281250e+00
7.751784324645996094e+00 1.964389085769653320e+00 9.762121200561523438e+00
6.336082935333251953e+00 3.725683927536010742e+00 9.058645248413085938e+00
9.237290382385253906e+00 4.800562381744384766e+00 9.123599052429199219e+00
6.354507446289062500e+00 3.727282047271728516e+00 9.051959991455078125e+00
9.409176826477050781e+00 5.045633792877197266e+00 8.980474472045898438e+00
8.985973358154296875e+00 4.621654987335205078e+00 9.180353164672851562e+00
2.991689443588256836e+00 3.589360952377319336e+00 6.310233116149902344e+00
2.948739767074584961e+00 3.618624210357666016e+00 6.184459686279296875e+00
5.754781246185302734e+00 3.691128730773925781e+00 9.109806060791015625e+00
5.700888156890869141e+00 3.684747934341430664e+00 9.115290641784667969e+00
8.587760925292968750e+00 4.218492984771728516e+00 9.688975334167480469e+00
9.014755249023437500e+00 4.311435222625732422e+00 9.467802047729492188e+00
9.243250846862792969e+00 4.341606616973876953e+00 9.380459785461425781e+00
8.763451576232910156e+00 4.277702331542968750e+00 9.561662673950195312e+00
7.338469028472900391e+00 1.074504852294921875e+00 1.014583683013916016e+01
8.607287406921386719e+00 4.219867229461669922e+00 9.665387153625488281e+00
8.646817207336425781e+00 4.192799568176269531e+00 9.699452400207519531e+00
9.060769081115722656e+00 4.618309497833251953e+00 9.247914314270019531e+00
8.876198768615722656e+00 4.146200656890869141e+00 9.706901550292968750e+00
8.302778244018554688e+00 4.212929248809814453e+00 9.695174217224121094e+00
8.911252975463867188e+00 4.547402858734130859e+00 9.273076057434082031e+00
8.183362007141113281e+00 4.236727714538574219e+00 9.617131233215332031e+00
8.164178848266601562e+00 4.280757427215576172e+00 9.659873008728027344e+00
8.500946998596191406e+00 4.269554615020751953e+00 9.633765220642089844e+00
6.842413902282714844e+00 1.872643709182739258e+00 1.001584243774414062e+01
8.294780731201171875e+00 4.241114139556884766e+00 9.650577545166015625e+00
8.158120155334472656e+00 4.290441989898681641e+00 9.638682365417480469e+00
8.173037528991699219e+00 4.309912681579589844e+00 9.654807090759277344e+00
3.106091737747192383e+00 3.115087985992431641e+00 9.812648773193359375e+00
6.533596038818359375e+00 3.731601476669311523e+00 8.984538078308105469e+00
5.665275573730468750e+00 2.664058685302734375e+00 9.907632827758789062e+00
5.257399082183837891e+00 3.295458316802978516e+00 9.540379524230957031e+00
3.156522750854492188e+00 3.223534822463989258e+00 9.841445922851562500e+00
3.103073596954345703e+00 3.271167039871215820e+00 9.798072814941406250e+00
3.252495765686035156e+00 3.147801876068115234e+00 9.886941909790039062e+00
3.190966367721557617e+00 3.328834056854248047e+00 9.847729682922363281e+00
6.476415157318115234e+00 2.348817348480224609e+00 1.001565170288085938e+01
6.439584732055664062e+00 2.311409711837768555e+00 1.004440879821777344e+01
6.494621753692626953e+00 2.316374778747558594e+00 1.000422286987304688e+01
6.436405181884765625e+00 2.344730377197265625e+00 1.001421165466308594e+01
3.153270483016967773e+00 3.088122844696044922e+00 9.899959564208984375e+00
3.198626995086669922e+00 3.245775461196899414e+00 9.879579544067382812e+00
3.046975851058959961e+00 3.455426931381225586e+00 9.699904441833496094e+00
3.132331132888793945e+00 3.343605041503906250e+00 9.775273323059082031e+00
6.470255374908447266e+00 3.755101442337036133e+00 8.989140510559082031e+00
2.060487985610961914e+00 2.653118610382080078e+00 9.829689025878906250e+00
2.914491415023803711e+00 3.026383399963378906e+00 9.869284629821777344e+00
3.104745388031005859e+00 3.112835407257080078e+00 9.859819412231445312e+00
3.281791687011718750e+00 3.192696332931518555e+00 9.870265007019042969e+00
3.289389610290527344e+00 2.987684249877929688e+00 1.002587223052978516e+01
7.241391658782958984e+00 1.403394579887390137e+00 1.003023529052734375e+01
3.591459751129150391e+00 3.082181692123413086e+00 1.009122371673583984e+01
6.214518547058105469e+00 2.205929279327392578e+00 9.797458648681640625e+00
5.811484813690185547e+00 2.612347126007080078e+00 9.895986557006835938e+00
4.738919734954833984e+00 3.019890308380126953e+00 1.028835964202880859e+01
5.911994457244873047e+00 2.420469999313354492e+00 9.859218597412109375e+00
6.393370151519775391e+00 2.320813417434692383e+00 9.951671600341796875e+00
6.105113983154296875e+00 2.638344526290893555e+00 9.762931823730468750e+00
3.307893037796020508e+00 3.077936649322509766e+00 9.979031562805175781e+00
-3.421372652053833008e+00 4.676692008972167969e+00 7.731855392456054688e+00
-2.925408363342285156e+00 3.341988086700439453e+00 7.186823844909667969e+00
-2.930498123168945312e+00 3.336230754852294922e+00 7.191612243652343750e+00
-2.921141147613525391e+00 3.329643011093139648e+00 7.171373844146728516e+00
-2.545311212539672852e+00 4.586008071899414062e+00 7.349206447601318359e+00
-3.125177860260009766e+00 4.011140823364257812e+00 7.458844184875488281e+00
-3.061094760894775391e+00 4.114593505859375000e+00 7.407550811767578125e+00
-3.095984697341918945e+00 3.856373548507690430e+00 7.383711814880371094e+00
-3.004503250122070312e+00 3.882316589355468750e+00 7.408676147460937500e+00
-3.039398193359375000e+00 3.970369815826416016e+00 7.376255512237548828e+00
-2.957250356674194336e+00 3.734347820281982422e+00 7.492509365081787109e+00
-3.882955312728881836e+00 5.344099044799804688e+00 7.277307987213134766e+00
-3.752623081207275391e+00 5.305237293243408203e+00 7.388763904571533203e+00
-3.894378423690795898e+00 5.374557018280029297e+00 7.268995761871337891e+00
-2.997977018356323242e+00 3.873055934906005859e+00 7.434662818908691406e+00
-3.033520221710205078e+00 3.974630594253540039e+00 7.382805824279785156e+00
-2.938388347625732422e+00 3.667694330215454102e+00 7.460261344909667969e+00
-3.085185289382934570e+00 5.417205810546875000e+00 7.869088172912597656e+00
-3.038045644760131836e+00 5.157207012176513672e+00 7.796295642852783203e+00
-3.031758785247802734e+00 5.208826541900634766e+00 7.791291236877441406e+00
-3.127554178237915039e+00 5.114407539367675781e+00 7.801572322845458984e+00
-2.742910146713256836e+00 4.363838672637939453e+00 7.347748756408691406e+00
-2.659403562545776367e+00 4.497615337371826172e+00 7.352256298065185547e+00
-3.705051898956298828e+00 1.929508566856384277e+00 8.257780075073242188e+00
-3.727584838867187500e+00 1.926465511322021484e+00 8.241654396057128906e+00
-3.580210208892822266e+00 1.842265963554382324e+00 8.375492095947265625e+00
-3.640325307846069336e+00 1.916854023933410645e+00 8.293746948242187500e+00
-3.712615489959716797e+00 1.969012379646301270e+00 8.195499420166015625e+00
-3.544417142868041992e+00 1.837324380874633789e+00 8.390916824340820312e+00
-3.883882284164428711e+00 2.064332246780395508e+00 7.974108695983886719e+00
-3.773835659027099609e+00 1.968143582344055176e+00 8.180764198303222656e+00
-3.960775375366210938e+00 2.162718296051025391e+00 7.813063144683837891e+00
-3.851178884506225586e+00 2.073139905929565430e+00 8.005165100097656250e+00
-3.770547866821289062e+00 1.975728869438171387e+00 8.171095848083496094e+00
-4.006495952606201172e+00 2.175246000289916992e+00 7.783708572387695312e+00
-3.357063770294189453e+00 3.532924413681030273e+00 7.588881015777587891e+00
-3.444055795669555664e+00 3.647169828414916992e+00 7.685806751251220703e+00
-3.400999546051025391e+00 3.202059268951416016e+00 7.566141605377197266e+00
-4.990241050720214844e+00 6.386897563934326172e+00 6.780954360961914062e+00
-4.987415313720703125e+00 6.380994319915771484e+00 6.779858112335205078e+00
-4.999173164367675781e+00 6.396167755126953125e+00 6.777102947235107422e+00
-3.650387287139892578e+00 1.815125703811645508e+00 8.353891372680664062e+00
-3.746384382247924805e+00 1.912498235702514648e+00 8.233003616333007812e+00
-3.613435506820678711e+00 1.846055150032043457e+00 8.363384246826171875e+00
-3.611773729324340820e+00 1.847284197807312012e+00 8.360091209411621094e+00
-3.763958692550659180e+00 1.944914698600769043e+00 8.210911750793457031e+00
-3.586688041687011719e+00 1.814576745033264160e+00 8.394418716430664062e+00
-3.912813901901245117e+00 2.069969892501831055e+00 7.955080032348632812e+00
-3.783506631851196289e+00 1.959800243377685547e+00 8.179967880249023438e+00
-4.041790962219238281e+00 2.191065311431884766e+00 7.752550125122070312e+00
-3.929523468017578125e+00 2.104733705520629883e+00 7.907916069030761719e+00
-3.819290876388549805e+00 1.955262303352355957e+00 8.163408279418945312e+00
-4.004449367523193359e+00 2.167322635650634766e+00 7.787675380706787109e+00
-3.435656309127807617e+00 3.048206806182861328e+00 7.573758125305175781e+00
-3.480756044387817383e+00 3.045782327651977539e+00 7.628500461578369141e+00
-3.270827770233154297e+00 2.948151111602783203e+00 7.484915256500244141e+00
-4.964724063873291016e+00 6.362353801727294922e+00 6.810833930969238281e+00
-4.999649524688720703e+00 6.397435188293457031e+00 6.775562286376953125e+00
-5.008727550506591797e+00 6.407642364501953125e+00 6.773062705993652344e+00
-3.311797857284545898e+00 2.962089061737060547e+00 7.523056030273437500e+00
-3.442197084426879883e+00 3.036112785339355469e+00 7.610283374786376953e+00
-3.424235105514526367e+00 2.999369859695434570e+00 7.630413055419921875e+00
-3.372194766998291016e+00 4.485360622406005859e+00 7.627146244049072266e+00
-3.435433387756347656e+00 4.661361694335937500e+00 7.700743198394775391e+00
-3.170897960662841797e+00 5.478728771209716797e+00 7.920114040374755859e+00
-4.481574058532714844e+00 5.886512756347656250e+00 6.919845104217529297e+00
-4.592108726501464844e+00 5.968104362487792969e+00 6.876544952392578125e+00
-4.493695259094238281e+00 5.873779296875000000e+00 6.918504238128662109e+00
-3.437580347061157227e+00 4.683108329772949219e+00 7.723028659820556641e+00
-2.747012138366699219e+00 3.874032735824584961e+00 7.355399131774902344e+00
-2.714668512344360352e+00 3.542037487030029297e+00 7.284477233886718750e+00
-3.051317691802978516e+00 4.097156047821044922e+00 7.314056873321533203e+00
-3.357932567596435547e+00 2.667716503143310547e+00 7.912164211273193359e+00
-4.182790279388427734e+00 5.407313346862792969e+00 7.071904659271240234e+00
-2.981390237808227539e+00 3.321697711944580078e+00 7.199375629425048828e+00
-3.447782754898071289e+00 2.997112274169921875e+00 7.633843898773193359e+00
-4.081139087677001953e+00 5.368041038513183594e+00 7.139881134033203125e+00
-2.936366081237792969e+00 4.242569446563720703e+00 7.285211563110351562e+00
-3.006210565567016602e+00 3.734059810638427734e+00 7.196912288665771484e+00
-2.965324401855468750e+00 3.330936908721923828e+00 7.180613994598388672e+00
-3.008620738983154297e+00 3.938442468643188477e+00 7.292279243469238281e+00
-4.250326633453369141e+00 5.064270973205566406e+00 7.066811084747314453e+00
-3.416433095932006836e+00 2.127358436584472656e+00 8.263470649719238281e+00
-2.701491594314575195e+00 3.652571439743041992e+00 7.321007251739501953e+00
-2.754051446914672852e+00 4.224288940429687500e+00 7.343343734741210938e+00
-2.688524723052978516e+00 4.725550651550292969e+00 7.472155094146728516e+00
-2.800808906555175781e+00 5.076291084289550781e+00 7.676105976104736328e+00
-2.409435033798217773e+00 5.019123077392578125e+00 7.431011199951171875e+00
-2.429652214050292969e+00 5.035580635070800781e+00 7.442491531372070312e+00
-2.869295120239257812e+00 2.115741252899169922e+00 8.454073905944824219e+00
-4.450109958648681641e+00 5.647969722747802734e+00 7.098122596740722656e+00
-4.275321960449218750e+00 4.909825325012207031e+00 7.042583465576171875e+00
-4.284193038940429688e+00 4.946216583251953125e+00 7.030911445617675781e+00
-4.335385799407958984e+00 5.556802272796630859e+00 7.018529415130615234e+00
-4.380659103393554688e+00 5.549546718597412109e+00 7.045101165771484375e+00
-4.254088401794433594e+00 4.958862781524658203e+00 7.064086437225341797e+00
-4.381183147430419922e+00 5.577218532562255859e+00 7.044694900512695312e+00
-2.870688676834106445e+00 2.137722015380859375e+00 8.434489250183105469e+00
-2.896544218063354492e+00 3.366892814636230469e+00 7.217499732971191406e+00
-3.914529800415039062e+00 2.095766544342041016e+00 7.927066802978515625e+00
-3.619735479354858398e+00 2.613385915756225586e+00 7.711470127105712891e+00
-2.908864021301269531e+00 2.161027431488037109e+00 8.405141830444335938e+00
-4.281674385070800781e+00 5.531630516052246094e+00 7.052564620971679688e+00
-4.337069034576416016e+00 5.452761650085449219e+00 7.039377212524414062e+00
-3.593456029891967773e+00 2.060635328292846680e+00 8.168380737304687500e+00
-4.356866836547851562e+00 5.592154979705810547e+00 7.011504173278808594e+00
7.621434688568115234e+00 2.945998907089233398e-01 1.037903690338134766e+01
7.451446056365966797e+00 4.993980228900909424e-01 1.032878780364990234e+01
7.423975944519042969e+00 3.969516158103942871e-01 1.039212608337402344e+01
6.534029960632324219e+00 2.345957159996032715e-01 1.051368618011474609e+01
6.870916366577148438e+00 1.862137198448181152e+00 9.983555793762207031e+00
7.606552600860595703e+00 9.534896612167358398e-01 1.017996025085449219e+01
6.433337211608886719e+00 2.160299062728881836e+00 9.960515975952148438e+00
4.171262264251708984e+00 3.176944255828857422e+00 1.057219123840332031e+01
3.111728429794311523e+00 3.369115591049194336e+00 9.763622283935546875e+00
4.135554790496826172e+00 3.232982158660888672e+00 1.055279254913330078e+01
6.384884357452392578e+00 2.508574247360229492e+00 9.762502670288085938e+00
5.829426765441894531e+00 2.568604946136474609e+00 9.862352371215820312e+00
4.328325271606445312e+00 3.195320367813110352e+00 4.011255741119384766e+00
3.857762575149536133e+00 3.211636304855346680e+00 4.647524833679199219e+00
1.002807903289794922e+01 3.754375696182250977e+00 1.066837215423583984e+01
5.946571826934814453e+00 2.588520288467407227e+00 9.770019531250000000e+00
6.102796077728271484e+00 2.721778631210327148e+00 9.770101547241210938e+00
7.761832714080810547e+00 6.493058204650878906e-01 1.025367450714111328e+01
6.681647777557373047e+00 1.957827448844909668e+00 9.973742485046386719e+00
5.780329227447509766e+00 3.732587575912475586e+00 9.105950355529785156e+00
6.098953247070312500e+00 1.894807964563369751e-01 1.067874336242675781e+01
6.111018657684326172e+00 1.888370811939239502e-01 1.066091346740722656e+01
1.061428737640380859e+01 4.186259746551513672e+00 1.001372146606445312e+01
8.052603721618652344e+00 1.374484777450561523e+00 1.009757232666015625e+01
1.056927299499511719e+01 5.481977462768554688e+00 8.173164367675781250e+00
6.429494857788085938e+00 1.236763671040534973e-01 1.058783626556396484e+01
6.335080146789550781e+00 3.734230041503906250e+00 9.043163299560546875e+00
9.672691345214843750e+00 3.720760107040405273e+00 1.059732913970947266e+01
2.744883060455322266e+00 3.766759872436523438e+00 5.502971649169921875e+00
8.680890083312988281e+00 4.331079483032226562e+00 9.285992622375488281e+00
1.251258087158203125e+01 5.431485652923583984e+00 8.384572982788085938e+00
4.356751441955566406e+00 3.168610095977783203e+00 3.952490806579589844e+00
1.841996073722839355e+00 2.497374057769775391e+00 9.450286865234375000e+00
