2.949135629192869423e+00 4.163237198445004061e+00 3.805169240238035044e+00
3.278792973419150325e+00 3.747490261276992030e+00 4.322959523998809672e+00
5.340278200159318533e-01 4.942637665280437353e+00 4.560426507978651678e+00
2.556558342570732112e+00 4.053931465029151582e+00 5.486438791021125638e+00
1.784874776258637885e+00 3.218949511884320547e+00 3.414181371837598178e+00
3.627416546420966448e+00 2.064728098961379210e+00 -9.270601930186649353e-01
1.130446672210804859e+00 3.434763177654807986e+00 4.224806744068708930e+00
4.291575485851593652e-01 3.321828667766370646e+00 2.123351034433340168e+00
-8.186442345006046395e+00 -1.846741261004201995e+00 -1.335013514528468725e+00
-2.082877405593980616e-03 3.783953453815002366e+00 9.794332548036097208e+00
-7.009225126487133029e-01 4.532360979611704366e+00 3.005474495241974964e+00
-9.814048100951829667e+00 -1.363492577821111107e+00 -2.343860745013532032e+00
-9.226209968758272595e+00 -1.395018939915987133e+00 -9.248945358255148408e-01
-9.516466017561814539e+00 -1.194717938400532642e+00 -8.349153567137796994e-01
-9.723962081324321716e+00 -1.095650196352011774e+00 -9.072157207265274526e-01
-9.636988856236813561e+00 -1.005222769455994314e+00 -7.862834242123287742e-01
-1.678486081037379840e+00 5.651959450513289518e+00 9.447964969649337519e+00
-9.955665625552841291e+00 -1.282315271270864310e+00 -2.358469619223953373e+00
-9.499835720430057862e+00 -1.223552604986011927e+00 -2.408933058086122347e+00
-9.153795946658256355e+00 -9.808666677744775075e-01 -8.729852825507198322e-01
-8.468400073391432414e+00 -8.980311599664694278e-01 6.595174895928772596e-01
-7.934595279197655948e+00 -1.532586540846696543e+00 3.048856596465185365e-01
-9.763208742654652994e+00 -7.762651158490031511e-01 -2.453908948018247216e+00
-1.478525315562183362e+00 4.004271121330942762e+00 9.474201826026044770e+00
-6.670390206840441927e+00 -5.632484972086486685e-01 7.035724194775484497e-01
-7.907672367590936169e+00 -1.501847670360145548e+00 -1.721167915241572421e+00
-9.856164175030224239e-02 3.225413585829597807e+00 9.766025008381214789e+00
5.912469860229375707e-01 2.907338572160549806e+00 9.352644107732924539e+00
5.676258247645139809e-02 2.575164615515404876e+00 9.129996300514433116e+00
1.195228839075038296e+00 3.303171509833370489e+00 9.098137454100260868e+00
1.097251127836671891e+00 3.760702749264358768e+00 9.071481062198937906e+00
1.359204282273658748e+00 3.616793856151381714e+00 8.777761842599383968e+00
-5.726284818066260662e-01 3.881999455241245567e+00 7.298030326535184464e+00
-2.128941894347226249e+00 2.730392918286902670e+00 9.934313487501938766e+00
-9.799090015461898728e-01 4.219783983319651099e+00 7.558729996789492311e+00
-8.723756060964354964e-01 2.843889920646118341e+00 9.766012435526455704e+00
-1.523360460276334205e+00 2.806204822783786135e+00 1.012837775720284839e+01
-1.109218458863279883e-01 3.991578390688641953e+00 9.737394729993434694e+00
1.763653425923455753e+00 3.397698675991188022e+00 8.436757971926589050e+00
-1.354472114729677323e-01 2.969901732025952867e+00 9.604238136167735362e+00
-9.192693555944364547e+00 -1.356543507206090293e+00 -2.600917815601395233e+00
-9.003978819859501215e+00 -1.472644673476305899e+00 -2.700154388850670273e+00
-8.746455948643374612e+00 -1.691511924817125756e+00 -2.803896812624218970e+00
-8.287368935470183828e+00 -1.786726816185089772e+00 -1.135892565216110039e+00
-9.664814422634544044e+00 -1.173362054286695155e+00 -2.423917724685229480e+00
1.217235802445636894e+00 3.304935834575182252e+00 9.081207293419618409e+00
1.675231579089668577e+00 4.895515652964751219e+00 -1.240577258176132514e+00
1.405594032625102408e+00 5.223847481777267987e+00 -9.587694693697763615e-01
9.440773732832490328e-01 8.420914604250822055e-01 7.207104899011143040e+00
-3.533208680679294389e+00 -3.151290685826893534e-01 3.345269318371462575e+00
2.484316415447374471e+00 2.433984518261462338e+00 7.631599865264078630e+00
-6.146405728641454402e+00 -1.836677725774489067e+00 1.015163400785721537e+00
-5.068085453896383541e+00 -1.915189851422463896e+00 1.865658694868580492e+00
1.729001755255750172e+00 1.680262473660108169e+00 7.777861566648721414e+00
-8.512186719043016936e+00 -6.282310991641566478e-01 4.796754095643996352e-01
2.928776536790726137e+00 1.286042525494554223e+00 6.121414197225546694e+00
2.545860176108380113e+00 2.681112985533055770e+00 7.730458352353914542e+00
-6.424001778136290142e+00 -7.140696047934962376e-01 2.615205059419217992e+00
-4.533182117892850194e+00 -2.352246039447052350e+00 1.636608659515463193e+00
1.050688177989099747e+00 3.737582379659710519e+00 -4.439922033901655851e+00
1.706896225234740383e+00 4.019262838219315626e+00 5.565894985829554109e+00
-4.985255559103409340e+00 3.835305465098175492e+00 1.078894660858973609e+01
-3.162779050875551334e+00 4.261759426797961936e+00 1.118973705462861901e+01
-5.156415315661789123e+00 3.765530195610026443e+00 1.068539529557503087e+01
-2.581351426184868014e+00 6.984487250906646238e+00 6.052921174111970615e+00
4.808386681525325113e-01 -2.071101102758081236e+00 3.237571678943818920e+00
4.808386183945815295e-01 -2.071101131601651879e+00 3.237571680151046571e+00
-1.768246783098448072e+00 -3.624538822592791476e+00 -6.206836583180790345e-01
1.437266503292411901e+00 -2.831055378464419015e+00 1.446884816687385722e-01
-2.247863975639316614e+00 -3.228492665497433300e+00 -7.454636189949714886e-02
-2.247863957400966672e+00 -3.228492731218369993e+00 -7.454631309014243812e-02
2.844961503172987349e+00 4.925031689157552961e-01 -6.077890861587850857e+00
-6.087575328474855496e+00 3.566979323861418472e+00 9.950684502552581634e+00
-2.552074698557706522e+00 3.795928127834146792e+00 1.093005302859652517e+01
-2.928431111733029280e+00 3.910797473457396922e+00 1.148839358996482218e+01
-1.052901058727111483e+00 3.378618152659482288e+00 1.080534813644819181e+01
-1.149478647795142694e-01 4.816596213038031316e+00 9.971043571280887363e+00
-3.687272072646141652e+00 4.109380170051542436e+00 1.087725476579253581e+01
-7.732967527770706617e-01 3.464706158123954438e+00 1.095417428095047541e+01
-2.236643945261791000e+00 4.283787903289506538e+00 1.135130706218253849e+01
-1.718734334431879951e+00 3.615850432267945447e+00 1.112379410879987773e+01
-1.392038815929169671e-01 1.749742850554119489e+00 8.420614008499411440e+00
-1.921031676233555530e+00 4.402015967604427260e+00 1.080756612981736353e+01
-1.890738150853620958e+00 4.343615027037968090e+00 1.080812729962777397e+01
-3.246791778235164294e+00 8.367609709967696041e-01 7.359046751692275734e+00
-2.833285283459268999e+00 3.875078215235367995e+00 1.145087878662892145e+01
-3.417940031083667840e+00 3.968169681157707185e+00 1.137942040138369748e+01
-1.181669624580268696e+00 3.345119062530601095e+00 1.106932914487439135e+01
-1.042551012252923126e+00 3.606899122443481431e+00 1.112047921450940713e+01
1.128200556126571996e+00 5.043635136671984931e+00 8.663826639534487839e+00
-8.547387259926631842e+00 -1.698284993983409485e+00 -1.158754257072022620e+00
-8.423735551577536285e+00 -1.756286271921057462e+00 -1.229426250916941576e+00
-8.108029421737985132e+00 -1.995945691426586066e+00 -1.233368059522085503e+00
-8.521537236396468984e+00 -1.690438727675043440e+00 -1.176600554173405255e+00
-8.466124409384436333e+00 -2.542445534007950134e-02 7.406183836348010363e-01
-8.463473097127018008e+00 -2.624381356772650248e-02 7.361233681262472350e-01
-8.439929583502918220e+00 3.995836413638002571e-01 -7.558672822548654358e-01
-6.085076909954520552e+00 8.011032434394613766e-01 2.303596144825456271e+00
-8.689956718258967427e+00 6.504032703558412232e-01 -7.145474455038394179e-01
-8.689957636786269646e+00 6.503941236415715643e-01 -7.145432455931374216e-01
-7.371325597411717112e+00 -1.883340202115151962e+00 -4.536075126726998974e+00
-7.400902203451969363e+00 -1.854995022767506718e+00 -4.513095748059477330e+00
-8.277709985255064851e+00 -1.826846170484959231e-01 8.448870431019658289e-01
-6.072977698448502437e+00 7.980106600020372420e-01 2.298757315506894550e+00
-9.444189753740985793e+00 -3.665141451486792490e-01 -2.419929039704647344e+00
-8.368176552306119120e+00 3.146978620581573211e-02 5.304911102473172102e-01
-8.660450850794301658e+00 6.418372149222761891e-01 -7.448128364864502471e-01
-8.439925262365255421e+00 3.996486002983987151e-01 -7.558971278755826084e-01
-1.097643726663598684e+01 -5.506918755518277475e-01 -5.412820203388174711e+00
1.310575469501996437e+00 3.894813288298239140e+00 8.975314886501086775e+00
-1.707576532704405903e+00 5.632346180110853417e+00 9.944120275992304414e+00
-8.294630521343105301e+00 -3.110853438443434427e-01 1.246587820966753357e+00
7.609241058875204633e-01 3.968819632312437395e+00 9.529391790923588346e+00
-8.194883221901783088e+00 -3.708906195495090263e-01 1.315370893775869909e+00
-8.150989091553981325e+00 -4.499464540693272063e-01 1.423531281036812146e+00
-6.493871986306560373e+00 1.047263547090333535e-01 3.553194250529093434e+00
-9.746095507819479309e+00 -4.628348240169372629e-01 -1.301258924163512409e+00
-8.362125541955920838e+00 -9.641801787036051452e-02 7.374001729492500878e-01
-8.384576473218970705e+00 8.951323332838947988e-02 1.278997163833109907e+00
-8.174911876345435147e+00 -4.426188153885802778e-01 1.345487903365609972e+00
-8.373219424452306825e+00 8.525100337528748740e-02 1.273644165136887718e+00
-8.294881523677826607e+00 -1.601310521240377205e-01 6.871356735416822570e-01
-7.964981883638359683e+00 -6.568904463421050277e-01 1.458296944608790335e+00
-8.465471788630090089e+00 5.360766478584300110e-02 6.741123414885498155e-01
3.622496991110096265e-01 8.704690092625250175e-01 5.733861623590087220e+00
2.131737883807802159e-01 2.144511842500296694e+00 8.517641811886123904e+00
-5.270572152124125331e+00 8.066635690783476420e+00 -4.447445263745417598e+00
-3.456944868382707092e+00 6.564826298146513750e+00 -7.629885743302607715e+00
6.473820953844477977e+00 -1.157359412649913377e+00 -7.073993869443182980e+00
2.763430034714021488e+00 -4.902922976650597175e-01 -1.409868354229687526e+01
5.109671816350537910e+00 -2.825534959302621552e+00 -1.352018009634035600e+01
6.266838474363748190e+00 -2.793174602587456867e+00 -1.078813108792166453e+01
5.950519343838931441e+00 -8.852545973543258784e-01 -7.225133091522761397e+00
5.956313483839280387e+00 -3.836651852251640182e+00 -7.257873285160664212e-01
6.398312599082021102e+00 -4.372507112720066758e+00 -1.063209881191029460e+01
6.936074961990451371e+00 -4.412154006408569806e+00 -7.974423466879859923e+00
6.284159554188752494e+00 -2.311646353403175702e+00 -4.680258470196610787e+00
5.640867437370166826e+00 -3.492236175364037631e+00 -4.747626546127683866e+00
7.175107236539335354e+00 -2.970497233472782828e+00 -7.533750526236009826e+00
6.299880225440453785e+00 -1.438484846523091942e+00 -5.112196000220908587e+00
2.484260080371245571e+00 -1.047961051648764297e+00 -1.600961091462264108e+01
3.591021292653753250e+00 1.457766753342120969e-01 -1.076848377409152668e+01
7.228005894973002832e+00 -3.845953838679564640e+00 -5.692356220815862677e+00
6.525737886462306570e+00 -2.496354067917566866e+00 -5.351212898596770629e+00
5.211038567171756064e+00 -3.623046871898967680e+00 -4.448438776471612677e+00
7.718973284303165094e+00 -2.111158179272949464e+00 -1.656957524871818022e+00
6.122064720108332025e+00 -9.996345649922114829e-01 -5.893901021305044452e+00
6.258783784820939111e+00 -2.990257188425410995e+00 4.803867238680200047e-01
5.852533484368835026e+00 -2.218079911964684126e+00 -4.123125374415227640e+00
6.385275951763078162e+00 -9.029914021791757284e-01 -6.727824473828317942e+00
5.697788378220500327e+00 -5.247150419038617564e-01 -7.094501204591995069e+00
6.534827565519809589e+00 -3.418251890756772049e+00 6.890668198564428581e-02
6.242025889615059775e+00 -1.591861885216574013e+00 -4.660583858196566176e+00
3.070777862868180108e+00 8.505163057385715097e-01 -9.444028928753422036e+00
6.248092940163526343e+00 -1.287494699527739872e+00 -7.751715937262103395e+00
5.140682745650358321e+00 -2.194361829668689812e-01 -8.152103070294090870e+00
6.390120679911701629e+00 -1.180701822187523842e+00 -5.102743385950766708e+00
4.727366718041171367e+00 -4.494291077083107933e-01 -9.967574053544712598e+00
6.023675100547626116e+00 -4.887114409479309529e+00 -2.479911370393384829e+00
5.918614991770164480e+00 -5.580772050013425911e+00 -1.081321342207046321e+01
6.727773270416360418e+00 -2.753112799995533599e+00 -5.233803426188750052e+00
6.505568478506281060e+00 -2.097066743446507786e+00 3.165346132601442458e-02
6.781081789455442710e+00 -1.522606915421726992e+00 -5.931840711243140163e+00
7.209513059524965684e+00 -7.668020507400401087e+00 -5.672946865756429702e+00
4.841756347725734599e+00 -8.713378206307487162e+00 -5.480800569786247856e+00
4.839740293598967291e+00 -8.642064534544926957e+00 -9.229119986452685609e+00
5.745048625377725315e+00 -6.714444877992416849e+00 -8.005560133425518643e+00
6.987430408960323192e+00 -6.031926050854319321e+00 -6.912567886422800179e+00
4.335427999526218379e+00 -8.382168795306746745e+00 -5.164382845331434879e+00
5.737094970333087574e+00 -1.893844533741330771e+00 -1.063912509420169350e+01
6.789172246201015781e+00 -2.844034796664265397e+00 -7.991753853279237596e+00
6.729922727972753371e+00 -3.329428699250531754e+00 -1.010726930151929004e+01
6.717623614353749772e+00 -4.316519538357117547e+00 -6.028691259662953605e+00
5.400903502365737019e+00 -3.123340972698673279e-01 -5.475051519298698821e+00
4.642419508938485428e+00 -6.265312150062580798e-01 -6.456562813308903692e+00
7.476896566976925840e+00 -6.152359564776785028e+00 -5.087880480779513270e+00
7.019795313010858351e+00 -8.437585036662502702e+00 -1.187983157942089107e+01
6.210011209106773400e+00 -3.228790440229142522e+00 -1.375801543033469132e+00
2.133337486517726145e+00 -6.365766152509235276e+00 -5.639071377511763572e+00
-3.337703470987318788e-01 2.041376346783282614e+00 -1.455916294779616571e+01
1.151098938976122588e+00 3.100737977822767721e+00 -1.007227801577649196e+01
4.466066760204723707e+00 -1.655217660704513483e+00 -4.052330688859685281e+00
6.265059252986752369e+00 -1.649489359965595758e+00 -5.821026024784089259e+00
7.809148146934550283e+00 -4.477346708661278818e+00 -3.008318422336043074e+00
6.983348062955849755e+00 -8.236077525047234005e+00 -1.260708151562259083e+01
7.571101667167795313e+00 -7.691328411225269335e+00 -1.130073696888070067e+01
7.562342302602852229e+00 -4.816180061746232255e+00 -7.127763065772888318e+00
5.725069870357931912e+00 -5.751070750318310942e+00 -1.523304311585858706e+01
6.422480645693310564e+00 -4.986009432017422860e+00 -1.340604677088590790e+01
5.771731435172344327e+00 -2.958966977316794811e+00 6.662133159678582661e-01
6.336612927193979061e+00 -3.602472818606331284e+00 -2.541094125220602629e-02
7.474187269296605152e+00 -1.867224190276184359e+00 -9.834240099020679082e-01
7.122308921882732236e+00 -1.043261960027558999e+00 -5.629940553113630841e+00
7.338434171182735888e+00 -7.406109095805562426e+00 -7.593076988941154681e+00
5.244768217908051255e+00 -9.327703975986675999e+00 -8.743230143934749066e+00
6.714979477529606555e+00 -8.191265298563724429e+00 -1.030642247294320768e+01
2.655086302073403903e+00 -9.256987960145872663e+00 -1.239370121953978199e+01
7.338435572674630869e+00 -7.406107790534973923e+00 -7.593077264054785225e+00
3.900798231898524815e+00 -6.519639704970308536e+00 -7.627908378500837472e+00
7.338434804555507895e+00 -7.406108505918653329e+00 -7.593077113271910150e+00
5.753093011829081505e+00 -8.784345885887258731e+00 -8.885192392252486471e+00
6.861079579014001339e+00 -4.313854867459943065e+00 -9.642372219065942218e+00
5.429267868755009552e+00 -6.754470298231701086e+00 -5.281211028739881463e+00
-3.650536945621426721e+00 7.490128053633624994e+00 4.450795352194231724e-01
-4.816555406845414389e+00 6.662836299218225733e+00 6.376843871427602117e+00
-3.741085034096150785e+00 6.347524878254668046e+00 6.895134178162107830e-01
-3.729111411939791232e+00 7.551021365931595675e+00 -3.251330097772461292e-01
-3.957516270601492359e+00 7.004505554390441979e+00 1.674932161710861456e+00
-3.329182226224014496e+00 7.279279825220738687e+00 -1.062601704106517220e+00
-4.121856895333793069e+00 7.408943322488226180e+00 6.563026875457133036e-01
-3.497067506940763071e+00 7.457966014796843623e+00 1.365716590041083256e+00
-3.962839540552085538e+00 6.802029776352567225e+00 -5.922028046762284337e-01
-2.838320492239536641e+00 7.177786856802752524e+00 4.079246353980582107e+00
-2.604123309190919944e+00 7.292769169201648083e+00 8.123014314669242397e-01
-1.470745965770301478e+00 6.710575518920995464e+00 -8.102450971271926150e-01
-3.074308800033860756e+00 7.450974786559685370e+00 2.185963368389019390e+00
-2.861950700500399680e+00 7.108503976799056545e+00 2.969962863640350559e+00
-2.797803552089892065e+00 6.954982206348669926e+00 6.377788187681212584e+00
-3.389812195166364006e+00 7.281682207832979259e+00 2.750854075462947801e+00
-2.726547191805375636e+00 7.147506562958914067e+00 -3.361029925243795846e-01
-7.558237795005179116e+00 2.449156114451150057e-01 -3.404988924174692677e+00
-6.789740319814756120e+00 5.900159917694625111e-01 -5.810571843203806708e+00
-6.439907150323875840e+00 9.998458413595638916e-01 -8.472553044975013492e+00
-2.956423631212472536e+00 3.942265031739746295e+00 8.025981821918069414e+00
-4.637625886583239598e+00 5.814657317089060307e+00 8.557274863992219593e+00
-4.298349216556127672e+00 5.647797744570882905e+00 8.641245700716646994e+00
-4.458032690351998450e-01 5.679116192361209237e+00 9.429722474376868391e+00
-5.120141987700609576e+00 6.754120924313753882e+00 6.366590412566916157e+00
-5.127908471674160751e+00 2.834879846859374108e+00 2.559857162815052600e+00
-4.074101668378100172e+00 2.879743325518879793e+00 3.253250176181215814e+00
-3.090933201595401858e+00 7.201600119734727024e+00 4.747870302374955109e+00
-3.930118127899732361e+00 6.353058368206295548e+00 7.611363041632841941e+00
-3.761957746665397284e+00 6.663900928513136535e+00 7.367305823331719239e+00
-3.594945798199388420e+00 6.079891256309752912e+00 8.853559081974342604e+00
-3.163259985277095065e+00 6.595279891758843327e+00 6.999667117956886564e+00
-1.577708351392997699e+00 6.733658213743372478e+00 7.393744801681891410e+00
-3.045741832888579026e+00 6.675904893017151842e+00 6.190738734175575075e+00
-5.428300087042591038e+00 6.806076465050202806e+00 6.076061144968645245e+00
-5.235106021342073035e+00 6.067076597646378744e+00 8.017179412757927892e+00
-5.392902319478643847e+00 6.907963183009333541e+00 5.773508747042973788e+00
-3.315671856971145193e+00 7.095348351847188262e+00 5.216073067908248539e+00
-4.734394041511576390e+00 6.678416609225838130e+00 7.011686099105498116e+00
-3.931143752730747121e+00 6.047635628186966095e+00 9.020495150287707986e+00
1.015721335519487623e+00 5.759596036476662739e+00 1.215591459581347067e+00
-5.151667500909924868e+00 6.340738549086540665e+00 7.562868507365966053e+00
-2.137663974157051339e+00 6.903860964219645346e+00 7.105517529096980311e+00
-3.560688449685399437e+00 5.553655091737029537e+00 9.770005724428953542e+00
-2.665245235581650274e+00 -3.572392561716896342e+00 -1.255283236417427162e+01
-1.467909344449578768e+00 2.979599885124430525e+00 -6.463579678701141695e+00
-2.205040682581635547e+00 -3.030752103435851108e+00 -1.152836943175344331e+01
1.222678184053799244e+00 1.771590571759803501e+00 -8.959115237112349917e+00
-1.885170006324067282e+00 1.741034752706399402e+00 -8.480466682064006889e+00
1.994198374913800365e+00 -2.957317476495400776e-01 -1.189067831393892938e+01
-7.611061165310235133e+00 -1.872506845252003949e+00 -2.311457121226942490e+01
-5.035907655662024140e-01 1.501951418302805541e+00 -1.683761769377571582e+01
-7.138170031121759962e+00 2.010171472269846049e+00 -2.255330383018577223e+01
-1.524722629240413907e+00 3.897008353545937442e+00 1.115819681694209997e+01
-2.934230544393511497e+00 3.912209463690649702e+00 1.141757286417627881e+01
-1.442763779220735287e+00 4.081696859727547810e+00 1.073276399964483829e+01
2.716591959281593471e-01 1.931330379723660284e+00 8.571811330157096620e+00
1.396741996398503716e+00 3.804406649111624628e+00 8.728541514145186753e+00
1.015809387381173545e+00 3.126667312054730363e+00 8.634337150436374841e+00
-1.256729680159836882e+00 6.070200939342819346e+00 9.291315409734391295e+00
-1.774739337850038234e+00 6.121748681244459256e+00 9.366554865383573514e+00
-2.722050462026260664e+00 3.968697105249801016e+00 1.142091389939626644e+01
-3.057076596872739582e+00 3.911329419323653855e+00 1.146856128226682081e+01
-2.676170579464068666e+00 3.921506146432201856e+00 1.145903581117104508e+01
-2.480203098378809035e+00 3.938958659261910800e+00 1.142660136223035749e+01
-1.939733734933936304e+00 4.126031943168625205e+00 1.117988758307988739e+01
-1.950131169174145418e+00 4.127226969642690868e+00 1.118066213701064626e+01
-2.386373639809778791e+00 4.131934797240257140e+00 1.143282924884510976e+01
-3.509245261868222610e+00 4.053029367153373030e+00 1.133730855231827128e+01
-3.275706062455617573e+00 3.982210188603237722e+00 1.142429003674052979e+01
-3.434490118903227085e+00 3.954165451583976143e+00 1.138562497333663615e+01
-2.153732752764200953e+00 4.255397240412960969e+00 1.112746987694527689e+01
1.443350099527365704e-01 1.027088560985577548e+00 6.754051579448701048e+00
-4.213120192019537136e+00 3.327427306136809371e+00 7.230795361212225991e+00
-1.446345086318413964e+00 4.009702213356652223e+00 8.486372070640376464e+00
-3.256457356640569678e+00 3.212644053555960610e+00 7.181142736389141135e+00
-2.315316547413666104e+00 3.861194568101465219e+00 1.027576638077198545e+01
-1.094055015270424480e+00 4.349812443803569906e+00 1.015936217386589924e+01
-2.517136072072696074e+00 3.775089996973216788e+00 1.066338337726879537e+01
-1.225236587104113095e+00 4.140212685551264649e+00 9.874216263681251604e+00
-3.090199163318177789e+00 3.408509730814849537e+00 8.898421124832623264e+00
-3.375459576108081006e+00 3.729042240547423948e+00 1.132068696658682505e+01
-9.060135696834128449e-01 4.328530915175464067e+00 1.031431577030702407e+01
-2.608081621411320938e+00 3.595914868268152098e+00 1.148058506976910564e+01
-1.911445441630964970e+00 3.902276406887625004e+00 1.131358054988171524e+01
-2.981775694832893731e+00 3.917161965282445646e+00 1.133797251261201033e+01
-2.551707338705058614e+00 4.010297641209128905e+00 1.131118171360686731e+01
-1.983381629739925600e+00 4.193537787954107365e+00 1.109936417901855954e+01
-1.444675432904987344e+00 4.392759420585013785e+00 1.061103426219509061e+01
-9.684700869678273261e-01 4.232356779950811720e+00 1.038545836183497073e+01
-4.625112265903593922e+00 3.332592327606576088e+00 6.409627232956733422e+00
-9.504696975490442012e-01 3.599476794742737962e+00 1.080109281417594325e+01
-2.432232380687048501e+00 3.736792342656202859e+00 1.145506033092001630e+01
-1.695306366372449025e+00 3.899237209358877188e+00 1.118380551327414807e+01
-9.376525826099604277e-01 4.084054522447169155e+00 1.050212377825820376e+01
-3.754089004312056055e+00 3.862426427856311850e+00 1.133956371683388653e+01
-2.514727818325763309e+00 4.165321717212918884e+00 1.130091719012272300e+01
-1.271611038346684763e+00 3.581516914354079262e+00 1.099653027741134714e+01
-1.372978914736021183e+00 3.784824526036409509e+00 1.107278112743298593e+01
-3.091630603998053672e+00 3.642852733562460976e+00 1.147380956044568556e+01
-1.389836113498557957e+00 4.050914425944471375e+00 1.099190658751659377e+01
-2.559082774061306687e+00 4.094536776587370142e+00 1.132304597302931093e+01
-4.370945752363511794e+00 3.824144582367198897e+00 1.107972846452833160e+01
-2.632037097278940418e+00 3.322823045349172055e+00 8.895948131832271955e+00
-2.779827857294132176e+00 2.721758958577774834e+00 1.049195160025501572e+01
-3.105568371654649606e+00 3.475742577962695368e+00 1.133892147329543931e+01
-5.050787385948386721e+00 6.689239952842784831e+00 -6.524907004541851130e+00
-5.508607670849722027e+00 6.990690810257039089e+00 -4.818949916927919297e+00
-2.575112379583007982e+00 4.093574111122926240e+00 1.137306517237384007e+01
-4.329706877636046336e+00 3.831922732741898319e+00 1.115355515304064227e+01
-3.172316336646719748e+00 4.125750700356639378e+00 1.136853261615725508e+01
-2.858382478043626218e+00 4.248021481202838068e+00 1.129036133248866669e+01
-2.060503518110551102e+00 4.421420485141171142e+00 1.090806487781334511e+01
-2.789875390085097440e+00 4.279831754063612159e+00 1.122987837506649456e+01
-3.548055510605314655e+00 3.432614237727869444e+00 1.128365804602244538e+01
-2.118420400341070486e+00 3.748640205644062195e+00 1.130884032803955108e+01
-2.519303121800100076e+00 3.668513895685003856e+00 1.140503133566984317e+01
-1.369459127208946692e+00 3.928090520656926543e+00 1.083924503166591435e+01
-1.039921046522887194e+00 4.000071997500828758e+00 1.055489049494496179e+01
-2.310437568640946626e+00 3.480243378457074321e+00 1.128325446495881579e+01
-2.627308786035285948e+00 3.639559107148973016e+00 1.141693200533563513e+01
-2.273006081122553645e+00 4.346133940099988990e+00 1.124497183508470144e+01
-5.556428811730331763e-01 3.872339987833584463e+00 9.607768657857668870e+00
-7.384761621869556647e-01 2.491914261320816504e+00 9.792590983542179828e+00
-1.137815692017594360e+00 4.250508918831026328e+00 9.336933986296717336e+00
-1.263600848250687969e+00 4.221337290662118491e+00 8.303429753766449650e+00
-4.275638412648897102e+00 3.685331590947327651e+00 1.081740261261234615e+01
-4.386599309454610740e+00 3.695232014207947557e+00 1.082133022688706880e+01
-3.384485628525341738e+00 3.923570029596139985e+00 1.140245954835590680e+01
-3.348273611923657356e+00 3.494286664809185705e+00 5.457269248456197985e+00
-1.389306625414151064e+00 4.376712052777560480e+00 1.061526142813533546e+01
-2.920060353601138026e+00 4.333178996243978176e+00 1.117328039082857671e+01
-2.660336006187734803e+00 4.152546294312156050e+00 1.095621475461156713e+01
7.146257063824872802e+00 -3.327653918801120714e+00 -6.612534893848078354e+00
7.459973497779404994e+00 -4.939210757891124182e+00 -9.938538525521078526e+00
5.136466983069940540e+00 -5.424681954310120346e+00 -2.856161910557035721e+00
6.479955103183387521e+00 -6.347920547777511580e+00 -7.783144387202698411e+00
7.398558666292294639e+00 -3.053586044994543336e+00 -7.263316839223690202e+00
5.648666903233721115e+00 -3.416668310973123734e+00 -1.186415221850250568e+01
5.651796171321159079e+00 -5.482934524662115727e+00 -2.512768395320945647e+00
6.570228671326312053e+00 -5.067604405608276963e+00 -7.748655427656646388e+00
5.954822002853582319e+00 -2.408975882831772886e+00 -8.181670477455435631e+00
-1.183972510305621728e-01 -5.298559152234837200e+00 -1.637612189560014997e+01
6.534569296227438207e-01 -4.957569955509276483e+00 -1.424210153161200409e+01
1.530618498251536730e+00 -4.219349655264692522e+00 -1.539443463405596191e+01
5.886089662424553559e+00 -4.798131304103018024e+00 -3.753022973582692767e+00
2.162202254835815740e+00 -5.672203254536513306e+00 -1.129322156321186377e+01
4.456901104928117086e+00 -4.388106567846004502e+00 -1.228964201374929388e+01
4.793022870861486595e+00 -5.871637450621824961e+00 -8.844833659579320440e+00
6.141625490725970415e+00 -4.784126204450386055e+00 -1.267047467751532075e+01
2.871299645468833095e+00 -7.550906223400977169e+00 -6.909667984142148889e+00
3.189716772772256626e+00 -5.620996540199252323e+00 -1.075087683695197072e+01
7.702506666093454912e-01 -5.069333601155141977e+00 -1.638902781741801107e+01
9.435194150582340011e-01 -6.258418029617507372e+00 -1.436683119547834231e+01
4.537650884791083250e+00 -4.637184034984027647e+00 -1.462220980078956600e+01
2.827438115749495662e+00 -7.327548766116947832e+00 -7.569724931189393047e+00
3.640315817688812405e+00 -6.696196013884960330e+00 -9.629692795017444240e+00
2.685039750640761391e-01 -6.961933644462231285e+00 -1.324877154594499906e+01
4.490157681165909409e+00 -6.953678405381777949e+00 -1.147563083313233356e+01
3.839704848492878853e+00 -7.896859870125020109e+00 -1.031962045379990123e+01
-4.361435223273794626e-01 -4.401668259326544153e+00 -1.435023336915767445e+01
8.489115289004215414e-01 -5.239896644954067817e+00 -1.112949240822322849e+01
5.896756993583332829e+00 -3.461563243402578927e+00 -8.370908155943018514e+00
-2.349772317526043430e+00 -5.546049211337098939e+00 -1.836208574250109038e+01
5.309480293641894555e+00 -6.277225088462021318e+00 -3.634082129455499466e+00
6.301666086159533720e+00 -4.470621350427700591e+00 -1.187408698753100289e+01
4.709186649468895536e-01 1.703223938770892065e+00 -5.952278270339701471e+00
3.628976003580089760e+00 5.339693345473625063e-01 -8.665757315869063504e+00
6.120631361654004898e+00 -6.446949286068336171e+00 -1.096566904063094050e+01
6.555360815635085103e+00 -5.847624626587482943e+00 -1.162889932124842929e+01
3.826901473971305645e+00 -3.906726683481062334e+00 -1.484649854404409197e+01
5.548724161215279338e+00 -4.983444931804397626e+00 -1.369946902444120873e+01
3.895133778104088229e+00 -4.565695308627213400e+00 -1.542848025991895788e+01
-8.625529767391888480e-01 -3.766304808418856176e+00 -1.357102280477682044e+01
-3.547523849473946722e+00 -4.152053437696030080e+00 -2.007869677559200383e+01
5.927640139473890457e+00 -4.473352855459146404e+00 -9.549136109756330981e+00
6.563926724489649089e+00 -6.668403022481707687e+00 -5.185834412325833753e+00
4.180857431492493781e+00 -6.496971656713498966e+00 -9.020829808616394274e+00
2.775524883997037229e+00 -7.750175873151838424e+00 -7.480596455393071942e+00
-6.036212540129130666e+00 -3.553940108855734525e+00 -1.718587460645390408e+01
-2.869495233104198295e+00 -6.786722711280150644e-02 -1.075060532125461243e+01
-4.085326097207515161e+00 -3.093512650736087277e+00 -1.425304728450954883e+01
-3.410379730599340409e+00 -2.352673171727077683e+00 -1.572227075735265878e+01
-4.227457402568787437e+00 -2.952321568078315916e+00 -1.682353544189410499e+01
6.092951414334269344e+00 -5.496898300853770181e+00 -2.716977946747864525e+00
7.796831790936188611e+00 -2.952147286311636254e+00 -5.101809791423995932e+00
7.718206347007084744e+00 -3.802902594003207959e+00 -5.771825364531373737e+00
-1.054976692074957034e+00 -5.557375950948376442e+00 -1.768167534327506729e+01
5.850699389171754916e+00 -3.613703775305325827e+00 -1.056895993617063212e+01
5.312485246037243591e+00 -6.971115652237810600e+00 -4.491399618727085041e+00
2.095615607813585246e+00 -5.705055964925045409e+00 -1.918048919461657675e+01
2.003253172236846513e+00 -4.529331940397117506e+00 -8.734385594977725376e+00
-2.222428056503465310e+00 -4.972506791448947361e+00 -1.741950354238326426e+01
-6.650121082284168317e-01 -6.882440193419146368e+00 -1.541682853958773336e+01
-2.511505671866338663e+00 -5.719660338881752182e+00 -1.869679320865678562e+01
-3.232794882066040376e+00 3.191841955709181722e+00 1.056234448801263959e+01
-2.553613741822015726e+00 1.699543005076365132e+00 7.087897716421290184e+00
-3.275747118208756525e+00 2.785853349797920764e+00 9.383600036403258571e+00
2.334675302644236616e+00 2.190315690286160688e+00 7.512958722133673106e+00
2.313366434379929615e+00 2.355178351837308171e+00 7.228796692722562867e+00
1.520938618445287105e+00 3.175829561128417744e+00 7.512061274399013833e+00
1.678030320203445891e+00 3.684922268301561665e+00 8.733045844378203526e+00
1.362933071708169575e+00 3.095504246500915269e+00 7.841661860624006941e+00
-2.622320067773467933e+00 3.028969221690442915e+00 1.104696433302592240e+01
-3.785324504572911586e+00 3.331026999983317083e+00 1.104298337934912055e+01
-3.188687669188460028e+00 6.686051519846047952e+00 7.557814745222883879e+00
-3.517333693745448464e+00 3.357296341936425232e+00 1.126278364322129732e+01
-3.349940161089234980e+00 5.284487747190556917e+00 1.037345269114978130e+01
-3.159401327279548255e+00 5.790300578729151049e+00 9.759936478949455818e+00
-2.859010724506547696e-01 2.188965384281719384e+00 9.193301381715789589e+00
4.289071142771296308e-01 1.841752663088016773e+00 8.026963945661520938e+00
6.027876976257694475e-01 4.154411149951092952e+00 6.174775192386968037e+00
-1.443897130095854076e+00 4.248558904564543326e+00 9.999017759674302397e+00
-3.976121588251410710e+00 4.391591057364610862e+00 1.040097524925663386e+01
-3.642306195610486075e+00 4.502461877011415758e+00 1.022756455534495323e+01
-3.392613624623229018e+00 3.021031139028485857e+00 1.083509969433787212e+01
-4.763361065689202256e+00 3.374142532497115265e+00 1.068956040046169065e+01
-3.476373691947965305e+00 3.244527964883493265e+00 1.092341506277625918e+01
-2.965252578739303591e+00 3.325291909604681351e+00 1.082160356236479792e+01
6.127278905231984402e-02 3.247449830663727610e+00 1.019455586045963358e+01
-8.701710504727926399e-01 3.803169042532327015e+00 1.082836375956482655e+01
-2.680064817428251978e+00 1.881264356889363887e+00 9.297948023650533855e+00
-4.512289290270044440e+00 3.516204696275808672e+00 1.078689457188385248e+01
-2.885494737304292290e+00 2.340504082976119449e+00 1.002193058020068506e+01
-3.175123606168398727e+00 2.756912225663847416e+00 1.009818275972750001e+01
-3.825063370316047706e+00 6.338441017555285661e+00 5.535642332159234513e+00
-2.805513592062875095e+00 2.604546288192051140e+00 1.058684582246235450e+01
-3.251150655860649774e+00 7.072427447068304618e-01 7.167974833048400107e+00
-1.839387241355502800e+00 2.234869122942180653e+00 9.783890847390290801e+00
-2.559050056786228211e+00 2.399201362374371538e+00 9.957531769140571143e+00
-2.543449206212102354e+00 3.116340288013836002e+00 1.111885467034796449e+01
-2.162011873919620353e+00 3.066000301618114765e+00 1.104980369326784917e+01
-3.705803137993948226e+00 3.448524070461134627e+00 1.124158247208658068e+01
-3.069385560326245876e+00 3.324160270176079734e+00 1.128957816152461646e+01
-3.737488036836548844e+00 3.421146874876324517e+00 1.122850265978826023e+01
-2.122039161501678706e+00 3.212201352563247347e+00 8.023677554764846676e+00
-4.635381279826746415e+00 3.871798244734166783e+00 -2.109500755434108310e+00
2.751271757986536309e-02 1.562459224996158635e+00 8.319438615204660437e+00
9.441852996011838861e-02 1.094815044726598741e+00 7.408567307106587840e+00
-5.012044421603395472e-01 2.648246447821754224e+00 1.000079609692861560e+01
-4.979439737731299886e-01 3.029659033170161830e+00 1.036724072078279058e+01
8.121049456250634124e-01 1.101669353032954435e+00 6.823436526877102004e+00
4.820262839650760744e-01 2.576449074897484426e+00 9.209368669823067677e+00
2.164928766701419427e+00 5.354897836743836237e+00 3.488791684765699230e+00
4.866845719580048524e-01 1.593175761451577133e+00 7.905764982924223361e+00
2.626885859599027984e-01 1.582236898334550057e+00 8.094148059770368775e+00
1.669184540195547961e-01 1.904289848775198246e+00 8.633494288699289143e+00
1.564769499524298668e+00 2.177283142968221785e+00 -7.704819454501459219e+00
1.885952978739834585e+00 4.869808784506862942e+00 4.427235054590800800e+00
1.195208943713618410e+00 5.124158547143877307e+00 6.976081144685355895e+00
2.261818721750666228e+00 4.620404961632773144e+00 5.953216490176799880e+00
-2.314173190769093225e+00 2.868771332685082776e+00 -7.136503439196208554e+00
2.296997162211839694e+00 5.323880944386165659e+00 2.770576764107850032e+00
1.722584645194515929e+00 5.196652607627139986e+00 -9.818182568248182140e-02
1.104228976472602319e+00 5.779725955051456587e+00 -1.154319367935534801e+00
2.400278548660569888e-01 2.110316732129307482e+00 9.017938014418465542e+00
2.794495929913466181e+00 4.596044924207787652e+00 2.559425938807248446e+00
-4.265634527717249824e+00 3.598139900615237696e+00 1.081377768918996551e+01
-4.453211877179262146e+00 3.615971024579766713e+00 1.095285501059243316e+01
-4.560909937569384454e+00 3.576089505811206770e+00 1.089083983360612429e+01
-3.118257315095975368e+00 3.175498174982102739e+00 1.105857177809652470e+01
-2.129215706069708183e-02 2.417415304512042340e+00 9.746257285074316101e+00
-5.021904139780828835e+00 7.311373074335481448e+00 8.858357628803382733e-01
-3.681556556984912465e+00 3.045278952028629416e+00 1.083163475220776917e+01
-3.748761444933500719e+00 3.224777332112068962e+00 1.104531328357578346e+01
-4.717179971563879803e+00 3.485371663399644326e+00 1.077554815432014657e+01
-3.291477092662960402e+00 3.120028978944848319e+00 1.107440517008303971e+01
-4.022955678776526156e+00 3.146942421689280511e+00 1.083714399694416919e+01
-3.089096780916184670e+00 3.296360538625671133e+00 1.118339938914039955e+01
-3.369537984829798827e+00 3.282880542171343397e+00 1.113874690477362783e+01
-4.569824988919018338e+00 3.687425457380394178e+00 -2.739652312544113233e+00
-6.738564810135925676e+00 3.927771665556531566e+00 -7.568551771420706231e+00
-3.524596444702976505e+00 3.342529955182468981e+00 1.066461653801464493e+01
-3.319052297302911736e+00 4.209258590598161653e+00 1.092413978928270879e+01
-4.025852214463597534e+00 3.447131871370659351e+00 1.109987198232274785e+01
-3.685064207536726588e+00 3.504527402205755315e+00 1.107996544580793241e+01
-9.235009791570121251e-01 1.325771296495686480e+00 4.583545919885694708e+00
-1.808773595540521084e+00 2.886687093829026107e+00 1.014456988790433201e+01
-4.505055615578244854e+00 4.775689065254945298e+00 1.029990199670231732e+01
9.715393133996425012e-01 1.921215582650340092e+00 6.985845339585554647e+00
8.906418274465263130e-01 2.579078127504678797e+00 7.966729924465412616e+00
-3.385557802007340022e+00 3.816139941914744593e+00 1.063979046304777576e+01
-1.650800006267370224e+00 5.461190973028458018e+00 1.033056648742778449e+01
-4.591066031726881214e+00 3.878742357227106474e+00 1.064072304387509860e+01
3.664866889553250462e-01 5.039027887812560280e+00 6.316870935194535797e+00
6.985089408919777920e-01 1.487385638508739394e+00 7.685248593157730568e+00
6.194845733037260271e-02 1.090462853537169874e+00 7.516688737656005870e+00
2.688358959808120563e+00 4.266317637098174131e+00 5.900460543953666814e+00
-6.047726629570955303e-01 3.588686843623899669e+00 1.055272913318727390e+01
1.463631647567510186e+00 5.139969999559669489e+00 6.204655652363122442e+00
-3.432153486431656741e+00 6.102365566434882815e+00 8.786504639339792533e+00
-4.218016490214057335e+00 6.207625237495030035e+00 8.515507492118141286e+00
-4.523269875375755866e+00 3.693592801514601565e+00 1.075838716858826594e+01
-3.096003809879764646e+00 6.192375876115957745e+00 8.983849098779481679e+00
-3.492588830123859900e+00 3.411232580995336328e+00 1.128690289214934950e+01
-3.096003809878922652e+00 6.192375876116487099e+00 8.983849098779554510e+00
-3.747120058787496433e+00 3.632833916143666908e+00 1.130767849254941027e+01
-3.645594871688084826e+00 6.368531772222794984e+00 7.330312889629256645e+00
-3.082844625908879976e+00 5.864372071681488663e+00 8.789260083459259576e+00
-2.671360405571966190e+00 5.985317910165298905e+00 8.824723485334434514e+00
-2.289241938141171495e+00 5.352373247570050729e+00 8.049336424704202742e+00
-1.896221598489230331e+00 5.919679934762429596e+00 8.926128779235344979e+00
-3.384836381392842597e+00 6.167530738929482226e+00 8.887083244333245702e+00
-3.404535120601774434e+00 6.132533890531486342e+00 8.944959313429853509e+00
-1.683399198912802985e+00 5.462469492693150741e+00 6.604448579132457198e+00
8.918078326746169404e-01 3.898304735703614909e+00 6.443673926899450954e+00
7.040450335331978060e-01 3.978420291017140897e+00 6.623330589131896318e+00
5.449585220270465324e-01 4.478629769407859840e+00 7.023607093717687100e+00
-4.125117515043972283e+00 6.126201821849808660e+00 8.670046243088311400e+00
-2.777941522324802293e+00 6.111692548638363753e+00 8.724453899053029815e+00
-3.453761553526681460e+00 6.003938843101717993e+00 8.905888788736568529e+00
-2.917424832760139530e+00 6.033339926522688579e+00 8.888265267612359466e+00
-3.618674692656563607e+00 5.925849360838018498e+00 8.813681777082384983e+00
-6.337680876154270670e+00 4.399665284809277210e+00 -7.785798400299005273e+00
-3.690153005219179772e+00 6.364018589101209322e+00 8.226318417952009909e+00
-3.427089763269659972e+00 6.265932300180118375e+00 8.412949872949546659e+00
-4.606597141144296081e+00 6.649635498486384577e+00 7.082721272492120690e+00
1.091632978869144566e+00 4.881314293197752008e+00 6.517426832122891867e+00
9.471653157147307267e-01 3.374820337246579260e+00 9.507311152115111241e+00
1.133479059922796406e+00 5.628259365074677945e+00 7.707303986523120543e+00
-4.216987916087739374e-01 5.666532927713417322e+00 9.640138495279922282e+00
-8.632832481647272349e-01 6.242354696664364155e+00 8.561452978489491272e+00
-1.079960090795952343e+00 3.891508614975061064e+00 1.095149042315208732e+01
2.148560511803084688e-02 3.352051862103320623e+00 1.031436045122528711e+01
2.510538073706796158e-01 5.717090213135943344e+00 8.403671309578317761e+00
-3.710178743822257097e+00 6.133152206007534524e+00 8.665144968696690597e+00
1.856984835857501182e+00 5.037492305282387228e+00 5.058419879000416230e+00
-3.241215421306510081e+00 3.529529951347750938e+00 1.078298734636649847e+01
-4.063620131794641210e+00 3.350732321734063213e+00 1.090877309623466296e+01
-4.140158786187504880e+00 3.353905212380355660e+00 1.087992805153128906e+01
-5.529296498551621752e+00 5.877110869795966197e-01 5.243706432913340265e+00
-4.250269099230993497e+00 4.778343829502633255e+00 1.042390366888000131e+01
8.110029185969537480e+00 -7.107133851614319653e+00 -6.236824984258340976e+00
7.612295467500348245e+00 -7.750661232235036557e+00 -5.700285176057766634e+00
6.722542288537270316e+00 -9.798264649074010180e+00 -8.548195265372735108e+00
4.402735874902040436e+00 -1.041878536352809093e+01 -1.551916085458009675e+01
5.956902649286887064e-01 -5.677130166422180046e+00 -2.171821499345908180e+01
-1.940424381293878620e+00 -2.105512215812041787e-01 -1.900364271171809705e+01
3.671276135807907792e+00 -1.067301668737878906e+01 -1.524431531615033286e+01
1.328828051046043734e+00 -5.451213744299834296e+00 -1.986346992562811664e+01
7.891494419363500157e+00 -6.405860759609260491e+00 -7.972136623842846603e+00
7.504358821491970311e+00 -7.096987672257101920e+00 -7.261716686580962588e+00
6.198392792081494740e+00 -9.511530398707121137e+00 -1.338843612887674617e+01
5.201770181147287175e+00 -1.075916285320851351e+01 -1.223555772429705613e+01
6.490501250097504560e+00 -1.002590585490138864e+01 -8.288340111850883929e+00
4.311904235567419974e+00 -1.072824462677323787e+01 -1.543253034336070151e+01
5.871395720656382267e+00 -1.037261325488507246e+01 -7.968900185773213352e+00
4.020364101273367297e+00 -1.115660889387507915e+01 -1.539325760244718566e+01
1.909004095434602366e+00 -6.861423907194351912e+00 -2.005198754465714828e+01
3.986507214863409754e+00 -6.201562166187112979e+00 -1.540632699441686881e+01
2.748282915959532335e+00 -6.720378935207858007e+00 -1.648228350606719061e+01
6.157213433504042044e+00 -9.852908547981639842e+00 -6.980664847881397073e+00
6.592643138705803096e+00 -9.560026366816654075e+00 -6.823733170272062942e+00
5.268729892484413035e+00 -1.024813559522024953e+01 -7.398026438419105233e+00
7.450687721255972562e+00 -6.055854625897374888e+00 -1.059655223389593459e+01
5.542685159713328424e+00 -6.637489761883567319e+00 -1.580502868231744351e+01
6.977952723781695177e+00 -5.980875171639935317e+00 -1.162922041942094431e+01
4.916536345866012958e+00 -6.368325181835864157e+00 -1.681374295896055315e+01
8.028000872445540281e+00 -5.398968897179962312e+00 -7.735897912164242385e+00
6.704932705178074492e+00 -6.262208717758028342e+00 -1.359022499067995327e+01
3.424934551696292573e+00 -5.774737392498854760e+00 -1.872445705252317794e+01
3.227481658465068737e+00 -8.933324928600285375e+00 -1.355112533887307258e+01
7.478981042212795138e+00 -6.779518150973500745e+00 -1.019490351914117987e+01
6.629754497774310806e+00 -7.899579204736679294e+00 -1.152850313978918173e+01
7.399078021677493844e+00 -8.572912550215418648e+00 -8.146405027544622257e+00
6.434612411567882440e+00 -7.280533847178808138e+00 -1.250102345342813237e+01
5.204017585319949291e+00 -6.693075642513129253e+00 -1.634431535325905571e+01
4.212173117123410471e+00 -6.385725355689316984e+00 -1.778145438937717771e+01
5.007004934785076244e+00 -6.639032932692498612e+00 -1.665154681492458977e+01
6.294879821210324522e+00 -7.488923008058509190e+00 -1.454808265538560441e+01
7.593415365963800845e+00 -8.175811273993470962e+00 -8.145293363061041347e+00
6.998711960543870347e+00 -9.117874806382214814e+00 -8.216523265131797871e+00
-3.517181819236602891e+00 3.683719029682320567e+00 1.133922943379015535e+01
-4.373546714185367890e+00 3.619272493139278346e+00 1.105349053278307814e+01
-1.220500331604260680e+01 7.265914636469732457e-01 -9.280203377667223918e+00
-1.692853770688267590e+00 5.258538230285871862e+00 1.003437201399070844e+01
-1.774683883494232450e+00 4.927560911235626229e+00 2.784728504233786595e+00
-2.077885208200794587e+00 5.011906886816262841e+00 7.101726945053922213e-01
-1.786044878537135894e+00 4.933263744671106288e+00 2.780415595528542561e+00
-1.178922531607251045e+01 6.568591768037046474e-01 -9.218094695513586956e+00
-9.779925879817746859e-01 4.887429616564155310e+00 6.832640338323432871e+00
-2.000298428455287159e+00 4.027642907670977657e+00 1.093159291413125622e+01
-1.329941039655936130e+01 2.346249338625677083e+00 -8.063503221042905622e+00
-1.926249930853221715e+00 4.004950258390358009e+00 1.087684784191757359e+01
-2.080426291711971576e+00 4.049716575053024847e+00 1.095128304705233369e+01
-6.002233975570185898e+00 3.783332138775603593e+00 9.952954568401086277e+00
-3.471141802187672099e+00 4.317086176638269102e+00 1.116568228950137609e+01
-4.379648962206164065e+00 4.018951460066428005e+00 1.106088966304843879e+01
-6.033876700100921475e+00 3.619528916277864994e+00 9.973991304699101335e+00
-3.987866897114730858e+00 4.138461843231817205e+00 1.116097626597957948e+01
-4.052351573138938789e+00 4.117604879900095050e+00 1.114807272055298171e+01
-6.002570625411498995e+00 3.600545052366728171e+00 1.000581069377573762e+01
-4.050510641708408244e+00 4.089162468581402088e+00 1.114215915432725268e+01
-3.934284171557200782e+00 4.100281594699359822e+00 1.114765344339201114e+01
-5.088996756437971669e+00 3.798518017229531640e+00 1.072446658165801736e+01
-6.033880060664945866e+00 3.619574763125635197e+00 9.973976165556123874e+00
-4.348294065375614359e+00 4.068624639206200655e+00 1.107034634413905749e+01
-3.987201177598543200e+00 4.177239173901930336e+00 1.115784374466534246e+01
-9.721992355618205295e-01 3.480239387229802972e+00 9.685940483939704748e+00
-5.910988888781417927e+00 3.562487853058887488e+00 1.005272856083302990e+01
-2.357139391374323711e+00 4.441153230105921779e+00 1.101270961767407108e+01
-6.045865343580633322e+00 3.600610340355891115e+00 9.989454674813492474e+00
-4.588963196623547347e+00 3.905965558181621500e+00 1.095963889717797990e+01
-6.012211885427095837e+00 3.585049976904266522e+00 1.000806227288532391e+01
-5.518490290090781514e+00 3.770266723329056546e+00 1.035571630507242702e+01
-5.962229232104478527e+00 3.584416079055600335e+00 1.004409740970927167e+01
-5.505989417855854384e+00 3.771277444017991254e+00 1.036578086591443082e+01
-5.608733612340584429e+00 3.610118805330779335e+00 1.031440027700392648e+01
-2.628468100263265050e+00 4.242007476570356594e+00 1.117664003856004662e+01
-3.216469567674776542e+00 4.108819012886603339e+00 1.133687322568957612e+01
-2.440547666503966706e+00 3.426734927651795104e+00 1.122012034494201060e+01
-3.973535657496767737e+00 3.699425046086202595e+00 1.115501936378699099e+01
-2.037492389826690342e+00 4.114754314626368981e+00 1.092028411196578475e+01
-3.532447455719162299e+00 4.180092040797765307e+00 1.129643284272015435e+01
-5.343718862999702779e+00 3.756100633544231737e+00 1.055114048295092744e+01
-4.682141380729471614e+00 3.984080409552795743e+00 1.092984113844438632e+01
-3.847443548945753466e+00 3.892627363854905376e+00 1.129793872197429927e+01
-2.658720719481721950e+00 3.735811657111647754e+00 1.147217706304136620e+01
2.692329632111133186e+00 4.205346057642871394e+00 5.602442128518190678e+00
-6.036594939258291603e+00 3.602496881345631952e+00 1.000121807645054517e+01
-6.036593106986172685e+00 3.602472150801936390e+00 1.000122638752399418e+01
-6.001770788723927552e+00 3.603236075248518411e+00 1.001913446063757718e+01
-5.959810779703925476e+00 3.635470749497189846e+00 1.006046449128032449e+01
-6.042717172675888371e+00 3.582459192838950202e+00 9.997364920640325892e+00
-4.201403985345201875e+00 4.031803812435024170e+00 1.111179016254516050e+01
-6.075133667359843059e+00 3.606855601220007035e+00 9.958120144359833503e+00
-5.938481599223641716e+00 3.650351157679247116e+00 1.005038345371114339e+01
-6.078605994594630246e+00 3.596684040296299845e+00 9.956771167846504511e+00
-4.458445307935585689e+00 4.139800790376825468e+00 1.099530387395328646e+01
-2.146094770737955404e+00 1.690527766657330622e+00 7.796821558135488495e+00
-5.834692332540627469e+00 3.571575539112228803e+00 -2.902430834760048040e+00
-3.822448383356489732e+00 4.110471244242443589e+00 1.121652251985794813e+01
-6.042713917102583210e+00 3.582422258461501752e+00 9.997377643846911965e+00
-1.931343046560945131e+00 4.980935256892783158e+00 1.560218248631236815e+00
-2.073085401801233463e+00 5.002468886130079895e+00 7.113961193535542904e-01
-3.987171665999408088e+00 4.108629789878412097e+00 1.115168351274761882e+01
-8.080162917946298151e+00 -1.867516150218596183e+00 -1.106408609472919524e+00
-8.114342371355885319e+00 -1.372838205803617928e+00 3.607444684958338033e-01
-4.132212160616842489e+00 4.017633340019650667e+00 9.514400615006577411e+00
-8.358856087844957372e+00 -5.860713452592341000e-01 1.356905391919887682e+00
-6.053390587813830770e+00 3.610857976275339887e+00 9.984325690712767098e+00
-1.750658724665151489e+00 -4.730917269813970094e+00 -1.962360158473455352e+00
-3.581334013727852206e+00 -5.562620866120197682e+00 -7.729258765259586106e+00
-3.591019592184629072e+00 -5.144969771184378260e+00 -8.018027724806911394e+00
-7.899928708932532073e-01 -3.666375881090216726e+00 -2.332799165353232507e+00
-1.253653287563829988e+00 -6.847325555585097590e+00 -8.329877230170286140e+00
1.187285573688860119e+00 -5.311674453434690690e+00 -1.857903992476007904e+00
5.224984469253809438e-01 -6.693151605375992297e+00 -5.671120216798390068e+00
-3.535866173451593486e+00 -4.762546383198535516e+00 -1.270862380430032701e+01
-5.771381900191022929e+00 -3.384644367917086782e+00 -6.289331201237808422e+00
-7.067696763491119860e+00 -3.879604654939968089e+00 -1.064411009175895728e+01
3.773451756338717239e-02 -1.162725040809463373e+00 1.024374347964650545e+00
-3.159173874491917555e+00 -6.011684301999822289e+00 -7.116242383989562548e+00
3.490254070683729726e+00 -6.722356788655338811e+00 -5.270927620451463014e+00
-7.050385796794663484e+00 -5.922798697615434094e+00 -1.116927358245404278e+01
1.021749634177984589e+00 5.058411774373993808e+00 2.157016970795693211e+00
1.159582672961087191e+00 2.503310827380640924e-01 1.571232464302815712e+00
-1.743166455348037935e+00 -4.688439596982497903e+00 -6.307803385117970230e+00
-3.900699774663127783e-01 -5.938674074760735166e+00 -7.432079942685549945e+00
4.636566188202859151e-01 -6.385453544608873599e+00 -8.920050408373073836e+00
5.591626269516522529e-02 6.494266564658448537e+00 5.353424924483715763e+00
-1.580250720451758517e-01 6.597148348246141047e+00 4.774377501154340564e+00
3.780840794048894726e-01 5.752161192798174838e+00 8.063492261128713423e+00
1.176139653380716910e+00 5.297455785156442332e+00 4.492916371035127199e+00
6.924999577684772811e-01 6.291219604196321313e+00 6.020432829331413771e+00
-9.605455986583121275e-01 3.858135437669008461e+00 1.094908407632437886e+01
1.325032657137829029e+00 2.575303865242509538e+00 7.940253409779135296e+00
-3.059411747964803363e-02 2.964234538243947892e+00 8.981540543969929402e+00
3.553821382710284471e+00 2.116811301483834562e+00 -5.889336096947566102e-01
-8.417962706999235323e+00 -1.518022346397015276e+00 -1.196877575361248724e-01
-3.275178943118198793e-01 6.413110736774817688e+00 5.018260287166540046e+00
-9.182556260428405892e+00 -1.642373555685236131e+00 -1.728207156288795066e+00
5.240552996059772983e-01 4.556294910848778024e+00 9.638009067678785513e+00
9.301527555913078338e-01 4.590451065616201198e+00 8.704345304546349027e+00
1.811765683835045770e+00 3.042086588256092683e-01 4.229556938664561727e+00
1.379363887268737043e+00 4.670622868250768889e+00 9.164608598248733529e+00
2.267872802713179148e+00 -4.470198576792937750e+00 -1.708416000879511643e+01
1.798346773093974171e+00 -7.797906225014578752e+00 -1.217001711428614641e+01
2.248551105931541283e+00 -7.115497171393197817e+00 -1.381635387526208270e+01
2.151395604175288856e+00 -6.068190184427248113e+00 -1.550625929707532613e+01
6.778822246283305875e-01 -3.440611903707178953e+00 -1.883795832977948947e+01
1.061510520290403825e+00 -6.894653132654195993e+00 -8.182619328782575252e+00
1.839016139457848809e+00 -6.835842892282965266e+00 -1.270587131493922683e+01
7.082465700170736955e-01 -3.552256947361152495e+00 -1.947095051035718072e+01
4.530108566919139435e+00 -1.558159975113459605e+00 -1.198025429232818340e+01
6.914754760714053816e+00 -2.999645171219614159e+00 -6.565620904594680951e+00
6.554402974874553145e+00 -5.921535406068402452e+00 -1.868750892236010541e+00
7.888692381372577778e+00 -4.500505125271921258e+00 -9.134605707541686215e+00
-4.624560667656547608e+00 -9.692570673390301650e+00 -1.596704873463170848e+01
7.901228758022530663e+00 -6.089363622578193969e+00 -6.556742569751753180e+00
6.888528447916720587e+00 -6.540447881333622426e+00 -2.963076800685749745e+00
7.407629353156841567e+00 -6.241870686598341322e+00 -2.636168388434547705e+00
-4.746033053008379632e+00 -8.585287140001138795e+00 -1.405526361429310889e+01
8.010985751825321799e+00 -6.229529863339394069e+00 -4.086160463492709560e+00
7.994653066043747813e+00 -5.155762878796195103e+00 -8.156975698950471809e+00
-3.176064691992537714e+00 -7.084258971688594642e+00 -1.621467545933896659e+01
8.267565027779237852e+00 -6.017095616065566865e+00 -5.679734906800287142e+00
9.914117498409830143e-01 -3.593518846876059936e+00 -1.942308072126341045e+01
7.383349862471559000e+00 -8.173095971920197655e+00 -6.558031470093386162e+00
5.189069091732009475e+00 -9.432273873415230270e+00 -1.169122468801252701e+01
2.048495899772650564e+00 -9.436692819526552256e+00 -8.648229021867031463e+00
1.304807965451081353e+00 -7.477649668558261631e+00 -5.342552802336721030e+00
1.001566136175376487e+00 -7.396555545255322883e+00 -6.000258428107486885e+00
-6.177424946162078934e-01 5.380537030810588206e+00 -6.494449817057660113e+00
-8.203157352326883034e-01 6.209102982473535093e+00 -2.898175137807486035e+00
-1.120695152267409789e+00 5.029149437923746468e+00 -1.138348879826875937e+01
-7.486934887027025809e-01 3.249244417110981775e+00 -9.060437797377343117e+00
1.775537527092187595e+00 4.724836016748011680e+00 -4.498173661942015400e+00
1.059015156115893364e+00 5.221004460170019179e+00 -5.045695331179419263e+00
3.650861334167746497e-01 5.132741989829662010e+00 -7.205541343736936000e+00
1.490314845419657530e+00 4.648594506022922346e+00 -5.925265533346250280e+00
-2.649797940872910540e-01 4.263680323188808075e+00 -1.054114954288336392e+01
-1.180197412925389155e+00 5.568914236678518037e+00 -4.552071141784540309e+00
1.315538206888632988e+00 4.736574374850685665e+00 -1.583625002305316887e+00
1.607745645222116826e+00 4.282072897180010607e+00 -3.321580891913832989e+00
1.475217648884623589e+00 4.911739720876755477e+00 -1.548031816293941265e+00
1.902687539183175902e+00 4.918928923899161809e+00 -1.346236766234400806e+00
1.577859436016503691e+00 4.779836666099032350e+00 -3.163076533669038071e+00
-3.650678569704172288e-02 5.157063318802150853e+00 -8.275130546159365608e+00
-1.115801447481191477e+00 4.947955970503953083e+00 -4.715542090887343107e+00
-2.163229907728584589e+00 1.792928526304660375e+00 -8.281754125980965497e+00
8.515810278927567201e-02 5.564653348679583722e+00 -3.043894386171684729e+00
2.173898990748943105e-01 5.372346067447319129e+00 -4.381881584042779387e+00
-9.535201644618083172e-01 4.067885736089123405e+00 -8.817131257889835538e+00
-2.688929181171109128e+00 1.667437597664416016e+00 -5.481941666991809292e+00
3.063201259727876269e-01 5.461295810787631488e+00 -2.008438405647294367e+00
-5.936684324752303787e+00 1.094941938156815953e+00 -1.193755731702893463e+01
8.023314790214125525e-01 5.287187121674289614e+00 -6.376497250583066823e+00
9.657772498491183910e-01 4.844046136725753016e+00 -6.194620687353554978e+00
1.647178613899560107e+00 4.464995912378881826e+00 -3.968917569871476925e+00
-2.391961096911801032e+00 3.776163939820641691e+00 -1.281033139696520351e+01
3.239833602275538738e+00 3.458469460865802869e+00 3.905322805476568515e+00
2.303004726444081385e+00 3.669171642501634079e+00 -3.507019720546253327e-01
2.488648391218751144e+00 3.515878183273358104e+00 7.330299333588149224e+00
-7.477723413865709823e+00 -1.702726988713020084e+00 -2.030601865632307046e+00
-2.439908291074665225e+00 4.851826954960686500e+00 1.086376733703903241e+01
-4.695436019063596866e+00 4.208044412771127618e+00 1.068876877651756985e+01
1.474731938830355915e+00 5.502405052817926467e+00 6.359943698425520431e+00
-7.417885557857465173e+00 -8.070654321364353345e-01 -5.139912283490553069e-01
-6.724277181694684025e+00 -8.578261116077153803e-01 1.016794225368096161e+00
1.194802539438600153e+00 4.653555461968610807e+00 9.144966639901415562e+00
1.136741811162344185e+00 5.419327792314208025e+00 7.331692211712565133e+00
-6.831923450551129484e+00 -1.855635277025653007e+00 -4.401757330673248814e-01
-7.559638678912310006e+00 -3.843586615030427089e-01 -5.248883957589350890e-01
1.455934391794504679e+00 5.227957505537083271e+00 7.354839917723038134e+00
-4.880335987532732345e-01 5.588862873795832797e+00 8.986192691208737315e+00
-2.759474957608801238e-01 5.465995678603404961e+00 8.767273683843550103e+00
-4.008572783444900867e-01 5.381019067171469494e+00 9.341168381143702959e+00
3.110376484584199908e+00 3.790919187411554869e+00 3.425402316983630069e+00
-1.291622839989733151e+00 4.267226026872076972e+00 1.053852755864665269e+01
2.949569822644298789e+00 4.035785852131612117e+00 4.239373490486173068e+00
-2.192314147724828022e+00 4.558433094621229920e+00 1.062769871735685001e+01
-1.086282381529974028e+00 4.893104162923266109e+00 9.738524351730422524e+00
-7.233846221380013652e+00 5.318626746487862267e-01 -1.458790033490923621e+00
-7.602330872257214267e+00 -3.701109993697312972e-01 -4.841692445312629767e-01
1.511719344359661044e+00 3.334419444820429845e+00 -1.763551491157618889e+00
1.607805200377017130e+00 3.588359876258915282e+00 -2.880457847368467217e+00
7.960656998107983329e-01 3.633596522473007351e+00 8.571411013121403855e+00
1.944906955357518508e-01 3.733129819616282763e+00 1.012135527894346687e+01
-3.018128493607537544e-01 3.649696152583406406e+00 1.046268133057894012e+01
4.346413608356717861e-01 3.931650629573244959e+00 9.245377539808252720e+00
-1.950577771574816710e+00 6.882760107787044390e+00 7.201924886989032437e+00
1.136791577882067417e+00 3.508124170573796441e+00 8.832629592910063110e+00
1.218906785191335551e+00 3.581938803759799672e+00 8.654969329069318817e+00
-6.918381893859950615e-01 4.232828808235287177e+00 1.016230760951247092e+01
9.548568384851152668e-01 3.186775588788139935e+00 9.406302053865104540e+00
2.268191430271669251e+00 3.227808092242546500e+00 6.400405092590555789e+00
-6.126537860261858093e-01 4.568247280095506291e+00 9.501237686822431527e+00
1.843682750949946714e+00 3.737849945063779433e+00 7.508025784174317430e+00
1.587422396037525996e+00 3.424366771644272944e+00 6.189898753282046862e+00
8.323840142002647546e-01 3.760681632129339924e+00 8.338249280166431632e+00
1.895677258439281421e-01 6.297558563824801503e+00 4.930138103307520225e+00
1.400383900499869050e+00 3.776526333653758005e+00 7.218152686025684162e+00
1.479430806709925106e+00 4.091156057940932733e+00 6.733321819844960032e+00
6.042696017548288001e-01 4.156045581928744959e+00 4.880624367320552714e+00
-2.604504520221042174e+00 2.354256491230086734e+00 -1.822798861655254754e+01
3.140705346082508953e+00 3.268774887889765779e+00 4.779704379387732516e+00
3.095497883821534124e+00 5.024355835020720029e+00 2.007602178683216484e-02
3.830533570335022397e-01 3.255339838164966970e+00 -6.327641519862237551e+00
2.703471196539164012e+00 1.138855158090487985e+00 -1.295619474070165644e+01
2.882217288385312326e+00 4.729903342641578745e-01 -1.372927785733123152e+01
-3.310818218617044728e+00 2.084907241344735596e+00 -1.635810122493769114e+01
4.632142335103422326e+00 3.920819442678950550e-01 -1.001140822819941256e+01
4.738269570354620264e+00 2.414592442132340366e+00 2.198652775510943513e+00
4.604358918816047641e+00 3.088584588414160059e+00 2.710568565244418249e+00
3.957098358672821448e+00 4.089336122574177779e+00 3.655124262150339032e+00
3.569221528682679612e+00 4.249528495514421245e+00 2.228220061792809403e+00
-2.497445800117975789e+00 4.078849529869361668e+00 -1.514414400695778262e+01
3.359946598074811774e+00 1.403553827406726517e+00 -1.051599870836624362e+01
3.078017077274783908e+00 -1.023813174280896687e+00 -1.200925728447089824e+01
3.303261012411477626e+00 1.116811215984890415e+00 -9.645942330571037004e+00
3.229559741472528778e+00 3.241044802765237876e+00 4.317264985776625430e+00
3.846909228370444023e+00 -1.452524393452834239e+00 -7.150727554857041035e+00
2.661325192513841476e+00 7.636763475745074192e-01 -1.158679946715087183e+01
-3.270483525527785873e-01 2.013762149278500058e+00 -1.551045610941417330e+01
-6.346691415473145748e-01 3.480280521806208949e+00 -1.235055484626822953e+01
3.263979073400889774e+00 3.309475938501561298e+00 -6.259752333748669351e+00
4.055619441676325265e-02 6.308146141148212926e+00 7.462208963120691152e+00
2.562288456503897027e+00 4.175296846128814465e+00 -4.987128643154085772e+00
1.826648610317072263e+00 5.430670484386339147e+00 4.286729284930272499e+00
4.543970314193449767e+00 2.786412880394850244e+00 -8.012965294215593781e-01
2.861277332312011978e+00 5.097929562625368227e+00 -9.513150122745048787e-01
3.182062183098373964e+00 4.601720180734091947e+00 1.618958318577358835e+00
4.135102410681244400e+00 4.196255629224386219e+00 4.491946581483061252e+00
2.603257123121794248e+00 5.476105270194818075e+00 3.856988797123768631e+00
-3.603838679668065065e-02 3.548636147839510535e+00 -9.114138115431417830e+00
5.827835608326314087e+00 -8.419800898310930037e+00 -1.269196451164242490e+01
4.641679247126295316e+00 -1.030641141905505442e+01 -8.203553175707989809e+00
3.902717190524493063e+00 -1.047749599868809334e+01 -8.665411910243188132e+00
4.901500048275270416e+00 -1.024591161072347489e+01 -8.148111083416445410e+00
2.618406224357446188e+00 -7.526775641872258227e+00 -1.281774756000799620e+01
7.707947311373447796e+00 -8.243202121855190967e+00 -7.794191707544140257e+00
7.844826265680826971e+00 -7.701972753329384247e+00 -8.064294149231590936e+00
7.307463625708129129e+00 -8.981068688393904154e+00 -7.561490178098051018e+00
7.683013378793507542e+00 -8.325692320045222417e+00 -6.743613542904022040e+00
7.602908371568060986e+00 -8.435597686975720322e+00 -7.480708756930831704e+00
7.580078863221584307e+00 -8.111019234216653828e+00 -5.783908301449445233e+00
5.468793027187285105e+00 -9.156153019056961995e+00 -1.485499322416579204e+01
5.400559104079691863e+00 -8.710126930450105220e+00 -1.523577846621248000e+01
5.417309318912220562e+00 -9.809385974474770009e+00 -1.436631867041985089e+01
7.649588002870156167e+00 -8.324571562167049521e+00 -6.611238883751761719e+00
7.632743961169697222e+00 -8.360866169860855734e+00 -7.539129463439850021e+00
7.356979623495090159e+00 -8.165815645883874652e+00 -5.439405357358490178e+00
3.584308010424404056e+00 -6.765322265158598469e+00 -1.853823561891712757e+01
5.350017140526584392e+00 -4.216441820635576043e+00 -1.339118999704540158e+01
4.531056164939989195e+00 -4.151290147576005118e+00 -1.456913281215957845e+01
6.555422277963659283e+00 -4.351808949146752425e+00 -1.158795680951855012e+01
6.366526381269618007e+00 -7.478903806165826396e+00 -1.038868755834440982e+01
5.134683103933822323e+00 -7.633703489849380297e+00 -1.180552299200064326e+01
5.448917718052548764e+00 -1.025137140154635063e+01 -6.723665913095774549e+00
5.529102395196037634e+00 -1.032623451563369166e+01 -6.960391709717348441e+00
5.307975818235702192e+00 -1.009266654189034362e+01 -6.403861488369887667e+00
5.533322566465102454e+00 -1.023559592006179564e+01 -6.738283824041047865e+00
5.604539883512197562e+00 -1.030592615634592590e+01 -6.981610130772982536e+00
5.410979644505679254e+00 -1.008532408231090294e+01 -6.412007081377067763e+00
5.056144882033125398e+00 -1.065773032198822712e+01 -7.430128766160847498e+00
5.445215378206992973e+00 -1.039934727225255884e+01 -7.066502130167313211e+00
4.260768787925576007e+00 -1.092767892362769899e+01 -8.111931166046927544e+00
5.070671275158985303e+00 -1.065564336246802668e+01 -7.433900909702559012e+00
5.475789772086464779e+00 -1.039134164470956456e+01 -7.079216214484359782e+00
4.232463996155477304e+00 -1.093670269715885901e+01 -8.124804302446838378e+00
7.609050863968799483e+00 -8.995859067018393773e+00 -7.978837993834467568e+00
7.770632412257552524e+00 -8.605634157249737015e+00 -8.384612482322495453e+00
7.173797621886400577e+00 -9.466213349666917409e+00 -7.520525519828590966e+00
2.602878856249224881e+00 -1.224465255169201328e+01 -1.382656185970530061e+01
2.477135951508378842e+00 -1.227411818791686926e+01 -1.422522965471925183e+01
2.314313486736470526e+00 -1.229609620422079175e+01 -1.383187767348450592e+01
5.213418054748721886e+00 -1.027683267732560601e+01 -6.700976444351462114e+00
5.301797718835253193e+00 -1.038585305402809311e+01 -6.940167289097595393e+00
5.029710354058185118e+00 -1.011856975626764132e+01 -6.418009145687025629e+00
5.213418045004702073e+00 -1.027683268051850085e+01 -6.700976446001301490e+00
5.301797723711834998e+00 -1.038585305235285183e+01 -6.940167288450122207e+00
5.029710378910010604e+00 -1.011856974859117564e+01 -6.418009140549099989e+00
4.802062935724555892e+00 -1.070120757585766924e+01 -7.439974642497532820e+00
5.234152108103730328e+00 -1.043551314107204497e+01 -7.037842915518288223e+00
3.949929688517660242e+00 -1.095206294407295999e+01 -8.128933442881129068e+00
4.802062935649168196e+00 -1.070120757587608473e+01 -7.439974642510010838e+00
5.236055774145118136e+00 -1.044214738279725729e+01 -7.032248124774789666e+00
3.949929688503663439e+00 -1.095206294407304171e+01 -8.128933442885985627e+00
6.845846503959638341e+00 -9.762256183341625260e+00 -7.230972328674450722e+00
7.098686734414058286e+00 -9.595890557534522358e+00 -7.419382626079685572e+00
6.345709750116240500e+00 -9.921899070680440857e+00 -7.065801555972869963e+00
2.269480675620604071e+00 -1.231798023091066518e+01 -1.391139605331848550e+01
2.138006207595362529e+00 -1.237602236473750672e+01 -1.418201886837361769e+01
2.367878689364126377e+00 -1.226464013605580305e+01 -1.325450228282008425e+01
6.345709760548359668e+00 -9.921899064651237055e+00 -7.065801556105252068e+00
7.098686755453743835e+00 -9.595890541916313410e+00 -7.419382628214202136e+00
6.845846472719873788e+00 -9.762256205028474909e+00 -7.230972326009399431e+00
7.771682017924150365e+00 -7.674861410046437626e+00 -9.658027701716239477e+00
7.684367610760700629e+00 -7.268694426121927066e+00 -1.020169038656000104e+01
3.227408666707710427e+00 -7.301478648940611826e+00 -1.914436386199712459e+01
4.955908817660562349e+00 -1.049949235432089267e+01 -1.481323098397932370e+01
3.965168189895638129e+00 -1.162342669255258087e+01 -1.437535561909328941e+01
4.686124748344342450e+00 -1.098621453328190789e+01 -1.454422732293293308e+01
7.559773908721598268e+00 -6.982259319212290372e+00 -1.061958711852348713e+01
6.242927577877091849e+00 -7.994662304941849484e+00 -6.770450218366975470e+00
4.293914063269003378e+00 -8.771337674031348897e+00 -5.927794795938162942e+00
6.498706842247969462e+00 -9.101390760909323419e+00 -9.517140694815585888e+00
6.775056629933533969e+00 -9.344626248912334177e+00 -6.283375686770365398e+00
6.471902775692823795e+00 -9.746471627407041538e+00 -1.182798270836228305e+01
6.069349380328812771e+00 -9.962555580697484814e+00 -7.759266512621009859e+00
7.040243353382517277e+00 -9.468147226015416251e+00 -6.960157987959116888e+00
6.455987245254211082e+00 -9.464414024006737591e+00 -1.241689261770664388e+01
6.072192915963023019e+00 -9.169978856495502484e+00 -1.051832968851262073e+01
4.082636429104486098e+00 -1.034782787702903839e+01 -1.046327481744561538e+01
4.773972563855762630e+00 -1.029728442195029103e+01 -8.448647233881766638e+00
6.340699022487728875e+00 -9.450201675830451009e+00 -8.822620992182804045e+00
7.201287305461861799e+00 -8.977391067308506223e+00 -8.990140430585197961e+00
6.555197094462577923e+00 -9.072127389761771354e+00 -5.573731307116115197e+00
5.400792134576480663e+00 -8.474815223570955069e+00 -6.178330738872470640e+00
6.952884899522651097e+00 -6.880617508947330485e+00 -8.234824635244690327e+00
5.776825703005582291e+00 -5.240435467403067094e+00 -1.146238942919161197e+01
3.463456015561057200e+00 -3.746795359519456081e+00 -1.514472288656777899e+01
2.408451334126139098e+00 -6.738552874160129491e+00 -1.743829792771479958e+01
3.672124077771115935e+00 -5.949328843505820252e+00 -1.667090344272360980e+01
5.919890768520840396e+00 -7.756033758542796974e+00 -4.641430566803335545e+00
5.668684661566325111e+00 -1.009740228751790880e+01 -1.027831164536063291e+01
6.895083423430376612e+00 -7.298469425292447355e+00 -6.955428315433379360e+00
6.344035139377369070e+00 -8.189093189725722866e+00 -8.482822789505103600e+00
6.373519717594476219e+00 -9.833516580709497745e+00 -1.222583184047769045e+01
6.115525631679775920e+00 -1.021915763593461435e+01 -1.175544061799751105e+01
5.576245760302440679e+00 -8.895176696553193096e+00 -1.074363270981070784e+01
5.829897522565208767e+00 -1.045911348302689703e+01 -1.119661073963720810e+01
6.467351029469275758e+00 -8.060952664124483746e+00 -4.921458082856423388e+00
6.229980656004425299e+00 -9.223288186602861316e+00 -6.786337379614564291e+00
4.596903011545720119e+00 -1.088633258207317489e+01 -8.120523525302942858e+00
5.494302716509531948e+00 -1.061038670630166436e+01 -8.426379653709663131e+00
6.868278802963908802e+00 -8.130833696108817676e+00 -5.004519715450354234e+00
6.660605089296979919e+00 -9.557242887590422953e+00 -1.215896883648180626e+01
6.719549541272801463e+00 -9.472753721152708195e+00 -1.066809765584542369e+01
5.882448500846327200e+00 -9.432078333312860607e+00 -5.694858459200132117e+00
6.038373617748812983e+00 -1.021310155089399530e+01 -1.224046894190069779e+01
-3.966333748457657737e+00 6.355035311024360922e+00 6.460965862336831123e+00
-2.248448594064057282e+00 6.503864360828162106e+00 6.474041760928968436e+00
-2.952703886868606631e+00 6.765894563230192560e+00 6.222799435676089175e+00
-4.076259366972391440e+00 7.269173826249665460e+00 2.299372150850461427e+00
-7.899786329625120285e-01 6.441103119877349847e+00 3.873041977256002077e+00
-1.095034319365401076e+00 6.369740602298512577e+00 8.112632716142984535e+00
7.769770909897201205e-01 5.817230486882587037e+00 2.542243829486407147e+00
2.056659171469574332e+00 4.081900069023793876e+00 -5.728876547763699811e+00
-3.086408261269732556e+00 1.036641672692744987e+00 -1.340117489393172967e+01
1.675110595740452180e+00 3.520811748456281531e+00 -7.777275344226197262e+00
1.597585801191784949e+00 5.762926806476440511e+00 6.046828907704775879e+00
2.621146914059724331e+00 4.250513390777094003e+00 -1.017568729113714765e+00
-6.287369260549184879e+00 -5.419086504338682664e-01 -1.973896421603218876e+00
-9.746154697646371545e+00 -4.653329034530798713e-01 -1.300088316428189117e+00
-1.375889638765614154e-01 2.379558228573083856e+00 8.811260601748484689e+00
2.162768929983618804e+00 5.540178117540857095e+00 2.324386570808013808e+00
2.286376456490700093e+00 4.415111351974912779e+00 5.979418276623774675e-01
-2.223949829162163550e+00 6.464792541179079421e+00 6.942253246676012957e+00
7.297899285856784823e-01 6.425817534988434332e+00 4.088324194105652509e+00
3.352754541096910401e+00 3.382585130747263857e+00 -1.176785222244101314e+00
-4.486122985857127432e+00 6.929835014315079533e+00 -3.131110490864385643e+00
-4.902918229044045617e+00 8.000848749734732479e+00 -2.097136360262221277e+00
-8.795632269232656952e+00 6.289878462734630915e+00 -3.013273725978345308e+00
-2.885016505565964451e+00 6.031665931647204992e+00 9.507233285091318820e+00
-2.832790291069921640e+00 4.048925947002889103e+00 1.140330990890319285e+01
-5.895212332731231797e+00 7.815469765478818331e+00 -1.896461768126917358e+00
3.204140310670480662e+00 3.928018708975396844e+00 3.253558253185393490e+00
-9.745603686253897502e-01 2.695056003033050374e+00 1.030563835353133406e+01
-1.115481573120543679e+01 4.565882374723589376e-01 -2.241117977925565441e+00
3.392725435988971916e-01 4.555869697414460795e+00 9.152765661624403748e+00
-4.890498276396085586e+00 3.903246869745166325e+00 1.083279939166331829e+01
-4.764937905067217372e+00 -1.711787588380141445e+00 -2.796807080975681981e+00
-1.679063979234952209e+00 -1.847142959433210718e+00 -8.973479749838851660e+00
