3.492151021957397461e+00 5.515560507774353027e-01 -1.875173807144165039e+00
3.487022876739501953e+00 4.647943079471588135e-01 -1.845615029335021973e+00
3.580419540405273438e+00 5.413329601287841797e-02 -1.704351067543029785e+00
3.484375715255737305e+00 2.781818509101867676e-01 -1.733469247817993164e+00
3.500883579254150391e+00 2.710579708218574524e-02 -1.785888433456420898e+00
-9.832531809806823730e-01 5.020082473754882812e+00 -2.081301689147949219e+00
-5.286615490913391113e-01 4.315170288085937500e+00 -8.909357190132141113e-01
-6.226543188095092773e-01 4.406954288482666016e+00 -1.149563789367675781e+00
-3.032819032669067383e+00 -8.574297904968261719e+00 5.311079978942871094e+00
1.529676198959350586e+00 2.476495265960693359e+00 4.864511966705322266e+00
-4.752186536788940430e-01 4.195733547210693359e+00 -8.574672937393188477e-01
-4.348412036895751953e+00 -8.547682762145996094e+00 5.441361427307128906e+00
-4.526766300201416016e+00 -7.674449920654296875e+00 5.413233757019042969e+00
-4.821419239044189453e+00 -7.516457080841064453e+00 5.298273086547851562e+00
-5.016817569732666016e+00 -7.339134216308593750e+00 5.351892948150634766e+00
-5.017297744750976562e+00 -7.474199771881103516e+00 5.156119823455810547e+00
6.464105606079101562e+00 -1.083001494407653809e+00 2.790093660354614258e+00
-4.363498687744140625e+00 -8.725687980651855469e+00 5.550503253936767578e+00
-3.780887842178344727e+00 -8.862796783447265625e+00 5.035330295562744141e+00
-3.938066959381103516e+00 -8.010405540466308594e+00 4.710937500000000000e+00
-4.312971115112304688e+00 -7.306291103363037109e+00 4.561365127563476562e+00
-3.571273088455200195e+00 -7.479485988616943359e+00 4.701144695281982422e+00
-4.244896411895751953e+00 -9.228638648986816406e+00 5.461092472076416016e+00
1.672041893005371094e+00 3.172022819519042969e+00 5.872789382934570312e+00
-1.995826363563537598e+00 -7.304439544677734375e+00 3.823871135711669922e+00
-2.620928049087524414e+00 -8.394195556640625000e+00 4.070205688476562500e+00
1.429999470710754395e+00 2.527154445648193359e+00 5.021703720092773438e+00
7.402848005294799805e-01 1.798737645149230957e+00 3.871235132217407227e+00
5.227013826370239258e-01 1.466081261634826660e+00 3.789476871490478516e+00
7.679054141044616699e-01 2.653413772583007812e+00 3.114009618759155273e+00
9.232653975486755371e-01 3.278652429580688477e+00 2.795035362243652344e+00
8.307225704193115234e-01 3.255612373352050781e+00 2.710843086242675781e+00
2.970764875411987305e+00 -2.719290256500244141e-01 1.581507921218872070e+00
9.976744055747985840e-01 8.377062082290649414e-01 4.584464073181152344e+00
2.984079599380493164e+00 -2.791429758071899414e-01 1.586058735847473145e+00
1.132608056068420410e+00 1.454387545585632324e+00 4.530370712280273438e+00
1.044544577598571777e+00 1.073581814765930176e+00 4.547276020050048828e+00
1.271853446960449219e+00 1.520994663238525391e+00 4.330432891845703125e+00
6.878405809402465820e-01 3.265143156051635742e+00 2.659487962722778320e+00
1.375943422317504883e+00 2.418694972991943359e+00 4.955039978027343750e+00
-3.523664236068725586e+00 -8.768740653991699219e+00 3.950500488281250000e+00
-3.444627523422241211e+00 -8.778866767883300781e+00 3.856917142868041992e+00
-3.325536489486694336e+00 -8.820942878723144531e+00 3.857501029968261719e+00
-3.631647586822509766e+00 -8.055115699768066406e+00 4.149441242218017578e+00
-4.362679004669189453e+00 -8.607122421264648438e+00 5.320333480834960938e+00
7.655378580093383789e-01 2.676023960113525391e+00 3.096757650375366211e+00
5.407801866531372070e-01 5.178216457366943359e+00 -3.467658042907714844e+00
6.841897368431091309e-01 5.171981811523437500e+00 -3.585087776184082031e+00
-3.781802654266357422e-01 1.757077217102050781e+00 3.288933992385864258e+00
-1.695166349411010742e+00 -6.444828033447265625e+00 3.577619791030883789e+00
-1.825049221515655518e-01 2.959190607070922852e+00 2.807900190353393555e+00
-3.575351953506469727e+00 -6.466292381286621094e+00 3.374082803726196289e+00
-3.533556699752807617e+00 -6.281544208526611328e+00 3.205864667892456055e+00
-4.233004450798034668e-01 2.144062280654907227e+00 3.190783023834228516e+00
-4.238131523132324219e+00 -7.188006877899169922e+00 4.377965927124023438e+00
-6.657503843307495117e-01 2.790196657180786133e+00 2.876305580139160156e+00
-9.287133812904357910e-02 3.094451189041137695e+00 2.757594108581542969e+00
-3.416915416717529297e+00 -6.418863296508789062e+00 3.983144998550415039e+00
-3.383364677429199219e+00 -6.258180141448974609e+00 3.011286258697509766e+00
-5.827313065528869629e-01 5.347550868988037109e+00 -3.282782554626464844e+00
7.294846177101135254e-01 6.472605705261230469e+00 6.018200516700744629e-02
5.509613990783691406e+00 6.604694366455078125e+00 1.479997444152832031e+01
1.909191370010375977e+00 6.285509586334228516e+00 1.024768924713134766e+01
5.729353427886962891e+00 6.736206531524658203e+00 1.519641304016113281e+01
7.318762779235839844e+00 -1.476696491241455078e+00 -1.159858942031860352e+00
-3.649051427841186523e+00 -4.400375366210937500e+00 6.110820770263671875e-01
-3.649049520492553711e+00 -4.400376319885253906e+00 6.110638380050659180e-01
-3.698675632476806641e+00 -4.926678180694580078e+00 7.934983372688293457e-01
-3.762558221817016602e+00 -3.992792129516601562e+00 2.520163953304290771e-01
-3.495321273803710938e+00 -5.415725231170654297e+00 1.639629840850830078e+00
-3.495320320129394531e+00 -5.415729999542236328e+00 1.639618039131164551e+00
-2.621659517288208008e+00 2.947934389114379883e+00 -6.469843387603759766e+00
6.717526435852050781e+00 8.022594451904296875e+00 1.802497100830078125e+01
5.773369789123535156e+00 9.085987091064453125e+00 8.857368469238281250e+00
3.774302005767822266e+00 6.455010414123535156e+00 9.956857681274414062e+00
3.500119209289550781e+00 3.395579099655151367e+00 6.774655818939208984e+00
1.953149080276489258e+00 2.153905153274536133e+00 4.410724639892578125e+00
6.969591140747070312e+00 8.632266044616699219e+00 1.110398864746093750e+01
3.198657035827636719e+00 3.485422849655151367e+00 6.754076957702636719e+00
4.453510761260986328e+00 4.217329502105712891e+00 9.057368278503417969e+00
4.578058242797851562e+00 5.669041633605957031e+00 7.043973445892333984e+00
8.604804039001464844e+00 6.669700622558593750e+00 3.168344259262084961e+00
1.552272796630859375e+00 7.525483131408691406e+00 6.377863407135009766e+00
1.592831254005432129e+00 7.495263576507568359e+00 6.310462951660156250e+00
8.029555320739746094e+00 1.104475021362304688e+00 9.713647842407226562e+00
3.828911781311035156e+00 5.451168060302734375e+00 9.510464668273925781e+00
3.468144178390502930e+00 5.685936450958251953e+00 1.124930286407470703e+01
3.109564781188964844e+00 4.062443256378173828e+00 7.109652042388916016e+00
3.258553028106689453e+00 3.667414426803588867e+00 6.856596946716308594e+00
6.028730869293212891e+00 2.655070781707763672e+00 7.211409211158752441e-01
-2.857738971710205078e+00 -8.556097984313964844e+00 5.949667930603027344e+00
-2.806020021438598633e+00 -8.582708358764648438e+00 5.932182788848876953e+00
-2.743893146514892578e+00 -8.629901885986328125e+00 5.939700126647949219e+00
-2.819431543350219727e+00 -8.574298858642578125e+00 5.995653629302978516e+00
-2.469200134277343750e+00 -7.898909091949462891e+00 8.936394691467285156e+00
-2.186887741088867188e+00 -7.775537014007568359e+00 8.920517921447753906e+00
-1.677667498588562012e+00 -8.724234580993652344e+00 9.599830627441406250e+00
-1.663923978805541992e+00 -7.876529216766357422e+00 1.027819824218750000e+01
-2.084947824478149414e+00 -8.700775146484375000e+00 9.686899185180664062e+00
-2.084948062896728516e+00 -8.700776100158691406e+00 9.686899185180664062e+00
-1.047459125518798828e+00 -1.010506057739257812e+01 8.860227584838867188e+00
-1.050861835479736328e+00 -1.010431003570556641e+01 8.861005783081054688e+00
-2.582406044006347656e+00 -8.089128494262695312e+00 8.818494796752929688e+00
-1.661876559257507324e+00 -7.877324104309082031e+00 1.027774810791015625e+01
-2.260849714279174805e+00 -9.278948783874511719e+00 8.794495582580566406e+00
-1.837063193321228027e+00 -8.145574569702148438e+00 8.791374206542968750e+00
-1.967204332351684570e+00 -8.708885192871093750e+00 9.655720710754394531e+00
-1.677699565887451172e+00 -8.724287033081054688e+00 9.600021362304687500e+00
-2.357067823410034180e+00 -9.815441131591796875e+00 8.781278610229492188e+00
1.350115776062011719e+00 3.698517084121704102e+00 3.680732965469360352e+00
7.377363204956054688e+00 -1.519999206066131592e-01 2.889780759811401367e+00
-2.670122623443603516e+00 -7.564287185668945312e+00 8.239439010620117188e+00
1.376497983932495117e+00 3.634638786315917969e+00 3.689550399780273438e+00
-2.491720914840698242e+00 -7.532896518707275391e+00 8.011919021606445312e+00
-2.670992851257324219e+00 -7.483337402343750000e+00 8.059694290161132812e+00
-2.312395572662353516e+00 -6.815885066986083984e+00 8.739475250244140625e+00
-2.635576963424682617e+00 -8.537737846374511719e+00 7.502551078796386719e+00
-2.503584146499633789e+00 -8.126589775085449219e+00 8.869044303894042969e+00
-1.993113040924072266e+00 -7.377142429351806641e+00 8.062394142150878906e+00
-2.640111684799194336e+00 -7.520276546478271484e+00 8.061218261718750000e+00
-1.990636229515075684e+00 -7.381970405578613281e+00 8.059056282043457031e+00
-2.001563549041748047e+00 -8.175352096557617188e+00 8.632358551025390625e+00
-2.774086952209472656e+00 -7.316473484039306641e+00 7.639917850494384766e+00
-1.884338498115539551e+00 -7.938624382019042969e+00 8.762778282165527344e+00
9.418695449829101562e+00 7.388535499572753906e+00 2.200412511825561523e+00
8.043672561645507812e+00 7.766396522521972656e+00 3.433457374572753906e+00
6.122042655944824219e+00 -2.055433034896850586e+00 -4.943243503570556641e+00
1.381427288055419922e+00 2.635872602462768555e+00 -4.842512607574462891e+00
-5.124395847320556641e+00 -4.646219778805971146e-03 -1.085270118713378906e+01
-1.917854785919189453e+00 1.486528396606445312e+00 -1.000779342651367188e+01
-3.063069820404052734e+00 -1.106739282608032227e+00 -1.203101730346679688e+01
-3.151968002319335938e+00 -1.438060760498046875e+00 -1.180632877349853516e+01
-3.590333938598632812e+00 -8.029040694236755371e-01 -1.073379325866699219e+01
-5.350439548492431641e+00 -4.461524486541748047e+00 -9.162921905517578125e+00
-2.922219276428222656e+00 -3.237821340560913086e+00 -1.138438701629638672e+01
-3.020059347152709961e+00 -3.530952692031860352e+00 -1.092561721801757812e+01
-3.316880702972412109e+00 -2.437854766845703125e+00 -9.751676559448242188e+00
-3.360699892044067383e+00 -3.255809068679809570e+00 -9.593236923217773438e+00
-3.158247947692871094e+00 -2.305234432220458984e+00 -1.091869544982910156e+01
-3.448348045349121094e+00 -1.697299957275390625e+00 -1.000966930389404297e+01
-3.370242595672607422e+00 5.545288920402526855e-01 -1.174146747589111328e+01
-3.713559389114379883e+00 5.224718451499938965e-01 -1.117262649536132812e+01
-3.035441398620605469e+00 -6.843241214752197266e+00 -8.403831481933593750e+00
-3.287153482437133789e+00 -2.437301158905029297e+00 -1.002740573883056641e+01
-3.412878274917602539e+00 -3.364051580429077148e+00 -9.481287956237792969e+00
-5.085024356842041016e+00 -2.843482971191406250e+00 -8.605463027954101562e+00
-3.536665439605712891e+00 -1.214690923690795898e+00 -1.025472450256347656e+01
-5.539272308349609375e+00 -4.120554924011230469e+00 -8.913481712341308594e+00
-3.294309616088867188e+00 -2.520505905151367188e+00 -9.501195907592773438e+00
-5.235898494720458984e+00 1.460322886705398560e-01 -1.081959056854248047e+01
-3.664038896560668945e+00 -5.780353546142578125e-01 -1.062793731689453125e+01
-5.643180370330810547e+00 -4.167012691497802734e+00 -8.862473487854003906e+00
-3.407035827636718750e+00 -1.902482986450195312e+00 -9.831931114196777344e+00
-3.769965171813964844e+00 6.141114234924316406e-01 -1.103320693969726562e+01
-5.280225276947021484e+00 1.725567579269409180e-01 -1.082628631591796875e+01
-3.736342430114746094e+00 -1.013911291956901550e-01 -1.087073326110839844e+01
-3.531251192092895508e+00 -1.480722546577453613e+00 -1.012810516357421875e+01
-3.803269863128662109e+00 1.908780932426452637e-01 -1.120370674133300781e+01
-5.620988845825195312e+00 -5.127846240997314453e+00 -9.338350296020507812e+00
-2.885351896286010742e+00 -3.907908916473388672e+00 -1.132758426666259766e+01
-3.276435136795043945e+00 -2.648151397705078125e+00 -1.006095600128173828e+01
-5.203795433044433594e+00 -3.407631635665893555e+00 -8.721476554870605469e+00
-3.913029193878173828e+00 -1.310653209686279297e+00 -1.063592338562011719e+01
-6.060521125793457031e+00 -7.339172363281250000e+00 -7.917461395263671875e+00
-8.125504493713378906e+00 -7.846433162689208984e+00 -8.723958015441894531e+00
-3.640765905380249023e+00 -6.211518764495849609e+00 -1.093340682983398438e+01
-4.832840442657470703e+00 -7.728164672851562500e+00 -9.482737541198730469e+00
-5.181663513183593750e+00 -5.827264308929443359e+00 -4.274470806121826172e+00
-7.662938117980957031e+00 -5.618546485900878906e+00 -2.898780584335327148e+00
-3.325329542160034180e+00 -8.485923409461975098e-01 -1.160342788696289062e+01
-3.257445812225341797e+00 -2.101016759872436523e+00 -1.094618988037109375e+01
-3.092077970504760742e+00 -1.813617825508117676e+00 -1.173890399932861328e+01
-3.236572742462158203e+00 -3.441955327987670898e+00 -1.029406166076660156e+01
-1.549171090126037598e+00 -1.676725506782531738e+00 -7.727328300476074219e+00
-1.501349210739135742e+00 -1.698091745376586914e+00 -7.666784763336181641e+00
-5.008807659149169922e+00 -7.201250076293945312e+00 -7.789351940155029297e+00
-1.343665599822998047e+01 -1.828311800956726074e+00 -8.756939888000488281e+00
-4.626189231872558594e+00 -3.859127998352050781e+00 -9.302972793579101562e+00
-6.368931770324707031e+00 -6.711435794830322266e+00 -1.003351402282714844e+01
-6.506555080413818359e-01 2.306385755538940430e+00 -8.937827110290527344e+00
-6.037391424179077148e-01 2.944066047668457031e+00 -7.589546680450439453e+00
-2.377691030502319336e+00 -2.371294260025024414e+00 -8.437778472900390625e+00
-2.168987035751342773e+00 -1.994937777519226074e+00 -8.459946632385253906e+00
-4.704059600830078125e+00 -6.006999492645263672e+00 -5.102683067321777344e+00
-1.183276844024658203e+01 -9.517855048179626465e-01 -7.068768978118896484e+00
-1.158126354217529297e+01 -9.088027477264404297e-01 -7.076242923736572266e+00
-2.368144512176513672e+00 -7.092060089111328125e+00 -6.707674980163574219e+00
-1.069313621520996094e+01 1.366121530532836914e+00 -5.419975757598876953e+00
-1.034044933319091797e+01 1.290244340896606445e+00 -5.763978004455566406e+00
-5.333091259002685547e+00 -4.234361171722412109e+00 -8.885952949523925781e+00
-5.585450649261474609e+00 -4.364515304565429688e+00 -8.898537635803222656e+00
-5.094225406646728516e+00 -3.036469936370849609e+00 -8.580004692077636719e+00
-5.362494945526123047e+00 5.822063982486724854e-02 -1.074982166290283203e+01
-6.788306713104248047e+00 -7.319454193115234375e+00 -4.677514553070068359e+00
-7.039443016052246094e+00 -7.681644916534423828e+00 -4.813930034637451172e+00
-6.772252082824707031e+00 -7.509265899658203125e+00 -4.737673759460449219e+00
-2.754110336303710938e+00 -7.044363498687744141e+00 -1.112278175354003906e+01
-6.788268089294433594e+00 -7.319515228271484375e+00 -4.677670001983642578e+00
-5.073570728302001953e+00 -7.669865608215332031e+00 -9.788204193115234375e+00
-6.788332939147949219e+00 -7.319406509399414062e+00 -4.677741050720214844e+00
-6.080256938934326172e+00 -7.717696666717529297e+00 -8.134544372558593750e+00
-1.836057066917419434e+00 -7.094899654388427734e+00 -7.444269180297851562e+00
-5.221411228179931641e+00 -5.786058425903320312e+00 -4.058445453643798828e+00
7.261334896087646484e+00 -1.089018940925598145e+00 -4.400045871734619141e+00
8.105226516723632812e+00 -3.484837532043457031e+00 2.701625823974609375e-01
6.989025592803955078e+00 5.514202713966369629e-01 -4.984551429748535156e+00
7.126292228698730469e+00 -9.018403887748718262e-01 -4.669001102447509766e+00
7.417311191558837891e+00 -2.294395208358764648e+00 -3.257468938827514648e+00
7.083750724792480469e+00 -7.422509789466857910e-01 -4.806931018829345703e+00
7.419891357421875000e+00 -2.078929424285888672e+00 -3.802257537841796875e+00
7.113017082214355469e+00 -1.769818186759948730e+00 -3.783447265625000000e+00
7.356215000152587891e+00 -8.204787969589233398e-01 -4.856747150421142578e+00
7.519020080566406250e+00 -1.657017827033996582e+00 -2.572729587554931641e+00
7.034864902496337891e+00 -9.273511767387390137e-01 -4.486002922058105469e+00
5.937680721282958984e+00 -1.341957449913024902e+00 -4.589633464813232422e+00
7.068996429443359375e+00 -1.601386904716491699e+00 -3.619207859039306641e+00
7.220889091491699219e+00 -1.780500173568725586e+00 -3.041153430938720703e+00
7.906713485717773438e+00 -1.396135449409484863e+00 -1.002107024192810059e+00
7.303605079650878906e+00 -1.811246275901794434e+00 -3.149415254592895508e+00
7.029153347015380859e+00 -6.448867917060852051e-01 -4.771308422088623047e+00
-6.718013286590576172e-01 -8.567834854125976562e+00 4.099476814270019531e+00
-7.714600116014480591e-02 -8.879233360290527344e+00 4.055711746215820312e+00
3.234702348709106445e-01 -9.051154136657714844e+00 3.993950843811035156e+00
1.280705332756042480e+00 2.089071869850158691e-01 4.700347423553466797e+00
7.888281822204589844e+00 -3.179448366165161133e+00 2.523810863494873047e+00
8.775095939636230469e+00 -2.490369796752929688e+00 2.956664562225341797e+00
5.761433601379394531e+00 1.395946621894836426e+00 1.460689663887023926e+00
8.224164009094238281e+00 -3.610420465469360352e+00 3.431988656520843506e-01
3.407674133777618408e-01 -5.468284130096435547e+00 4.619948387145996094e+00
3.698971569538116455e-01 -5.437263965606689453e+00 4.609574794769287109e+00
7.558672428131103516e+00 -1.670800805091857910e+00 -2.187168598175048828e+00
7.762701511383056641e+00 -2.971370697021484375e+00 1.124483466148376465e+00
7.991040229797363281e+00 -2.638754606246948242e+00 4.563511312007904053e-01
7.382060527801513672e+00 -2.400680780410766602e+00 2.472668170928955078e+00
8.674605369567871094e+00 -1.511555433273315430e+00 -7.834138870239257812e-01
6.975455284118652344e+00 -3.455104827880859375e-01 -3.394117653369903564e-01
7.739279747009277344e+00 -2.060407638549804688e+00 -8.275375962257385254e-01
8.270554542541503906e+00 -3.761557102203369141e+00 3.060089051723480225e-01
8.110341072082519531e+00 -3.484428882598876953e+00 2.031432151794433594e+00
8.249215126037597656e+00 -3.732005357742309570e+00 9.571526199579238892e-02
7.863291263580322266e+00 -1.691761612892150879e+00 -1.656522274017333984e+00
8.280637741088867188e+00 -3.227680683135986328e+00 6.170247197151184082e-01
7.530541419982910156e+00 -2.433820009231567383e+00 2.659049272537231445e+00
2.048628091812133789e+00 3.628446817398071289e+00 -3.545562267303466797e+00
8.196639060974121094e+00 -3.504263401031494141e+00 1.453207492828369141e+00
7.198516368865966797e+00 -6.868892312049865723e-01 -5.504206418991088867e-01
7.162631511688232422e+00 -1.737143397331237793e+00 3.291336059570312500e+00
-9.401707053184509277e-01 -2.200606584548950195e+00 -4.159121513366699219e+00
-4.399468004703521729e-01 -1.386866092681884766e+00 -6.322264194488525391e+00
-5.726509690284729004e-01 -3.209519624710083008e+00 -4.845608234405517578e+00
-9.140814840793609619e-02 1.326680779457092285e+00 -7.176391124725341797e+00
-3.476287722587585449e-01 -1.740803360939025879e+00 -6.052045822143554688e+00
-1.134103298187255859e+00 1.925981998443603516e+00 -8.395158767700195312e+00
2.101939439773559570e+00 -7.460018157958984375e+00 -7.595685005187988281e+00
-1.090711355209350586e+00 2.744949579238891602e+00 -8.481745719909667969e+00
3.887950181961059570e-01 1.893554329872131348e+00 -9.485486984252929688e+00
2.628742694854736328e+00 5.880776405334472656e+00 7.038514137268066406e+00
3.041025876998901367e+00 5.550218105316162109e+00 1.036027908325195312e+01
1.527233839035034180e+00 4.843590736389160156e+00 7.949406147003173828e+00
8.607916831970214844e+00 5.738865852355957031e+00 3.009959220886230469e+00
7.530230045318603516e+00 5.609570503234863281e+00 1.992003560066223145e+00
7.727419376373291016e+00 5.657833576202392578e+00 2.069156408309936523e+00
6.067378997802734375e+00 9.701681137084960938e-01 1.584130644798278809e+00
6.200847625732421875e+00 7.019942402839660645e-01 1.772838950157165527e+00
3.935121536254882812e+00 7.465324401855468750e+00 9.317459106445312500e+00
3.626312494277954102e+00 5.942712306976318359e+00 1.019758415222167969e+01
3.517420530319213867e+00 5.891641616821289062e+00 9.293523788452148438e+00
3.371602773666381836e+00 5.938120365142822266e+00 8.875827789306640625e+00
3.315450191497802734e+00 7.855926513671875000e+00 7.553812503814697266e+00
3.308243989944458008e+00 7.851668834686279297e+00 7.547432899475097656e+00
3.575406789779663086e+00 6.708531856536865234e+00 8.531841278076171875e+00
3.184492826461791992e+00 5.957527637481689453e+00 1.159913158416748047e+01
3.478747367858886719e+00 5.682425498962402344e+00 1.092693805694580078e+01
4.438771724700927734e+00 7.339773654937744141e+00 1.077244091033935547e+01
2.875508069992065430e+00 7.857445716857910156e+00 7.636188983917236328e+00
9.365645408630371094e+00 7.081646919250488281e+00 2.508858919143676758e+00
6.638522148132324219e+00 1.076354980468750000e+01 7.132603168487548828e+00
4.862333774566650391e+00 1.024225330352783203e+01 6.252075195312500000e+00
6.409608840942382812e+00 1.071661853790283203e+01 6.878601551055908203e+00
5.858390331268310547e+00 9.525837898254394531e+00 8.378282546997070312e+00
3.704694986343383789e+00 9.329131126403808594e+00 5.891045093536376953e+00
5.969003677368164062e+00 9.225523948669433594e+00 8.783356666564941406e+00
4.309680938720703125e+00 9.805370330810546875e+00 6.140132904052734375e+00
6.298883914947509766e+00 1.034898948669433594e+01 7.526518821716308594e+00
5.689940452575683594e+00 7.804167270660400391e+00 1.056636714935302734e+01
2.822371244430541992e+00 8.334835052490234375e+00 5.286761283874511719e+00
4.881495952606201172e+00 5.256567478179931641e+00 9.415339469909667969e+00
2.996200561523437500e+00 6.177139759063720703e+00 7.409618854522705078e+00
4.550261020660400391e+00 7.881109714508056641e+00 9.921987533569335938e+00
3.993632316589355469e+00 8.002292633056640625e+00 9.115470886230468750e+00
3.158549785614013672e+00 8.044885635375976562e+00 7.587595939636230469e+00
2.324352979660034180e+00 8.126589775085449219e+00 5.720875263214111328e+00
2.189486980438232422e+00 7.534471035003662109e+00 4.970704078674316406e+00
6.722199440002441406e+00 1.084539604187011719e+01 6.925352573394775391e+00
4.535871505737304688e+00 6.361847400665283203e+00 5.598677635192871094e+00
4.405619621276855469e+00 5.518384933471679688e+00 8.626955986022949219e+00
3.677171945571899414e+00 6.554805278778076172e+00 6.538756847381591797e+00
2.972327709197998047e+00 7.355248451232910156e+00 5.219660282135009766e+00
4.489940643310546875e+00 6.852373600006103516e+00 1.210183620452880859e+01
2.405072212219238281e+00 6.898676872253417969e+00 8.864327430725097656e+00
4.701858043670654297e+00 6.378092288970947266e+00 5.973687171936035156e+00
4.290303707122802734e+00 6.696043491363525391e+00 6.093991279602050781e+00
5.697145938873291016e+00 6.200733184814453125e+00 1.014714813232421875e+01
3.448758602142333984e+00 6.965966701507568359e+00 6.052481174468994141e+00
2.344274044036865234e+00 6.034802436828613281e+00 9.110861778259277344e+00
6.430914402008056641e+00 7.187729835510253906e+00 1.316491603851318359e+01
6.224953651428222656e+00 1.035203552246093750e+01 7.398942470550537109e+00
8.383572578430175781e+00 5.858358383178710938e+00 8.910996437072753906e+00
7.183048725128173828e+00 5.188996315002441406e+00 1.031179714202880859e+01
6.659047126770019531e+00 6.930161714553833008e-01 -5.389725685119628906e+00
6.815753936767578125e+00 5.726808309555053711e-01 -5.253002643585205078e+00
2.934427976608276367e+00 7.058920383453369141e+00 8.891726493835449219e+00
5.146426200866699219e+00 6.759241580963134766e+00 1.333717536926269531e+01
2.843552350997924805e+00 6.585567474365234375e+00 1.056356620788574219e+01
2.279708623886108398e+00 6.801900863647460938e+00 9.488197326660156250e+00
1.738021731376647949e+00 7.624875068664550781e+00 6.642318725585937500e+00
1.996863722801208496e+00 6.649737834930419922e+00 9.346646308898925781e+00
7.191729068756103516e+00 5.210048198699951172e+00 1.099701881408691406e+01
4.289721965789794922e+00 5.512412548065185547e+00 7.830949306488037109e+00
4.651165485382080078e+00 5.170361995697021484e+00 8.686564445495605469e+00
3.099410057067871094e+00 6.595517635345458984e+00 5.682401180267333984e+00
2.913477182388305664e+00 6.859137058258056641e+00 5.267132759094238281e+00
5.349929332733154297e+00 5.037207126617431641e+00 8.433896064758300781e+00
4.784612178802490234e+00 5.106586933135986328e+00 8.847450256347656250e+00
3.033251047134399414e+00 7.748343944549560547e+00 8.170703887939453125e+00
4.607517719268798828e+00 9.935627937316894531e+00 6.244268417358398438e+00
7.497123718261718750e+00 6.326307773590087891e+00 3.936501502990722656e+00
4.462777614593505859e+00 9.982525825500488281e+00 6.134059906005859375e+00
4.671000480651855469e+00 1.021582031250000000e+01 6.125636577606201172e+00
7.010666847229003906e+00 8.467548370361328125e+00 1.169745159149169922e+01
6.994751453399658203e+00 8.455325126647949219e+00 1.173535728454589844e+01
4.210449218750000000e+00 7.083822250366210938e+00 1.109895515441894531e+01
6.364375114440917969e+00 1.088994407653808594e+01 6.443210124969482422e+00
2.330684900283813477e+00 8.121949195861816406e+00 5.694036960601806641e+00
1.765685319900512695e+00 6.296718597412109375e+00 9.758635520935058594e+00
5.504779815673828125e+00 9.021092414855957031e+00 8.882592201232910156e+00
-2.642628192901611328e+00 -7.004137992858886719e+00 -8.252869606018066406e+00
-1.800317764282226562e+00 -6.660150051116943359e+00 -9.992840766906738281e+00
-5.463289260864257812e+00 -5.656678676605224609e+00 -9.369182586669921875e+00
-3.295105218887329102e+00 -5.760605335235595703e+00 -1.077537918090820312e+01
-2.232985258102416992e+00 -7.029129981994628906e+00 -8.042696952819824219e+00
-7.067263126373291016e-01 -7.213849067687988281e+00 -9.311905860900878906e+00
-5.451911926269531250e+00 -5.548733711242675781e+00 -9.250343322753906250e+00
-2.987423419952392578e+00 -5.627125740051269531e+00 -1.064316749572753906e+01
-1.708032846450805664e+00 -7.714961051940917969e+00 -8.100374221801757812e+00
6.096484661102294922e-01 -8.462379455566406250e+00 -9.154652595520019531e+00
1.749759763479232788e-01 -8.581022262573242188e+00 -8.808712959289550781e+00
6.604933738708496094e-01 -7.976471424102783203e+00 -8.918866157531738281e+00
-4.222867488861083984e+00 -6.772792816162109375e+00 -7.737782478332519531e+00
-1.163769483566284180e+00 -8.822284698486328125e+00 -8.811067581176757812e+00
-7.692053318023681641e-01 -8.101268768310546875e+00 -9.028483390808105469e+00
-3.987649202346801758e+00 -7.881118774414062500e+00 -9.385592460632324219e+00
-7.997853159904479980e-01 -7.292192935943603516e+00 -9.571135520935058594e+00
-5.267551898956298828e+00 -7.314617156982421875e+00 -9.993834495544433594e+00
-3.152379989624023438e+00 -8.179691314697265625e+00 -9.060501098632812500e+00
5.853673219680786133e-01 -8.084684371948242188e+00 -9.284104347229003906e+00
-4.559054374694824219e-01 -8.766745567321777344e+00 -9.519642829895019531e+00
-1.402974873781204224e-01 -7.508221626281738281e+00 -9.464483261108398438e+00
-4.947515964508056641e+00 -7.480991363525390625e+00 -9.925262451171875000e+00
-4.153514385223388672e+00 -7.983591079711914062e+00 -9.515857696533203125e+00
-1.015498042106628418e+00 -9.231964111328125000e+00 -9.033500671386718750e+00
-3.465180397033691406e+00 -7.492215633392333984e+00 -1.010011291503906250e+01
-3.961390972137451172e+00 -7.194902420043945312e+00 -1.035826110839843750e+01
5.180513262748718262e-01 -8.779213905334472656e+00 -8.335474014282226562e+00
-9.451528191566467285e-01 -9.179443359375000000e+00 -8.523243904113769531e+00
-1.908769488334655762e+00 -7.663500308990478516e+00 -7.605389118194580078e+00
1.282614707946777344e+00 -8.679146766662597656e+00 -8.632115364074707031e+00
-4.602206707000732422e+00 -6.921442031860351562e+00 -7.574190616607666016e+00
-1.054952621459960938e+00 -7.297377109527587891e+00 -9.511386871337890625e+00
-4.697225689888000488e-01 -1.487896323204040527e+00 -6.289025306701660156e+00
-3.723330259323120117e+00 6.210544705390930176e-01 -1.075273323059082031e+01
-2.428936719894409180e+00 -6.648168087005615234e+00 -1.053496456146240234e+01
-1.876470923423767090e+00 -6.824113845825195312e+00 -1.019069671630859375e+01
2.345144897699356079e-01 -7.474018573760986328e+00 -9.341369628906250000e+00
-6.682567596435546875e-01 -7.291388988494873047e+00 -9.659276962280273438e+00
7.325612753629684448e-02 -7.504094600677490234e+00 -9.490349769592285156e+00
7.079154253005981445e-01 -8.477067947387695312e+00 -8.074892044067382812e+00
1.696015596389770508e+00 -8.378002166748046875e+00 -8.568880081176757812e+00
-1.898957490921020508e+00 -7.724526882171630859e+00 -7.680600166320800781e+00
-4.912716388702392578e+00 -7.082972526550292969e+00 -7.778441429138183594e+00
-4.154739379882812500e+00 -7.851091384887695312e+00 -9.534947395324707031e+00
-5.191574096679687500e+00 -7.377923488616943359e+00 -1.001276302337646484e+01
-5.798755958676338196e-02 -3.501136302947998047e+00 -5.764496803283691406e+00
-1.728301942348480225e-01 -2.799070835113525391e+00 -5.849691867828369141e+00
-1.175842285156250000e-01 -3.382867336273193359e+00 -5.713807106018066406e+00
-6.334132049232721329e-03 -3.507729530334472656e+00 -5.854378700256347656e+00
-1.740249060094356537e-02 -3.508639812469482422e+00 -5.836428165435791016e+00
-4.697522640228271484e+00 -6.791600227355957031e+00 -7.536317348480224609e+00
-2.873725652694702148e+00 -6.004142761230468750e+00 -7.800947189331054688e+00
-2.537389516830444336e+00 -7.055972576141357422e+00 -7.216544151306152344e+00
1.149608969688415527e+00 -8.389506340026855469e+00 -8.700958251953125000e+00
-1.516264438629150391e+00 -6.707727909088134766e+00 -7.354501724243164062e+00
-6.633299827575683594e+00 -6.577164649963378906e+00 -9.461370468139648438e+00
-1.187555217742919922e+01 2.716681003570556641e+00 -5.884633541107177734e+00
-1.523041129112243652e+00 -8.590459823608398438e+00 -8.287755012512207031e+00
1.198158621788024902e+00 -8.556138038635253906e+00 -8.467638969421386719e+00
-3.396123051643371582e-01 -9.167817115783691406e+00 -9.111952781677246094e+00
1.190155863761901855e+00 -8.773315429687500000e+00 -8.951453208923339844e+00
8.664463043212890625e+00 4.110820770263671875e+00 1.235328197479248047e+01
8.188190460205078125e+00 9.004312515258789062e+00 6.884462833404541016e+00
8.150321960449218750e+00 8.612502098083496094e+00 8.597728729248046875e+00
4.721199035644531250e+00 7.955594062805175781e+00 1.810708403587341309e+00
4.484680652618408203e+00 8.034591674804687500e+00 1.846085786819458008e+00
5.244173526763916016e+00 7.376665115356445312e+00 1.133963942527770996e+00
4.693656444549560547e+00 7.243548870086669922e+00 1.688828349113464355e+00
5.166582107543945312e+00 7.414881229400634766e+00 1.214624643325805664e+00
8.673397064208984375e+00 4.621682643890380859e+00 1.080769443511962891e+01
8.404478073120117188e+00 4.907436370849609375e+00 1.224409770965576172e+01
7.924396514892578125e+00 -2.035216331481933594e+00 4.924681484699249268e-01
7.849316596984863281e+00 4.928195953369140625e+00 1.163546466827392578e+01
7.267993927001953125e+00 -1.003645777702331543e+00 3.643296718597412109e+00
7.594351291656494141e+00 -1.133548140525817871e+00 3.033551216125488281e+00
7.863020420074462891e+00 7.460076332092285156e+00 3.913735628128051758e+00
8.178296089172363281e+00 7.941383361816406250e+00 3.508845090866088867e+00
1.567460417747497559e+00 7.836013317108154297e+00 1.560467600822448730e+00
8.461929321289062500e+00 7.522236824035644531e+00 7.880036830902099609e+00
8.945947647094726562e+00 8.591145515441894531e+00 1.097032260894775391e+01
8.921133995056152344e+00 8.613187789916992188e+00 1.087107467651367188e+01
8.653709411621093750e+00 6.393828392028808594e+00 1.000784015655517578e+01
7.988222599029541016e+00 6.717378616333007812e+00 1.333367347717285156e+01
7.864259719848632812e+00 7.910844802856445312e+00 9.989332199096679688e+00
7.267943382263183594e+00 8.570251464843750000e+00 9.393020629882812500e+00
6.091714382171630859e+00 6.694836139678955078e+00 4.038200855255126953e+00
4.169393062591552734e+00 7.160436630249023438e+00 5.357486724853515625e+00
8.414566993713378906e+00 2.379663705825805664e+00 1.028799343109130859e+01
7.648994922637939453e+00 7.676222324371337891e+00 1.269037628173828125e+01
8.500549316406250000e+00 2.741019964218139648e+00 1.042628574371337891e+01
8.508543014526367188e+00 2.670993566513061523e+00 1.048054599761962891e+01
8.988195419311523438e+00 -2.592096805572509766e+00 -1.010111451148986816e+00
8.556235313415527344e+00 3.335543870925903320e+00 1.048862934112548828e+01
8.174365997314453125e+00 1.486602187156677246e+00 9.904940605163574219e+00
8.624802589416503906e+00 6.846630096435546875e+00 8.047074317932128906e+00
8.649615287780761719e+00 6.765705108642578125e+00 8.286105155944824219e+00
7.264834880828857422e+00 5.121977329254150391e+00 9.255286216735839844e+00
7.144405364990234375e+00 5.079273223876953125e+00 9.004299163818359375e+00
7.589849472045898438e+00 5.364307880401611328e+00 1.157766056060791016e+01
7.359811782836914062e+00 5.182136058807373047e+00 1.025719928741455078e+01
7.541132450103759766e+00 5.364091396331787109e+00 1.151588535308837891e+01
6.102253437042236328e+00 1.050614452362060547e+01 6.854162693023681641e+00
8.042162895202636719e+00 1.092466926574707031e+01 5.130839347839355469e+00
8.744845390319824219e+00 6.337071418762207031e+00 3.014785289764404297e+00
9.267302513122558594e+00 6.523517131805419922e+00 2.677582740783691406e+00
7.267647743225097656e+00 6.085349082946777344e+00 4.001452922821044922e+00
6.859568119049072266e+00 6.058433532714843750e+00 4.206683635711669922e+00
9.159632682800292969e+00 6.999638080596923828e+00 2.257958173751831055e+00
7.325797080993652344e+00 6.535180091857910156e+00 3.003526687622070312e+00
3.906621694564819336e+00 4.217506885528564453e+00 -3.002904415130615234e+00
8.563342094421386719e+00 6.873600959777832031e+00 2.547117948532104492e+00
8.621190071105957031e+00 6.601299285888671875e+00 2.694820642471313477e+00
8.181812286376953125e+00 6.506916522979736328e+00 2.902187824249267578e+00
3.750131845474243164e+00 5.606184959411621094e+00 -3.917008876800537109e+00
4.186972141265869141e+00 3.842236042022705078e+00 -1.505560874938964844e+00
3.345346927642822266e+00 3.715544462203979492e+00 -5.711051821708679199e-01
3.421882390975952148e+00 3.785067081451416016e+00 -7.562836408615112305e-01
9.129910916090011597e-02 3.115057229995727539e+00 -3.802691698074340820e+00
3.653227090835571289e+00 4.249440193176269531e+00 -3.225256919860839844e+00
3.501901626586914062e+00 4.217844486236572266e+00 -3.914979219436645508e+00
3.217855691909790039e+00 4.078716754913330078e+00 -4.181042671203613281e+00
8.026446342468261719e+00 6.200371265411376953e+00 3.122074365615844727e+00
3.923803091049194336e+00 4.544559478759765625e+00 -3.094267129898071289e+00
8.575177192687988281e+00 5.955993175506591797e+00 1.285086822509765625e+01
7.724001407623291016e+00 6.086318969726562500e+00 1.323131656646728516e+01
7.593609333038330078e+00 6.266684055328369141e+00 1.345259189605712891e+01
8.189524650573730469e+00 7.153503417968750000e+00 9.919625282287597656e+00
7.463338851928710938e+00 6.507575988769531250e+00 3.896669864654541016e+00
8.061202049255371094e+00 -2.440093517303466797e+00 -3.721142530441284180e+00
8.756299018859863281e+00 6.483097553253173828e+00 1.058110618591308594e+01
8.479827880859375000e+00 6.357276439666748047e+00 1.116881656646728516e+01
7.755375862121582031e+00 7.298690795898437500e+00 1.309107685089111328e+01
8.485073089599609375e+00 6.373556613922119141e+00 1.033660984039306641e+01
8.668802261352539062e+00 6.572558403015136719e+00 1.128459835052490234e+01
8.227057456970214844e+00 6.123064994812011719e+00 1.009210109710693359e+01
8.369515419006347656e+00 6.131285667419433594e+00 1.033458328247070312e+01
8.053035736083984375e+00 1.093684387207031250e+01 5.114808559417724609e+00
8.100478172302246094e+00 1.099585437774658203e+01 5.029891014099121094e+00
7.764022350311279297e+00 8.341051101684570312e+00 9.907932281494140625e+00
9.372803688049316406e+00 5.474892139434814453e+00 1.157703304290771484e+01
7.944694042205810547e+00 5.767871856689453125e+00 1.217951774597167969e+01
8.541131019592285156e+00 5.448447227478027344e+00 1.224289608001708984e+01
8.207261085510253906e+00 8.965117454528808594e+00 4.655945777893066406e+00
8.167736053466796875e+00 7.918656349182128906e+00 7.866635799407958984e+00
8.327405929565429688e+00 5.122959136962890625e+00 1.490088367462158203e+01
8.219562530517578125e+00 8.074434280395507812e+00 2.686226129531860352e+00
7.761546611785888672e+00 8.163857460021972656e+00 2.801958322525024414e+00
6.548197746276855469e+00 9.068368911743164062e+00 9.379226684570312500e+00
5.927750110626220703e+00 1.090867161750793457e+00 2.197684526443481445e+00
7.975359439849853516e+00 6.145582199096679688e+00 1.399149513244628906e+01
6.965517520904541016e+00 3.868743896484375000e+00 3.345591425895690918e-01
8.678309440612792969e+00 6.861114978790283203e+00 2.415322065353393555e+00
9.287315368652343750e+00 6.364328861236572266e+00 2.724397420883178711e+00
6.197599887847900391e+00 3.701059818267822266e+00 -1.617255210876464844e+00
4.567833423614501953e+00 7.665293216705322266e+00 5.152580738067626953e+00
6.737341880798339844e+00 3.021161556243896484e+00 -2.611480951309204102e+00
8.385866165161132812e+00 -2.045431375503540039e+00 2.415793895721435547e+00
8.165741920471191406e+00 -2.671272039413452148e+00 2.098152875900268555e+00
-9.891730308532714844e+00 -2.132650947570800781e+01 -1.217584686279296875e+02
7.989731788635253906e+00 -1.441802501678466797e+00 2.211245298385620117e+00
7.873351573944091797e+00 4.973305702209472656e+00 1.167611026763916016e+01
7.989732742309570312e+00 -1.441478252410888672e+00 2.211024045944213867e+00
7.402048587799072266e+00 5.295744895935058594e+00 1.193179702758789062e+01
9.504400253295898438e+00 -1.371223092079162598e+00 8.819758892059326172e-01
9.148424148559570312e+00 -9.485049247741699219e-01 2.585096359252929688e+00
9.678601264953613281e+00 -8.548235297203063965e-01 1.686567664146423340e+00
9.669069290161132812e+00 -3.741897046566009521e-01 2.625094175338745117e+00
8.385890007019042969e+00 -2.171811014413833618e-01 2.349624395370483398e+00
8.202249526977539062e+00 -1.538486242294311523e+00 2.283198833465576172e+00
8.226095199584960938e+00 -1.515339016914367676e+00 2.468839645385742188e+00
6.070679187774658203e+00 6.825428962707519531e+00 -3.651607930660247803e-01
7.349305629730224609e+00 4.490954399108886719e+00 5.046681165695190430e-01
7.361071586608886719e+00 4.488029479980468750e+00 5.347758531570434570e-01
7.308224678039550781e+00 4.412270069122314453e+00 5.184944272041320801e-01
8.145738601684570312e+00 -2.549619674682617188e+00 2.332427501678466797e+00
9.269485473632812500e+00 -9.099418520927429199e-01 1.965199828147888184e+00
8.861561775207519531e+00 -1.654002785682678223e+00 2.542993068695068359e+00
8.934312820434570312e+00 -1.031429171562194824e+00 2.314210176467895508e+00
8.997019767761230469e+00 -1.708493232727050781e+00 2.608620405197143555e+00
8.119377136230468750e+00 1.103757667541503906e+01 5.007182598114013672e+00
8.400259971618652344e+00 -2.033220529556274414e+00 1.569111347198486328e+00
8.361348152160644531e+00 -1.938844799995422363e+00 1.792928695678710938e+00
8.397046089172363281e+00 -3.110228061676025391e+00 6.263573169708251953e-01
6.970116615295410156e+00 4.308430194854736328e+00 -1.170942783355712891e-01
3.849836111068725586e+00 7.084347248077392578e+00 2.835711479187011719e+00
6.042011737823486328e+00 2.391231060028076172e+00 6.736314296722412109e-02
5.835042476654052734e+00 1.474154949188232422e+00 1.574493527412414551e+00
6.138766765594482422e+00 1.186257600784301758e+00 8.867174386978149414e-01
3.354083061218261719e+00 6.462481021881103516e+00 5.717784404754638672e+00
4.626173973083496094e+00 6.691354751586914062e+00 3.910088300704956055e+00
6.113797664642333984e+00 2.183300495147705078e+00 4.808197915554046631e-01
9.436617851257324219e+00 -1.880529761314392090e+00 1.843548297882080078e+00
4.200216770172119141e+00 3.762162446975708008e+00 -1.457330226898193359e+00
7.090087413787841797e+00 8.698612213134765625e+00 9.922680854797363281e+00
8.430105209350585938e+00 5.785787105560302734e+00 1.253456687927246094e+01
8.398143768310546875e+00 5.813690662384033203e+00 1.266512203216552734e+01
8.126513481140136719e+00 1.240292429924011230e+00 9.825333595275878906e+00
8.306839942932128906e+00 5.115753173828125000e+00 1.487679386138916016e+01
-7.823687553405761719e+00 -5.812623023986816406e+00 -7.651670455932617188e+00
-7.668552398681640625e+00 -6.349162101745605469e+00 -8.027379989624023438e+00
-1.062311267852783203e+01 -5.107718944549560547e+00 -6.287416934967041016e+00
-1.440403556823730469e+01 -2.702168941497802734e+00 -7.790187358856201172e+00
-1.053387928009033203e+01 1.315089344978332520e+00 -3.029298305511474609e+00
-1.350278615951538086e+00 1.441190719604492188e+00 -7.463418960571289062e+00
-1.288767814636230469e+01 -1.785692811012268066e+00 -6.543029308319091797e+00
-9.910947799682617188e+00 1.364992856979370117e+00 -2.472742080688476562e+00
-9.797300338745117188e+00 -1.710961103439331055e+00 -9.025562286376953125e+00
-9.841454505920410156e+00 -2.317490577697753906e+00 -9.253030776977539062e+00
-1.314692974090576172e+01 -2.209378242492675781e+00 -8.383005142211914062e+00
-1.296062088012695312e+01 -3.562990188598632812e+00 -9.002833366394042969e+00
-1.071770572662353516e+01 -5.659160137176513672e+00 -6.302866458892822266e+00
-1.436837005615234375e+01 -2.829910755157470703e+00 -7.838061809539794922e+00
-1.105051517486572266e+01 -6.862575054168701172e+00 -6.651903629302978516e+00
-1.434910011291503906e+01 -3.068507671356201172e+00 -7.898960113525390625e+00
-1.054335308074951172e+01 5.299491286277770996e-01 -2.605349302291870117e+00
-9.963492393493652344e+00 2.614782750606536865e-02 -2.472310543060302734e+00
-1.006762313842773438e+01 -5.396544188261032104e-02 -2.428862810134887695e+00
-1.065351104736328125e+01 -6.889584064483642578e+00 -5.877453327178955078e+00
-1.047739315032958984e+01 -6.444863796234130859e+00 -6.162021636962890625e+00
-1.089427375793457031e+01 -7.538370609283447266e+00 -5.562326908111572266e+00
-9.984679222106933594e+00 -5.356903672218322754e-01 -5.804420471191406250e+00
-1.106154918670654297e+01 1.254968166351318359e+00 -5.408738136291503906e+00
-1.008764171600341797e+01 -2.802448272705078125e-01 -5.633690834045410156e+00
-1.101315021514892578e+01 1.331860899925231934e+00 -4.963603496551513672e+00
-9.440171241760253906e+00 -9.240669012069702148e-01 -6.166802883148193359e+00
-1.075530624389648438e+01 9.401420354843139648e-01 -5.833388328552246094e+00
-1.154816913604736328e+01 2.120406866073608398e+00 -5.470643997192382812e+00
-1.014766120910644531e+01 -1.862117052078247070e+00 -2.970305681228637695e+00
-1.009766197204589844e+01 -1.413302302360534668e+00 -8.836815834045410156e+00
-1.059128475189208984e+01 -1.636976003646850586e+00 -8.837035179138183594e+00
-1.032904052734375000e+01 -3.630717754364013672e+00 -5.816355228424072266e+00
-1.041414260864257812e+01 -7.165327668190002441e-01 -5.671913623809814453e+00
-1.149555397033691406e+01 1.614330172538757324e+00 -5.742225170135498047e+00
-1.140871715545654297e+01 1.810950040817260742e+00 -5.405959606170654297e+00
-1.150562000274658203e+01 1.685818910598754883e+00 -5.699841022491455078e+00
-1.148212146759033203e+01 9.159618020057678223e-01 -6.082733631134033203e+00
-1.027388572692871094e+01 -3.367523670196533203e+00 -5.916468143463134766e+00
-1.044876384735107422e+01 -4.047226428985595703e+00 -5.599412441253662109e+00
5.333679199218750000e+00 5.268901348114013672e+00 1.220712375640869141e+01
6.154697895050048828e+00 5.774855136871337891e+00 1.326729965209960938e+01
-2.008999347686767578e+00 -9.742506027221679688e+00 1.108539295196533203e+01
4.564211845397949219e+00 2.519355297088623047e+00 3.458919286727905273e+00
9.007830917835235596e-02 8.661794662475585938e+00 1.309207558631896973e+00
-3.331064013764262199e-03 8.725275993347167969e+00 1.255481004714965820e+00
8.955238014459609985e-02 8.662106513977050781e+00 1.309270977973937988e+00
-2.006557226181030273e+00 -9.745959281921386719e+00 1.108470058441162109e+01
1.106448054313659668e+00 7.836117744445800781e+00 2.336245775222778320e+00
3.612929582595825195e-01 6.859314918518066406e+00 7.776396751403808594e+00
-2.029317855834960938e+00 -9.577136039733886719e+00 1.095036602020263672e+01
3.442736268043518066e-01 6.863968849182128906e+00 7.757975578308105469e+00
3.703060746192932129e-01 6.856650352478027344e+00 7.799592494964599609e+00
7.189507484436035156e+00 6.809045791625976562e+00 1.771164512634277344e+01
2.167430400848388672e+00 6.159404277801513672e+00 1.133356189727783203e+01
4.166015625000000000e+00 6.287011623382568359e+00 1.357753753662109375e+01
6.878037452697753906e+00 7.131614685058593750e+00 1.806464004516601562e+01
3.377882719039916992e+00 5.951905727386474609e+00 1.284389781951904297e+01
3.514857769012451172e+00 6.118200302124023438e+00 1.300453567504882812e+01
7.398436546325683594e+00 7.462948322296142578e+00 1.730725860595703125e+01
3.355141639709472656e+00 6.373050212860107422e+00 1.288882350921630859e+01
3.128351688385009766e+00 6.393985271453857422e+00 1.272729015350341797e+01
5.666074752807617188e+00 6.675362110137939453e+00 1.504859066009521484e+01
7.367822170257568359e+00 7.443205356597900391e+00 1.787836456298828125e+01
4.145630359649658203e+00 6.251359462738037109e+00 1.357313442230224609e+01
3.258849620819091797e+00 5.905460834503173828e+00 1.285644721984863281e+01
1.291193127632141113e+00 1.941408395767211914e+00 4.036189079284667969e+00
6.194272518157958984e+00 7.713543891906738281e+00 1.723926162719726562e+01
1.419449090957641602e+00 4.968761920928955078e+00 9.106022834777832031e+00
6.309829711914062500e+00 7.539299011230468750e+00 1.800208473205566406e+01
4.746325492858886719e+00 6.398384094238281250e+00 1.405560302734375000e+01
6.130144119262695312e+00 7.343069076538085938e+00 1.759562110900878906e+01
6.491428375244140625e+00 7.076014041900634766e+00 1.654427337646484375e+01
6.568468570709228516e+00 7.976716518402099609e+00 1.710479927062988281e+01
6.518550872802734375e+00 7.089619159698486328e+00 1.652485656738281250e+01
6.897846698760986328e+00 7.526193141937255859e+00 1.660634040832519531e+01
1.496685385704040527e+00 6.562093257904052734e+00 9.002922058105468750e+00
2.983935594558715820e+00 6.810923099517822266e+00 1.073532676696777344e+01
5.767754077911376953e+00 4.715784072875976562e+00 8.861553192138671875e+00
5.559902191162109375e+00 5.362229824066162109e+00 1.266729164123535156e+01
4.397137761116027832e-01 6.869373321533203125e+00 7.771276950836181641e+00
2.814741849899291992e+00 6.143359661102294922e+00 1.162564754486083984e+01
6.101233482360839844e+00 6.937156677246093750e+00 1.581719207763671875e+01
5.111431121826171875e+00 6.395898342132568359e+00 1.426373481750488281e+01
4.707733154296875000e+00 5.747491359710693359e+00 1.272212982177734375e+01
3.863819599151611328e+00 5.102591991424560547e+00 9.792092323303222656e+00
4.587686359882354736e-01 5.116157054901123047e+00 -3.961910009384155273e-01
7.033497810363769531e+00 8.051901817321777344e+00 1.722236442565917969e+01
7.276159763336181641e+00 7.901088237762451172e+00 1.728960227966308594e+01
7.306569576263427734e+00 7.272600173950195312e+00 1.726991462707519531e+01
6.452261447906494141e+00 6.993216991424560547e+00 1.740401458740234375e+01
6.233048439025878906e+00 7.902891159057617188e+00 1.762335586547851562e+01
3.781389474868774414e+00 6.292369842529296875e+00 1.325448036193847656e+01
6.857144832611083984e+00 7.563070774078369141e+00 1.819956207275390625e+01
6.886614322662353516e+00 6.921429634094238281e+00 1.732552909851074219e+01
7.218097686767578125e+00 7.916048049926757812e+00 1.790339851379394531e+01
6.101546764373779297e+00 6.037743091583251953e+00 1.410064315795898438e+01
9.241014719009399414e-01 2.914982736110687256e-01 4.995290279388427734e+00
8.432681083679199219e+00 9.105299949645996094e+00 5.831100940704345703e+00
3.172142982482910156e+00 6.282618999481201172e+00 1.233918857574462891e+01
6.668576240539550781e+00 8.191383361816406250e+00 1.750806236267089844e+01
2.454805932939052582e-02 8.707066535949707031e+00 1.270365953445434570e+00
-3.063288284465670586e-03 8.725192070007324219e+00 1.255575180053710938e+00
3.092335224151611328e+00 6.115918159484863281e+00 1.270300960540771484e+01
-3.124428033828735352e+00 -8.440122604370117188e+00 4.960923671722412109e+00
-3.654650688171386719e+00 -7.412812232971191406e+00 4.651344776153564453e+00
6.293263435363769531e+00 1.001642990112304688e+01 8.494988441467285156e+00
-3.653702259063720703e+00 -6.901157379150390625e+00 7.205175399780273438e+00
6.455098628997802734e+00 7.019494056701660156e+00 1.785736083984375000e+01
-3.687480449676513672e+00 -6.862557411193847656e+00 -7.786537408828735352e-01
-3.826068878173828125e+00 -7.050296783447265625e+00 -7.811776399612426758e-01
-3.861009359359741211e+00 -7.094331741333007812e+00 -7.072667479515075684e-01
-4.414353847503662109e+00 -4.528067111968994141e+00 -1.129087209701538086e+00
-5.581257343292236328e+00 -4.724448204040527344e+00 -2.064087867736816406e+00
-4.774931907653808594e+00 -4.914901733398437500e+00 -1.536766409873962402e+00
-4.994421482086181641e+00 -5.064436435699462891e+00 -1.763638854026794434e+00
-4.454424083232879639e-01 -3.272615194320678711e+00 -5.078079700469970703e+00
-4.317686557769775391e+00 -7.291413307189941406e+00 -2.683857828378677368e-02
-4.361294269561767578e+00 -7.322369575500488281e+00 -6.153546646237373352e-02
-3.885075092315673828e+00 -4.034786701202392578e+00 -7.536031603813171387e-01
-4.000819683074951172e+00 -7.021199226379394531e+00 -8.151919245719909668e-01
-5.041053295135498047e+00 -5.637924194335937500e+00 -3.058288097381591797e+00
-4.760351657867431641e+00 -7.196237087249755859e+00 -5.163576602935791016e-01
4.674599170684814453e+00 1.663511693477630615e-01 -2.252743482589721680e+00
2.661531209945678711e+00 -5.678628683090209961e-01 -1.793981075286865234e+00
-4.617741107940673828e+00 -4.632769107818603516e+00 -1.373117566108703613e+00
-7.208535671234130859e+00 -2.996118307113647461e+00 -1.821380734443664551e+00
-7.206396579742431641e+00 -2.998466014862060547e+00 -1.830773830413818359e+00
5.960268497467041016e+00 1.266595959663391113e+00 -1.635665059089660645e+00
5.851929187774658203e+00 9.858011603355407715e-01 -1.791552066802978516e+00
5.885409832000732422e+00 1.701953649520874023e+00 4.203431606292724609e-01
6.614531993865966797e+00 2.874143362045288086e+00 -2.787990331649780273e+00
5.787043571472167969e+00 1.051783680915832520e+00 -1.403607845306396484e+00
3.272188663482666016e+00 3.377620697021484375e+00 6.816265106201171875e+00
-3.613347411155700684e-01 3.608613967895507812e+00 5.510147571563720703e+00
-3.169410228729248047e-01 3.603696107864379883e+00 5.574575901031494141e+00
3.975898742675781250e+00 5.272624969482421875e+00 -3.383439540863037109e+00
-4.540306091308593750e+00 -6.854023456573486328e+00 5.969037055969238281e+00
5.841091156005859375e+00 6.468172073364257812e-01 -1.724173426628112793e+00
-4.673790931701660156e+00 -6.787747859954833984e+00 6.002761363983154297e+00
5.067405223846435547e+00 2.973617315292358398e+00 1.477609992027282715e+00
5.498704910278320312e+00 6.887180328369140625e+00 6.780060529708862305e-01
9.650565147399902344e+00 6.416314601898193359e+00 1.505542278289794922e+00
5.166601657867431641e+00 2.995849847793579102e+00 1.314222812652587891e+00
-9.344950675964355469e+00 5.373781919479370117e-01 -1.965940475463867188e+00
-8.418862342834472656e+00 -9.455669522285461426e-01 -1.502744555473327637e+00
-8.533434867858886719e+00 -7.486950755119323730e-01 -1.513854742050170898e+00
-8.880132675170898438e+00 -3.101654648780822754e-01 -1.683771848678588867e+00
-9.436285972595214844e+00 1.114814877510070801e+00 -2.129403829574584961e+00
-7.521196365356445312e+00 -2.698374986648559570e+00 -1.851054906845092773e+00
-8.614055633544921875e+00 -7.758276462554931641e-01 -1.615260958671569824e+00
-9.494362831115722656e+00 1.092425704002380371e+00 -2.135939121246337891e+00
-4.181138038635253906e+00 1.339689135551452637e+00 -1.083983516693115234e+01
-8.495981216430664062e+00 -9.210896492004394531e-01 -9.017274856567382812e+00
-6.664519309997558594e+00 -4.694451808929443359e+00 -8.209240913391113281e+00
-8.784045219421386719e+00 -8.835614919662475586e-01 -8.781171798706054688e+00
-5.826303958892822266e+00 -7.034904003143310547e+00 -1.790284156799316406e+00
-9.274015426635742188e+00 -2.171905040740966797e+00 -9.151456832885742188e+00
-7.554460525512695312e+00 -4.503900051116943359e+00 -6.166100025177001953e+00
-7.477113246917724609e+00 -4.661800384521484375e+00 -6.804182052612304688e+00
-5.698647975921630859e+00 -6.994265079498291016e+00 -1.690303921699523926e+00
-7.728245258331298828e+00 -4.981473922729492188e+00 -7.165066242218017578e+00
-8.920183181762695312e+00 -1.116848468780517578e+00 -8.875012397766113281e+00
5.342408418655395508e-01 -9.220682144165039062e+00 -6.984381675720214844e+00
-8.990317344665527344e+00 -2.263196468353271484e+00 -9.025764465332031250e+00
-9.480017662048339844e+00 1.094587087631225586e+00 -2.110507488250732422e+00
-8.383579254150390625e+00 -3.784559011459350586e+00 -5.141982555389404297e+00
-1.205508232116699219e+01 -2.685732126235961914e+00 -6.715084552764892578e+00
-6.112032890319824219e+00 -6.054223537445068359e+00 -2.349587202072143555e+00
-5.461199760437011719e+00 -5.803368568420410156e+00 -2.216132402420043945e+00
-5.350573539733886719e+00 -5.882737636566162109e+00 -2.253623247146606445e+00
2.711323976516723633e+00 4.787133693695068359e+00 -7.466255664825439453e+00
3.385275602340698242e+00 4.391900062561035156e+00 -7.179490089416503906e+00
8.337308764457702637e-01 4.576325416564941406e+00 -7.461713314056396484e+00
9.551622271537780762e-01 5.655133247375488281e+00 -7.725641250610351562e+00
1.934788823127746582e+00 5.258843898773193359e+00 -6.608543395996093750e+00
1.946529150009155273e+00 4.987754344940185547e+00 -6.830297946929931641e+00
1.596630692481994629e+00 5.026178359985351562e+00 -7.237497329711914062e+00
1.991020917892456055e+00 5.212290763854980469e+00 -7.293809890747070312e+00
1.845610857009887695e+00 4.969764232635498047e+00 -7.998145580291748047e+00
1.134401917457580566e+00 2.984100103378295898e+00 -4.518662929534912109e+00
2.689143419265747070e+00 5.937953948974609375e+00 -6.453508377075195312e+00
2.536664962768554688e+00 5.908563613891601562e+00 -6.742529869079589844e+00
2.629661083221435547e+00 5.718125343322753906e+00 -6.373114585876464844e+00
2.701242685317993164e+00 5.429300308227539062e+00 -6.374304294586181641e+00
2.555376291275024414e+00 5.375473976135253906e+00 -6.676845550537109375e+00
9.446792602539062500e-01 4.727790355682373047e+00 -7.025559902191162109e+00
4.681842327117919922e-01 3.668511152267456055e+00 -3.978922128677368164e+00
1.077300429344177246e+00 -9.330060958862304688e+00 3.829747915267944336e+00
7.403973937034606934e-01 4.052627086639404297e+00 -3.995874881744384766e+00
4.793494641780853271e-01 4.529233455657958984e+00 -3.977269172668457031e+00
-8.463621735572814941e-01 5.276482582092285156e+00 -4.038483142852783203e+00
9.679462313652038574e-01 -9.288166046142578125e+00 3.871222734451293945e+00
6.640000343322753906e-01 4.240622997283935547e+00 -3.837667226791381836e+00
9.002276659011840820e-01 -9.274186134338378906e+00 3.865399360656738281e+00
1.639075398445129395e+00 4.612372875213623047e+00 -7.153051853179931641e+00
2.010946035385131836e+00 5.016196250915527344e+00 -7.321713924407958984e+00
2.683363914489746094e+00 5.351103305816650391e+00 -7.060234069824218750e+00
-9.809854030609130859e-01 5.154580593109130859e+00 -4.488768577575683594e+00
4.328567385673522949e-01 6.138482570648193359e+00 -6.620839238166809082e-01
-3.596891462802886963e-01 5.306362628936767578e+00 -2.469568729400634766e+00
5.279127359390258789e-01 3.780075788497924805e+00 2.180067777633666992e+00
-2.386136770248413086e+00 -8.567445755004882812e+00 4.100147247314453125e+00
1.238258481025695801e+00 4.950771331787109375e+00 9.466943740844726562e+00
6.558174133300781250e+00 6.066298484802246094e+00 1.478340816497802734e+01
1.066018819808959961e+00 4.817099094390869141e+00 2.607000470161437988e-01
-2.128694534301757812e+00 -7.784491539001464844e+00 3.958235740661621094e+00
-2.263143062591552734e+00 -7.236944675445556641e+00 3.849880933761596680e+00
1.627540946006774902e+00 4.627596378326416016e+00 2.618727684020996094e+00
1.139082431793212891e+00 4.761729717254638672e+00 4.385311007499694824e-01
-2.623071432113647461e+00 -7.873667240142822266e+00 3.851157665252685547e+00
-1.871176242828369141e+00 -7.826731204986572266e+00 3.982678651809692383e+00
1.127055287361145020e+00 4.763056755065917969e+00 4.884524345397949219e-01
4.797582626342773438e+00 1.672112703323364258e+00 2.352839469909667969e+00
4.649493217468261719e+00 1.707806706428527832e+00 2.439330339431762695e+00
4.694886207580566406e+00 1.824587345123291016e+00 2.513270378112792969e+00
1.876482069492340088e-01 5.581065654754638672e+00 -1.060164928436279297e+00
1.741255760192871094e+00 7.367053508758544922e+00 5.377422809600830078e+00
4.197198450565338135e-01 5.791936874389648438e+00 -7.648378014564514160e-01
1.308544754981994629e+00 7.544781684875488281e+00 6.443686962127685547e+00
1.478061079978942871e+00 7.195565700531005859e+00 4.314971446990966797e+00
-1.201850533485412598e+00 -8.071534156799316406e+00 3.978304862976074219e+00
-1.869317770004272461e+00 -7.826867580413818359e+00 4.001650333404541016e+00
-5.146610736846923828e-01 5.296493530273437500e+00 -2.651578426361083984e+00
-4.616705775260925293e-01 5.314039707183837891e+00 -2.961283445358276367e+00
2.849312067031860352e+00 7.429114818572998047e+00 2.261083126068115234e+00
3.581775188446044922e+00 6.946541786193847656e+00 3.695275306701660156e+00
3.798294305801391602e+00 6.758175373077392578e+00 4.145249843597412109e+00
2.681037187576293945e+00 7.168183803558349609e+00 3.071857213973999023e+00
6.890427589416503906e+00 -2.968089878559112549e-01 -4.618360996246337891e-01
3.051180362701416016e+00 7.300033092498779297e+00 2.360661268234252930e+00
3.146138429641723633e+00 7.375323295593261719e+00 2.217236995697021484e+00
1.984201908111572266e+00 7.374742507934570312e+00 4.495189189910888672e+00
4.193789482116699219e+00 7.213489055633544922e+00 2.535117864608764648e+00
2.108829021453857422e+00 7.439618587493896484e+00 1.054449677467346191e+00
1.693140506744384766e+00 7.184912681579589844e+00 3.975888490676879883e+00
1.905966758728027344e+00 6.927659034729003906e+00 1.266335368156433105e+00
1.807503104209899902e+00 7.545123577117919922e+00 1.133090019226074219e+00
2.600563526153564453e+00 7.438294887542724609e+00 2.191179513931274414e+00
6.245614528656005859e+00 1.773499608039855957e+00 -1.550607800483703613e+00
2.043782472610473633e+00 7.418948650360107422e+00 1.539074420928955078e+00
1.712077379226684570e+00 7.337800025939941406e+00 1.238612890243530273e+00
1.245323061943054199e+00 7.822092533111572266e+00 1.239101529121398926e+00
-8.018647432327270508e-01 3.128602981567382812e+00 -8.552923202514648438e+00
3.801520168781280518e-01 6.043783187866210938e+00 -4.226307868957519531e-01
3.272668600082397461e+00 3.474562168121337891e+00 -4.169390678405761719e+00
5.468859672546386719e-01 3.137164592742919922e+00 -4.293037891387939453e+00
-1.554031848907470703e+00 2.811932086944580078e+00 -8.071721076965332031e+00
-1.687120556831359863e+00 2.801272392272949219e+00 -8.083636283874511719e+00
4.119536578655242920e-01 1.921117782592773438e+00 -9.445209503173828125e+00
-1.987628817558288574e+00 2.975015401840209961e+00 -8.037823677062988281e+00
5.598223686218261719e+00 4.078463554382324219e+00 -2.790703296661376953e+00
5.457334041595458984e+00 3.842323780059814453e+00 -2.774851560592651367e+00
5.524989604949951172e+00 3.778784036636352539e+00 -2.648863315582275391e+00
5.321969985961914062e+00 3.692631244659423828e+00 -2.866441965103149414e+00
-4.831624925136566162e-01 3.410752534866333008e+00 -8.095678329467773438e+00
-1.584138035774230957e+00 2.784975767135620117e+00 -7.908903121948242188e+00
-2.543992280960083008e+00 3.088933467864990234e+00 -7.209580421447753906e+00
-2.089582681655883789e+00 3.007361412048339844e+00 -7.479424476623535156e+00
3.456786572933197021e-01 5.959695816040039062e+00 -5.799337029457092285e-01
-1.694085717201232910e+00 -1.861949205398559570e+00 -7.832570552825927734e+00
-4.662702977657318115e-01 1.436187028884887695e+00 -7.539847850799560547e+00
-7.462480068206787109e-01 2.265340328216552734e+00 -8.152820587158203125e+00
-8.082683384418487549e-02 2.282988548278808594e+00 -8.976048469543457031e+00
4.634298682212829590e-01 2.605175018310546875e+00 -7.133198261260986328e+00
6.288377761840820312e+00 5.152861475944519043e-01 -1.756612211465835571e-01
7.136232256889343262e-01 3.348778963088989258e+00 -7.091244697570800781e+00
3.888787031173706055e+00 2.166517496109008789e+00 -2.385458707809448242e+00
3.813470602035522461e+00 3.158223628997802734e+00 -4.398441314697265625e+00
2.322225332260131836e+00 4.781150341033935547e+00 -5.521814823150634766e+00
3.759402513504028320e+00 2.548964977264404297e+00 -3.369670152664184570e+00
4.830523014068603516e+00 3.419836521148681641e+00 -2.563566923141479492e+00
3.035383939743041992e+00 3.293788433074951172e+00 -2.885802507400512695e+00
1.459726691246032715e-01 2.971259355545043945e+00 -7.470993518829345703e+00
-1.069429683685302734e+01 -1.138270974159240723e+00 -5.660750389099121094e+00
-9.891222953796386719e+00 -6.236702919006347656e+00 -3.385911226272583008e+00
-9.951662063598632812e+00 -6.294740676879882812e+00 -3.231816530227661133e+00
-9.881627082824707031e+00 -6.189991950988769531e+00 -3.458656311035156250e+00
-9.897809982299804688e+00 -1.260458588600158691e+00 -2.793365478515625000e+00
-9.464975357055664062e+00 -3.391673803329467773e+00 -4.722050666809082031e+00
-9.510947227478027344e+00 -2.930074214935302734e+00 -4.639453411102294922e+00
-9.514886856079101562e+00 -4.196284294128417969e+00 -4.816386699676513672e+00
-8.804217338562011719e+00 -4.054185390472412109e+00 -4.838583946228027344e+00
-9.198083877563476562e+00 -3.697682380676269531e+00 -4.641443729400634766e+00
-8.280497550964355469e+00 -4.526116847991943359e+00 -5.061207294464111328e+00
-1.249371337890625000e+01 -1.043317079544067383e+00 -6.616450309753417969e+00
-1.238716506958007812e+01 -8.361785411834716797e-01 -6.491203784942626953e+00
-1.269139289855957031e+01 -1.382337927818298340e+00 -6.787055015563964844e+00
-8.768643379211425781e+00 -4.111661911010742188e+00 -4.835595130920410156e+00
-9.255424499511718750e+00 -3.601051568984985352e+00 -4.632833003997802734e+00
-8.181174278259277344e+00 -4.665846824645996094e+00 -5.069629192352294922e+00
-1.116107273101806641e+01 1.466429710388183594e+00 -4.506042957305908203e+00
-9.772921562194824219e+00 8.579496741294860840e-01 -4.625182628631591797e+00
-9.795876502990722656e+00 1.017717838287353516e+00 -4.509582996368408203e+00
-9.747869491577148438e+00 6.376945972442626953e-01 -4.881351947784423828e+00
-9.770348548889160156e+00 -2.030819177627563477e+00 -3.422393321990966797e+00
-9.896664619445800781e+00 -1.676164865493774414e+00 -3.215773820877075195e+00
-1.007791900634765625e+01 -8.544308662414550781e+00 -7.467680931091308594e+00
-1.043154811859130859e+01 -8.096131324768066406e+00 -8.040863037109375000e+00
-9.863717079162597656e+00 -8.826363563537597656e+00 -8.047637939453125000e+00
-1.005643463134765625e+01 -8.318222045898437500e+00 -7.589080810546875000e+00
-1.035734367370605469e+01 -7.969075679779052734e+00 -7.781471252441406250e+00
-9.800239562988281250e+00 -8.740643501281738281e+00 -7.668149948120117188e+00
-1.094648265838623047e+01 -8.563057899475097656e+00 -6.823507785797119141e+00
-1.083966827392578125e+01 -8.059708595275878906e+00 -7.629026412963867188e+00
-1.143415832519531250e+01 -8.999582290649414062e+00 -5.901021957397460938e+00
-1.097891426086425781e+01 -8.519911766052246094e+00 -6.834800243377685547e+00
-1.077134323120117188e+01 -8.002170562744140625e+00 -7.567949771881103516e+00
-1.144385814666748047e+01 -9.018949508666992188e+00 -5.911750316619873047e+00
-9.987709999084472656e+00 -4.259545803070068359e+00 -5.951816082000732422e+00
-1.011826992034912109e+01 -3.683178186416625977e+00 -6.088944911956787109e+00
-9.715892791748046875e+00 -5.202049732208251953e+00 -5.525258064270019531e+00
-1.421046829223632812e+01 -5.287085533142089844e+00 -8.462740898132324219e+00
-1.421825695037841797e+01 -5.230499267578125000e+00 -8.454117774963378906e+00
-1.420225524902343750e+01 -5.369234085083007812e+00 -8.480628013610839844e+00
-1.050051498413085938e+01 -9.179128646850585938e+00 -7.866670608520507812e+00
-1.065984344482421875e+01 -8.562767028808593750e+00 -8.192495346069335938e+00
-1.009420013427734375e+01 -9.385310173034667969e+00 -7.661078453063964844e+00
-1.033674335479736328e+01 -8.894330024719238281e+00 -8.228383064270019531e+00
-1.077796840667724609e+01 -8.899388313293457031e+00 -7.903624057769775391e+00
-1.008529949188232422e+01 -9.379926681518554688e+00 -7.644484043121337891e+00
-1.107315921783447266e+01 -9.073054313659667969e+00 -6.916360378265380859e+00
-1.110153198242187500e+01 -8.597724914550781250e+00 -7.840609550476074219e+00
-1.148267841339111328e+01 -9.205838203430175781e+00 -5.921992778778076172e+00
-1.107146739959716797e+01 -9.073279380798339844e+00 -6.915283679962158203e+00
-1.106447219848632812e+01 -8.630043983459472656e+00 -7.817850112915039062e+00
-1.148267841339111328e+01 -9.205838203430175781e+00 -5.921992301940917969e+00
-9.870441436767578125e+00 -6.044880390167236328e+00 -5.825234889984130859e+00
-9.985380172729492188e+00 -5.625218391418457031e+00 -6.216302394866943359e+00
-9.763796806335449219e+00 -6.553670406341552734e+00 -5.240476608276367188e+00
-1.421473979949951172e+01 -5.364828586578369141e+00 -8.469114303588867188e+00
-1.422137832641601562e+01 -5.349993705749511719e+00 -8.464576721191406250e+00
-1.420848369598388672e+01 -5.461731910705566406e+00 -8.472058296203613281e+00
-9.763793945312500000e+00 -6.553672313690185547e+00 -5.240422725677490234e+00
-9.985373497009277344e+00 -5.625154018402099609e+00 -6.216272354125976562e+00
-9.870130538940429688e+00 -6.044901847839355469e+00 -5.825274944305419922e+00
-1.010654640197753906e+01 -1.727623462677001953e+00 -5.679989814758300781e+00
-1.013283824920654297e+01 -1.169068574905395508e+00 -5.806982040405273438e+00
-1.166215133666992188e+01 1.663656830787658691e+00 -4.841638565063476562e+00
-1.412943840026855469e+01 -2.715052127838134766e+00 -7.944302558898925781e+00
-1.418405246734619141e+01 -3.812148094177246094e+00 -8.199720382690429688e+00
-1.412535095214843750e+01 -3.060529947280883789e+00 -8.032527923583984375e+00
-1.013314819335937500e+01 -8.953833580017089844e-01 -5.820941925048828125e+00
-8.512745857238769531e+00 -4.107357978820800781e+00 -3.415806531906127930e+00
-8.186559677124023438e+00 -5.304141998291015625e+00 -3.052090406417846680e+00
-1.007918453216552734e+01 -3.412133216857910156e+00 -3.993987560272216797e+00
-9.682240486145019531e+00 -6.703691005706787109e+00 -7.093180179595947266e+00
-1.220771694183349609e+01 -2.314022779464721680e+00 -8.000871658325195312e+00
-9.752438545227050781e+00 -5.995929718017578125e+00 -4.138020038604736328e+00
-9.984236717224121094e+00 -5.794352531433105469e+00 -6.063829421997070312e+00
-1.225122165679931641e+01 -2.026916742324829102e+00 -7.660667896270751953e+00
-1.017586040496826172e+01 -3.100360631942749023e+00 -3.827347517013549805e+00
-1.026898384094238281e+01 -4.839898586273193359e+00 -3.243265628814697266e+00
-9.848697662353515625e+00 -6.053567886352539062e+00 -3.392520189285278320e+00
-9.992429733276367188e+00 -4.003980159759521484e+00 -3.968316555023193359e+00
-1.138341903686523438e+01 -2.800531625747680664e+00 -8.890579223632812500e+00
-9.373307228088378906e+00 -7.340773105621337891e+00 -7.752944946289062500e+00
-8.330232620239257812e+00 -4.889716625213623047e+00 -3.234896183013916016e+00
-9.312501907348632812e+00 -2.493559122085571289e+00 -3.458452463150024414e+00
-9.788736343383789062e+00 -6.325806379318237305e-01 -3.522681713104248047e+00
-9.664738655090332031e+00 8.762033581733703613e-01 -3.858134746551513672e+00
-1.015579319000244141e+01 1.560409069061279297e-01 -2.441056728363037109e+00
-1.005280494689941406e+01 2.683522701263427734e-01 -2.491269111633300781e+00
-7.442492008209228516e+00 -6.725238323211669922e+00 -8.987369537353515625e+00
-1.270003795623779297e+01 -3.739939212799072266e+00 -9.297344207763671875e+00
-9.963798522949218750e+00 -2.544157981872558594e+00 -9.387247085571289062e+00
-1.028365230560302734e+01 -2.578311443328857422e+00 -9.382260322570800781e+00
-1.298439216613769531e+01 -2.670979022979736328e+00 -8.630878448486328125e+00
-1.284539508819580078e+01 -3.109746456146240234e+00 -8.838466644287109375e+00
-1.070124340057373047e+01 -2.473255634307861328e+00 -9.311244010925292969e+00
-1.276644992828369141e+01 -3.462902545928955078e+00 -9.045023918151855469e+00
-7.574667453765869141e+00 -6.830861091613769531e+00 -8.660313606262207031e+00
-9.075281143188476562e+00 -5.568955421447753906e+00 -3.737187623977661133e+00
-1.167316532135009766e+01 -8.497176170349121094e+00 -6.721139430999755859e+00
-1.130969047546386719e+01 -7.045855522155761719e+00 -6.344167232513427734e+00
-7.660266876220703125e+00 -6.748661994934082031e+00 -8.440246582031250000e+00
-1.275589466094970703e+01 -2.398685693740844727e+00 -8.311707496643066406e+00
-1.207775211334228516e+01 -2.864509105682373047e+00 -8.868347167968750000e+00
-9.524950981140136719e+00 -8.562875747680664062e+00 -6.598217964172363281e+00
-1.297253799438476562e+01 -2.971653223037719727e+00 -8.735849380493164062e+00
9.049667358398437500e+00 -2.480901002883911133e+00 -8.470633625984191895e-01
9.038908004760742188e+00 -1.235821843147277832e+00 -5.685353279113769531e-01
7.646543025970458984e+00 -2.098960161209106445e+00 -6.949609518051147461e-01
8.033614158630371094e+00 -1.826208472251892090e+00 -3.471221446990966797e+00
6.496411323547363281e+00 1.937903881072998047e+00 -1.461923599243164062e+00
7.280470848083496094e+00 -3.663505315780639648e-01 4.355529546737670898e-01
5.945763111114501953e+00 2.303872585296630859e+00 -3.382243156433105469e+00
2.112599134445190430e+00 5.288125514984130859e+00 -7.310785293579101562e+00
-2.924072980880737305e+00 3.509666919708251953e+00 -7.220139980316162109e+00
1.032332539558410645e+00 5.641547203063964844e+00 -6.750306129455566406e+00
3.883158683776855469e+00 3.052551031112670898e+00 -1.628276824951171875e+00
3.727390527725219727e+00 2.978741168975830078e+00 -4.320875644683837891e+00
-7.805529236793518066e-01 -9.331588745117187500e+00 8.954622268676757812e+00
-2.635576963424682617e+00 -8.537738800048828125e+00 7.502551078796386719e+00
7.906234264373779297e+00 7.930808067321777344e+00 3.780086755752563477e+00
2.842728376388549805e+00 3.177897214889526367e+00 -3.274045705795288086e+00
2.847066879272460938e+00 4.562214851379394531e+00 -2.466306209564208984e+00
9.293020248413085938e+00 -9.506543874740600586e-01 -1.141858547925949097e-01
5.713849544525146484e+00 1.642470955848693848e+00 -2.168419837951660156e+00
-2.301026135683059692e-01 5.355863571166992188e+00 -2.599852323532104492e+00
6.166563034057617188e+00 -1.967431306838989258e+00 -4.857573986053466797e+00
6.743877410888671875e+00 -1.885220885276794434e+00 -4.696229934692382812e+00
7.440314292907714844e+00 1.130559921264648438e+01 6.262908935546875000e+00
6.412578105926513672e+00 1.017784550786018372e-01 2.155236005783081055e+00
2.791774034500122070e+00 5.479072093963623047e+00 1.017634677886962891e+01
7.802445888519287109e+00 -2.554811477661132812e+00 -4.112529754638671875e+00
3.829835951328277588e-01 5.966230869293212891e+00 -9.448087215423583984e-01
7.164333343505859375e+00 6.029723644256591797e+00 4.311621189117431641e+00
-5.355106830596923828e+00 -8.268993377685546875e+00 4.814997673034667969e+00
1.601643800735473633e+00 6.457878589630126953e+00 3.301411151885986328e+00
5.453494548797607422e+00 6.500338077545166016e+00 1.462308788299560547e+01
-7.280019521713256836e-01 -9.873867988586425781e+00 8.844463348388671875e+00
-1.001668810844421387e+00 -2.135160684585571289e+00 -3.882758855819702148e+00
