3.862660944206008362e-01 1.000000000000000000e+00 6.747252747252747707e-01 5.652173913043477826e-01 6.817120622568093591e-01 4.838709677419354427e-01
3.218884120171673913e-01 1.000000000000000000e+00 7.692307692307692735e-01 7.173913043478260532e-01 7.184824902723735418e-01 4.637096774193548154e-01
3.862660944206008362e-01 1.000000000000000000e+00 6.989010989010988606e-01 6.521739130434782705e-01 6.684824902723734974e-01 4.435483870967741882e-01
3.433476394849785396e-01 1.000000000000000000e+00 6.681318681318680897e-01 6.521739130434782705e-01 6.678988326848248613e-01 4.838709677419354427e-01
3.648068669527896879e-01 1.000000000000000000e+00 6.637362637362637097e-01 6.086956521739130821e-01 6.710116731517509203e-01 4.233870967741935609e-01
3.218884120171673913e-01 1.000000000000000000e+00 9.428571428571428381e-01 8.608695652173913304e-01 8.445525291828793746e-01 4.032258064516128782e-01
3.004291845493561874e-01 1.000000000000000000e+00 9.978021978021978100e-01 9.565217391304348116e-01 8.470817120622567975e-01 3.629032258064516236e-01
3.004291845493561874e-01 1.000000000000000000e+00 9.670329670329670391e-01 9.347826086956522174e-01 8.389105058365758927e-01 3.427419354838709409e-01
3.004291845493561874e-01 1.000000000000000000e+00 1.000000000000000000e+00 9.782608695652174058e-01 8.608949416342412952e-01 4.032258064516128782e-01
3.218884120171673913e-01 1.000000000000000000e+00 8.571428571428570953e-01 8.260869565217391353e-01 7.490272373540856066e-01 3.427419354838709409e-01
3.218884120171673913e-01 1.000000000000000000e+00 8.417582417582417653e-01 7.391304347826086474e-01 6.931906614785992016e-01 4.032258064516128782e-01
3.004291845493561874e-01 1.000000000000000000e+00 7.472527472527472625e-01 6.956521739130434590e-01 7.021400778210116211e-01 3.225806451612903136e-01
3.218884120171673913e-01 1.000000000000000000e+00 8.791208791208791062e-01 6.521739130434782705e-01 7.317120622568092925e-01 3.830645161290322509e-01
3.004291845493561874e-01 1.000000000000000000e+00 1.000000000000000000e+00 9.782608695652174058e-01 6.003891050583657352e-01 4.032258064516128782e-01
5.150214592274677816e-01 5.000000000000000000e-01 2.483516483516483575e-01 4.130434782608695676e-01 4.614785992217899091e-01 6.048387096774193727e-01
4.721030042918454850e-01 7.500000000000000000e-01 4.351648351648351731e-01 4.130434782608695676e-01 5.511673151750973165e-01 6.250000000000000000e-01
3.862660944206008362e-01 7.500000000000000000e-01 4.373626373626373631e-01 4.217391304347826164e-01 5.396887159533073630e-01 6.250000000000000000e-01
4.506437768240343367e-01 7.500000000000000000e-01 4.395604395604395531e-01 3.695652173913043237e-01 5.033073929961089377e-01 6.451612903225806273e-01
5.793991416309012266e-01 5.000000000000000000e-01 2.131868131868131788e-01 3.826086956521739246e-01 4.143968871595331005e-01 5.846774193548387455e-01
5.579399141630900782e-01 5.000000000000000000e-01 2.131868131868131788e-01 2.000000000000000111e-01 3.570038910505836660e-01 8.266129032258063836e-01
5.364806866952789299e-01 5.000000000000000000e-01 2.417582417582417598e-01 3.782608695652173725e-01 5.198443579766537370e-01 7.056451612903225090e-01
5.150214592274677816e-01 5.000000000000000000e-01 2.351648351648351620e-01 3.913043478260869734e-01 4.727626459143968729e-01 5.846774193548387455e-01
5.364806866952789299e-01 5.000000000000000000e-01 2.285714285714285643e-01 4.130434782608695676e-01 4.620622568093385452e-01 7.056451612903225090e-01
5.579399141630900782e-01 5.000000000000000000e-01 2.659340659340659330e-01 4.913043478260869512e-01 4.346303501945525394e-01 5.040322580645161255e-01
4.506437768240343367e-01 7.500000000000000000e-01 4.373626373626373631e-01 3.913043478260869734e-01 5.151750972762645375e-01 6.048387096774193727e-01
2.145922746781115942e-01 1.000000000000000000e+00 7.912087912087911734e-01 9.347826086956522174e-01 8.978599221789883567e-01 5.645161290322580072e-01
2.145922746781115942e-01 1.000000000000000000e+00 6.747252747252747707e-01 8.695652173913043237e-01 8.513618677042801286e-01 6.048387096774193727e-01
2.360515021459227425e-01 1.000000000000000000e+00 6.989010989010988606e-01 9.130434782608695121e-01 8.525291828793774007e-01 5.443548387096773800e-01
1.931330472103004181e-01 1.000000000000000000e+00 6.681318681318680897e-01 8.391304347826087362e-01 9.206225680933851629e-01 7.459677419354838745e-01
5.793991416309012266e-01 5.000000000000000000e-01 2.131868131868131788e-01 3.826086956521739246e-01 4.143968871595331005e-01 5.846774193548387455e-01
6.008583690987123749e-01 5.000000000000000000e-01 3.076923076923077094e-01 3.913043478260869734e-01 4.404669260700389000e-01 6.250000000000000000e-01
5.364806866952789299e-01 5.000000000000000000e-01 2.483516483516483575e-01 4.130434782608695676e-01 4.334630350194552673e-01 5.645161290322580072e-01
4.077253218884119845e-01 7.500000000000000000e-01 5.098901098901098550e-01 4.347826086956521618e-01 5.124513618677042359e-01 5.241935483870967527e-01
3.433476394849785396e-01 7.500000000000000000e-01 4.945054945054945250e-01 4.565217391304347561e-01 6.690661478599221335e-01 6.250000000000000000e-01
3.648068669527896879e-01 7.500000000000000000e-01 5.494505494505494969e-01 4.347826086956521618e-01 6.476653696498054780e-01 6.250000000000000000e-01
4.077253218884119845e-01 7.500000000000000000e-01 5.494505494505494969e-01 3.826086956521739246e-01 6.424124513618677534e-01 6.250000000000000000e-01
3.862660944206008362e-01 7.500000000000000000e-01 5.098901098901098550e-01 4.347826086956521618e-01 6.396887159533073408e-01 6.250000000000000000e-01
3.004291845493561874e-01 1.000000000000000000e+00 7.692307692307692735e-01 7.173913043478260532e-01 8.188715953307392770e-01 4.838709677419354427e-01
3.004291845493561874e-01 1.000000000000000000e+00 8.791208791208791062e-01 7.608695652173913526e-01 8.684824902723735640e-01 4.637096774193548154e-01
3.004291845493561874e-01 1.000000000000000000e+00 7.714285714285714635e-01 6.652173913043478715e-01 8.081712062256809492e-01 5.443548387096773800e-01
3.004291845493561874e-01 1.000000000000000000e+00 6.989010989010988606e-01 6.521739130434782705e-01 7.968871595330739854e-01 5.241935483870967527e-01
2.575107296137338908e-01 1.000000000000000000e+00 8.417582417582417653e-01 7.826086956521739468e-01 9.640077821011673320e-01 4.637096774193548154e-01
2.789699570815450391e-01 1.000000000000000000e+00 8.791208791208791062e-01 7.391304347826086474e-01 9.233463035019455756e-01 4.838709677419354427e-01
2.789699570815450391e-01 1.000000000000000000e+00 8.791208791208791062e-01 7.608695652173913526e-01 1.000000000000000000e+00 4.838709677419354427e-01
3.862660944206008362e-01 7.500000000000000000e-01 5.670329670329670169e-01 4.782608695652174058e-01 5.762645914396886671e-01 5.443548387096773800e-01
4.721030042918454850e-01 5.000000000000000000e-01 3.076923076923077094e-01 3.130434782608695898e-01 4.684824902723735418e-01 7.661290322580645018e-01
4.077253218884119845e-01 7.500000000000000000e-01 5.494505494505494969e-01 4.347826086956521618e-01 6.385214007782100687e-01 6.048387096774193727e-01
3.862660944206008362e-01 7.500000000000000000e-01 5.494505494505494969e-01 3.826086956521739246e-01 6.107003891050584166e-01 5.846774193548387455e-01
4.935622317596566333e-01 5.000000000000000000e-01 2.681318681318681230e-01 3.739130434782608758e-01 4.319066147859922378e-01 5.645161290322580072e-01
6.008583690987123749e-01 5.000000000000000000e-01 2.549450549450549275e-01 3.913043478260869734e-01 4.130350194552528942e-01 5.645161290322580072e-01
6.437768240343347825e-01 5.000000000000000000e-01 1.736263736263736202e-01 3.043478260869565410e-01 4.035019455252918386e-01 7.862903225806451291e-01
6.437768240343347825e-01 5.000000000000000000e-01 1.934065934065934134e-01 3.304347826086956319e-01 4.017509727626459304e-01 5.846774193548387455e-01
6.652360515021459308e-01 5.000000000000000000e-01 1.560439560439560447e-01 2.826086956521738913e-01 3.449416342412451320e-01 7.661290322580645018e-01
7.510729613733905241e-01 5.000000000000000000e-01 1.582417582417582347e-01 2.999999999999999889e-01 3.138132295719844311e-01 7.258064516129032473e-01
5.793991416309012266e-01 5.000000000000000000e-01 2.131868131868131788e-01 2.608695652173912971e-01 3.568093385214007873e-01 7.661290322580645018e-01
5.579399141630900782e-01 5.000000000000000000e-01 2.000000000000000111e-01 3.043478260869565410e-01 3.803501945525291639e-01 8.266129032258063836e-01
5.150214592274677816e-01 5.000000000000000000e-01 2.483516483516483575e-01 4.130434782608695676e-01 4.431906614785992016e-01 6.250000000000000000e-01
5.364806866952789299e-01 5.000000000000000000e-01 2.142857142857142738e-01 3.478260869565217295e-01 4.136186770428015302e-01 6.854838709677418818e-01
4.935622317596566333e-01 5.000000000000000000e-01 2.131868131868131788e-01 2.347826086956521785e-01 4.385214007782101131e-01 9.475806451612902581e-01
4.291845493562231884e-01 5.000000000000000000e-01 3.076923076923077094e-01 3.913043478260869734e-01 4.684824902723735418e-01 7.862903225806451291e-01
4.506437768240343367e-01 5.000000000000000000e-01 2.681318681318681230e-01 3.739130434782608758e-01 4.330739299610895099e-01 6.653225806451612545e-01
2.789699570815450391e-01 1.000000000000000000e+00 7.692307692307692735e-01 7.173913043478260532e-01 8.315175097276265026e-01 4.838709677419354427e-01
3.004291845493561874e-01 1.000000000000000000e+00 8.791208791208791062e-01 7.608695652173913526e-01 8.531128404669260368e-01 4.838709677419354427e-01
3.218884120171673913e-01 1.000000000000000000e+00 6.989010989010988606e-01 6.521739130434782705e-01 8.044747081712062542e-01 5.443548387096773800e-01
3.004291845493561874e-01 1.000000000000000000e+00 7.714285714285714635e-01 6.652173913043478715e-01 8.033073929961089821e-01 5.241935483870967527e-01
3.648068669527896879e-01 1.000000000000000000e+00 6.681318681318680897e-01 6.521739130434782705e-01 7.143968871595330894e-01 4.637096774193548154e-01
2.360515021459227425e-01 1.000000000000000000e+00 9.428571428571428381e-01 9.043478260869565188e-01 9.013618677042801730e-01 4.435483870967741882e-01
2.789699570815450391e-01 1.000000000000000000e+00 7.692307692307692735e-01 6.739130434782608647e-01 8.758754863813229541e-01 5.443548387096773800e-01
2.575107296137338908e-01 1.000000000000000000e+00 7.692307692307692735e-01 6.956521739130434590e-01 8.669260700389105345e-01 5.443548387096773800e-01
2.789699570815450391e-01 1.000000000000000000e+00 8.791208791208791062e-01 8.260869565217391353e-01 8.603112840466926592e-01 5.040322580645161255e-01
4.077253218884119845e-01 3.750000000000000000e-01 1.538461538461538547e-01 4.217391304347826164e-01 4.533073929961089488e-01 5.443548387096773800e-01
3.218884120171673913e-01 1.000000000000000000e+00 6.681318681318680897e-01 6.521739130434782705e-01 7.571984435797665114e-01 5.040322580645161255e-01
2.789699570815450391e-01 1.000000000000000000e+00 6.747252747252747707e-01 5.652173913043477826e-01 7.972762645914397428e-01 5.645161290322580072e-01
2.789699570815450391e-01 1.000000000000000000e+00 6.637362637362637097e-01 6.086956521739130821e-01 8.354085603112840763e-01 6.451612903225806273e-01
3.004291845493561874e-01 1.000000000000000000e+00 6.989010989010988606e-01 6.521739130434782705e-01 7.931906614785991794e-01 5.645161290322580072e-01
3.862660944206008362e-01 5.000000000000000000e-01 2.659340659340659330e-01 4.869565217391304546e-01 5.706225680933851852e-01 5.846774193548387455e-01
4.721030042918454850e-01 5.000000000000000000e-01 2.659340659340659330e-01 3.304347826086956319e-01 4.885214007782101020e-01 7.258064516129032473e-01
4.506437768240343367e-01 5.000000000000000000e-01 2.637362637362637430e-01 3.782608695652173725e-01 5.795719844357977157e-01 7.862903225806451291e-01
5.579399141630900782e-01 5.000000000000000000e-01 2.109890109890109888e-01 2.999999999999999889e-01 4.258754863813229430e-01 7.258064516129032473e-01
4.721030042918454850e-01 5.000000000000000000e-01 2.681318681318681230e-01 3.739130434782608758e-01 4.659533073929961189e-01 6.451612903225806273e-01
6.008583690987123749e-01 5.000000000000000000e-01 2.131868131868131788e-01 4.000000000000000222e-01 4.451361867704279884e-01 6.854838709677418818e-01
4.935622317596566333e-01 5.000000000000000000e-01 2.637362637362637430e-01 4.217391304347826164e-01 4.875486381322957086e-01 5.846774193548387455e-01
6.008583690987123749e-01 5.000000000000000000e-01 2.153846153846153966e-01 3.478260869565217295e-01 4.210116731517509758e-01 6.048387096774193727e-01
5.793991416309012266e-01 5.000000000000000000e-01 2.131868131868131788e-01 3.826086956521739246e-01 4.085603112840466844e-01 6.653225806451612545e-01
2.789699570815450391e-01 1.000000000000000000e+00 7.692307692307692735e-01 7.608695652173913526e-01 7.976653696498055002e-01 5.241935483870967527e-01
3.004291845493561874e-01 1.000000000000000000e+00 6.681318681318680897e-01 6.521739130434782705e-01 7.143968871595330894e-01 4.637096774193548154e-01
2.789699570815450391e-01 1.000000000000000000e+00 7.692307692307692735e-01 6.304347826086956763e-01 7.758754863813229763e-01 5.241935483870967527e-01
3.004291845493561874e-01 1.000000000000000000e+00 6.637362637362637097e-01 5.956521739130434812e-01 7.863813229571984253e-01 5.846774193548387455e-01
3.218884120171673913e-01 1.000000000000000000e+00 6.989010989010988606e-01 6.521739130434782705e-01 7.348249027237354625e-01 5.040322580645161255e-01
2.575107296137338908e-01 1.000000000000000000e+00 9.428571428571428381e-01 8.608695652173913304e-01 9.634241245136186960e-01 4.637096774193548154e-01
2.789699570815450391e-01 1.000000000000000000e+00 8.791208791208791062e-01 6.521739130434782705e-01 8.684824902723735640e-01 4.838709677419354427e-01
2.789699570815450391e-01 1.000000000000000000e+00 7.714285714285714635e-01 6.869565217391304657e-01 8.488326848249027057e-01 5.241935483870967527e-01
3.004291845493561874e-01 1.000000000000000000e+00 6.989010989010988606e-01 6.521739130434782705e-01 8.243190661478598802e-01 5.846774193548387455e-01
2.789699570815450391e-01 1.000000000000000000e+00 9.670329670329670391e-01 9.347826086956522174e-01 9.212062256809337990e-01 4.435483870967741882e-01
2.575107296137338908e-01 1.000000000000000000e+00 1.000000000000000000e+00 9.782608695652174058e-01 9.632295719844358173e-01 4.435483870967741882e-01
2.789699570815450391e-01 1.000000000000000000e+00 7.912087912087911734e-01 7.608695652173913526e-01 7.433852140077821247e-01 4.435483870967741882e-01
3.862660944206008362e-01 7.500000000000000000e-01 4.945054945054945250e-01 4.565217391304347561e-01 6.071984435797664892e-01 6.653225806451612545e-01
3.433476394849785396e-01 7.500000000000000000e-01 5.494505494505494969e-01 4.347826086956521618e-01 6.377431906614785539e-01 7.258064516129032473e-01
3.862660944206008362e-01 7.500000000000000000e-01 5.098901098901098550e-01 4.347826086956521618e-01 5.729571984435797294e-01 6.451612903225806273e-01
3.862660944206008362e-01 7.500000000000000000e-01 5.494505494505494969e-01 3.826086956521739246e-01 5.877431906614786206e-01 6.653225806451612545e-01
4.935622317596566333e-01 7.500000000000000000e-01 4.351648351648351731e-01 4.130434782608695676e-01 5.649805447470817032e-01 6.451612903225806273e-01
5.579399141630900782e-01 5.000000000000000000e-01 2.131868131868131788e-01 2.000000000000000111e-01 3.793774319066147704e-01 8.467741935483871218e-01
2.360515021459227425e-01 1.000000000000000000e+00 8.791208791208791062e-01 6.521739130434782705e-01 9.721789883268482368e-01 5.645161290322580072e-01
2.575107296137338908e-01 1.000000000000000000e+00 8.791208791208791062e-01 7.260869565217391575e-01 9.544747081712062764e-01 5.040322580645161255e-01
2.789699570815450391e-01 1.000000000000000000e+00 7.912087912087911734e-01 7.391304347826086474e-01 9.054474708171206254e-01 5.241935483870967527e-01
2.575107296137338908e-01 1.000000000000000000e+00 7.692307692307692735e-01 7.826086956521739468e-01 8.752918287937743180e-01 5.040322580645161255e-01
3.862660944206008362e-01 7.500000000000000000e-01 5.098901098901098550e-01 4.347826086956521618e-01 5.426070038910505433e-01 6.048387096774193727e-01
4.291845493562231884e-01 5.000000000000000000e-01 2.131868131868131788e-01 3.826086956521739246e-01 4.433852140077820803e-01 7.661290322580645018e-01
4.506437768240343367e-01 5.000000000000000000e-01 3.076923076923077094e-01 3.130434782608695898e-01 4.671206225680933910e-01 7.862903225806451291e-01
4.721030042918454850e-01 5.000000000000000000e-01 2.373626373626373520e-01 4.086956521739130710e-01 4.628404669260700599e-01 6.653225806451612545e-01
3.862660944206008362e-01 3.750000000000000000e-01 1.538461538461538547e-01 3.913043478260869734e-01 4.132295719844357729e-01 5.443548387096773800e-01
4.077253218884119845e-01 5.000000000000000000e-01 2.681318681318681230e-01 3.695652173913043237e-01 4.494163424124513750e-01 7.459677419354838745e-01
4.506437768240343367e-01 7.500000000000000000e-01 3.406593406593406703e-01 4.652173913043478048e-01 4.809338521400778332e-01 5.645161290322580072e-01
5.579399141630900782e-01 5.000000000000000000e-01 2.153846153846153966e-01 3.913043478260869734e-01 4.406614785992217787e-01 6.250000000000000000e-01
3.218884120171673913e-01 1.000000000000000000e+00 7.692307692307692735e-01 6.304347826086956763e-01 7.941634241245135728e-01 5.241935483870967527e-01
3.433476394849785396e-01 1.000000000000000000e+00 8.791208791208791062e-01 1.000000000000000000e+00 8.322957198443580173e-01 3.830645161290322509e-01
6.223175965665236342e-01 5.000000000000000000e-01 1.494505494505494470e-01 2.130434782608695565e-01 3.632295719844357840e-01 7.862903225806451291e-01
5.150214592274677816e-01 5.000000000000000000e-01 2.549450549450549275e-01 3.260869565217391353e-01 4.198443579766537037e-01 6.250000000000000000e-01
4.291845493562231884e-01 5.000000000000000000e-01 2.505494505494505475e-01 3.956521739130434701e-01 5.023346303501945442e-01 5.645161290322580072e-01
4.077253218884119845e-01 5.000000000000000000e-01 2.659340659340659330e-01 4.869565217391304546e-01 5.579766536964980705e-01 6.250000000000000000e-01
3.218884120171673913e-01 1.000000000000000000e+00 6.989010989010988606e-01 6.521739130434782705e-01 6.612840466926069860e-01 4.435483870967741882e-01
5.150214592274677816e-01 5.000000000000000000e-01 2.659340659340659330e-01 4.782608695652174058e-01 5.175097276264591928e-01 5.645161290322580072e-01
4.291845493562231884e-01 7.500000000000000000e-01 3.428571428571428603e-01 5.304347826086956985e-01 5.461089494163423597e-01 5.443548387096773800e-01
2.360515021459227425e-01 1.000000000000000000e+00 7.692307692307692735e-01 7.826086956521739468e-01 7.128404669260700599e-01 4.435483870967741882e-01
4.291845493562231884e-01 7.500000000000000000e-01 4.351648351648351731e-01 4.130434782608695676e-01 6.035019455252917941e-01 6.653225806451612545e-01
4.077253218884119845e-01 7.500000000000000000e-01 5.098901098901098550e-01 4.347826086956521618e-01 5.643968871595330672e-01 6.451612903225806273e-01
3.218884120171673913e-01 7.500000000000000000e-01 5.494505494505494969e-01 4.347826086956521618e-01 6.490272373540856288e-01 6.854838709677418818e-01
6.652360515021459308e-01 5.000000000000000000e-01 1.736263736263736202e-01 2.913043478260869401e-01 3.793774319066147704e-01 7.661290322580645018e-01
5.579399141630900782e-01 5.000000000000000000e-01 2.681318681318681230e-01 3.478260869565217295e-01 4.768482490272373808e-01 6.653225806451612545e-01
6.866952789699570792e-01 5.000000000000000000e-01 1.560439560439560447e-01 2.826086956521738913e-01 3.571984435797665447e-01 8.467741935483871218e-01
5.364806866952789299e-01 5.000000000000000000e-01 3.076923076923077094e-01 3.260869565217391353e-01 4.945525291828793968e-01 6.854838709677418818e-01
3.433476394849785396e-01 7.500000000000000000e-01 5.494505494505494969e-01 4.347826086956521618e-01 7.356031128404669772e-01 6.854838709677418818e-01
3.433476394849785396e-01 7.500000000000000000e-01 5.670329670329670169e-01 4.782608695652174058e-01 7.066147859922179419e-01 7.258064516129032473e-01
3.862660944206008362e-01 7.500000000000000000e-01 4.945054945054945250e-01 4.565217391304347561e-01 7.029182879377431359e-01 6.653225806451612545e-01
3.433476394849785396e-01 1.000000000000000000e+00 6.637362637362637097e-01 6.086956521739130821e-01 8.056420233463035263e-01 5.645161290322580072e-01
2.789699570815450391e-01 1.000000000000000000e+00 7.692307692307692735e-01 6.521739130434782705e-01 9.142023346303501663e-01 5.846774193548387455e-01
3.004291845493561874e-01 1.000000000000000000e+00 6.989010989010988606e-01 6.521739130434782705e-01 8.671206225680934132e-01 5.443548387096773800e-01
3.004291845493561874e-01 1.000000000000000000e+00 6.637362637362637097e-01 6.086956521739130821e-01 9.023346303501945664e-01 6.451612903225806273e-01
3.004291845493561874e-01 1.000000000000000000e+00 6.681318681318680897e-01 6.521739130434782705e-01 8.282101167315175649e-01 6.250000000000000000e-01
6.223175965665236342e-01 5.000000000000000000e-01 2.153846153846153966e-01 3.608695652173913304e-01 4.317120622568093591e-01 6.653225806451612545e-01
5.579399141630900782e-01 5.000000000000000000e-01 1.736263736263736202e-01 2.913043478260869401e-01 3.819066147859921934e-01 6.250000000000000000e-01
5.579399141630900782e-01 5.000000000000000000e-01 2.131868131868131788e-01 3.391304347826086807e-01 4.474708171206225882e-01 5.846774193548387455e-01
6.652360515021459308e-01 5.000000000000000000e-01 1.670329670329670224e-01 2.260869565217391297e-01 3.208171206225681193e-01 6.653225806451612545e-01
6.866952789699570792e-01 5.000000000000000000e-01 1.824175824175824079e-01 2.652173913043478493e-01 3.896887159533073963e-01 7.661290322580645018e-01
6.008583690987123749e-01 5.000000000000000000e-01 1.978021978021977934e-01 3.260869565217391353e-01 4.134241245136186516e-01 5.846774193548387455e-01
5.150214592274677816e-01 5.000000000000000000e-01 1.978021978021977934e-01 3.260869565217391353e-01 4.101167315175097139e-01 6.250000000000000000e-01
5.579399141630900782e-01 5.000000000000000000e-01 2.549450549450549275e-01 3.260869565217391353e-01 4.369649805447470836e-01 5.645161290322580072e-01
5.150214592274677816e-01 5.000000000000000000e-01 2.637362637362637430e-01 4.217391304347826164e-01 4.842412451361867709e-01 6.048387096774193727e-01
5.579399141630900782e-01 5.000000000000000000e-01 2.373626373626373520e-01 4.043478260869565188e-01 4.651750972762646041e-01 6.250000000000000000e-01
6.652360515021459308e-01 5.000000000000000000e-01 1.736263736263736202e-01 2.913043478260869401e-01 3.891050583657587603e-01 6.451612903225806273e-01
4.077253218884119845e-01 7.500000000000000000e-01 4.945054945054945250e-01 4.130434782608695676e-01 6.350194552529182523e-01 6.451612903225806273e-01
3.862660944206008362e-01 7.500000000000000000e-01 5.494505494505494969e-01 4.565217391304347561e-01 6.729571984435798182e-01 6.451612903225806273e-01
3.218884120171673913e-01 7.500000000000000000e-01 5.494505494505494969e-01 3.130434782608695898e-01 6.677042801556419827e-01 8.467741935483871218e-01
3.218884120171673913e-01 7.500000000000000000e-01 5.494505494505494969e-01 3.130434782608695898e-01 6.143968871595331116e-01 7.862903225806451291e-01
3.433476394849785396e-01 1.000000000000000000e+00 8.791208791208791062e-01 7.391304347826086474e-01 9.081712062256809270e-01 4.637096774193548154e-01
3.218884120171673913e-01 1.000000000000000000e+00 7.692307692307692735e-01 6.304347826086956763e-01 8.638132295719844755e-01 5.645161290322580072e-01
3.433476394849785396e-01 1.000000000000000000e+00 6.989010989010988606e-01 6.521739130434782705e-01 8.750972762645914393e-01 5.846774193548387455e-01
3.004291845493561874e-01 1.000000000000000000e+00 7.714285714285714635e-01 6.434782608695651662e-01 9.060311284046692615e-01 5.443548387096773800e-01
3.648068669527896879e-01 7.500000000000000000e-01 5.076923076923076650e-01 4.782608695652174058e-01 7.601167315175096917e-01 8.467741935483871218e-01
3.433476394849785396e-01 7.500000000000000000e-01 5.494505494505494969e-01 4.565217391304347561e-01 7.581712062256809048e-01 7.459677419354838745e-01
3.218884120171673913e-01 7.500000000000000000e-01 5.670329670329670169e-01 4.782608695652174058e-01 7.256809338521400532e-01 7.661290322580645018e-01
3.862660944206008362e-01 7.500000000000000000e-01 4.945054945054945250e-01 4.130434782608695676e-01 7.363813229571984920e-01 7.661290322580645018e-01
4.506437768240343367e-01 7.500000000000000000e-01 5.076923076923076650e-01 4.782608695652174058e-01 5.912451361867704369e-01 6.048387096774193727e-01
4.291845493562231884e-01 1.000000000000000000e+00 5.758241758241757768e-01 4.782608695652174058e-01 6.266536964980544688e-01 5.443548387096773800e-01
2.789699570815450391e-01 1.000000000000000000e+00 6.637362637362637097e-01 5.608695652173912860e-01 6.165369649805447771e-01 4.838709677419354427e-01
6.223175965665236342e-01 5.000000000000000000e-01 2.131868131868131788e-01 3.260869565217391353e-01 4.223735408560311266e-01 6.451612903225806273e-01
4.935622317596566333e-01 5.000000000000000000e-01 3.076923076923077094e-01 3.608695652173913304e-01 5.134241245136186294e-01 6.854838709677418818e-01
4.291845493562231884e-01 7.500000000000000000e-01 5.098901098901098550e-01 4.347826086956521618e-01 5.669260700389104901e-01 6.451612903225806273e-01
4.935622317596566333e-01 5.000000000000000000e-01 3.076923076923077094e-01 3.391304347826086807e-01 5.042801556420233311e-01 7.459677419354838745e-01
5.150214592274677816e-01 5.000000000000000000e-01 2.945054945054945139e-01 4.173913043478260643e-01 5.256809338521400976e-01 5.443548387096773800e-01
5.364806866952789299e-01 5.000000000000000000e-01 1.978021978021977934e-01 3.086956521739130377e-01 4.324902723735408738e-01 6.653225806451612545e-01
5.150214592274677816e-01 5.000000000000000000e-01 2.615384615384615530e-01 4.217391304347826164e-01 4.951361867704280328e-01 6.854838709677418818e-01
3.862660944206008362e-01 7.500000000000000000e-01 3.758241758241758212e-01 4.217391304347826164e-01 5.805447470817121092e-01 5.846774193548387455e-01
6.223175965665236342e-01 5.000000000000000000e-01 1.978021978021977934e-01 3.043478260869565410e-01 3.768482490272373475e-01 5.645161290322580072e-01
4.077253218884119845e-01 7.500000000000000000e-01 5.098901098901098550e-01 3.913043478260869734e-01 6.247081712062256820e-01 6.854838709677418818e-01
4.935622317596566333e-01 5.000000000000000000e-01 2.527472527472527375e-01 4.130434782608695676e-01 5.241245136186770681e-01 6.048387096774193727e-01
4.935622317596566333e-01 5.000000000000000000e-01 2.637362637362637430e-01 3.826086956521739246e-01 5.752918287937742736e-01 6.854838709677418818e-01
4.721030042918454850e-01 5.000000000000000000e-01 2.659340659340659330e-01 4.260869565217391131e-01 5.729571984435797294e-01 5.846774193548387455e-01
5.364806866952789299e-01 5.000000000000000000e-01 2.659340659340659330e-01 5.000000000000000000e-01 5.196498054474708583e-01 5.443548387096773800e-01
7.081545064377682275e-01 5.000000000000000000e-01 2.000000000000000111e-01 2.304347826086956541e-01 3.492217898832684631e-01 7.056451612903225090e-01
6.008583690987123749e-01 5.000000000000000000e-01 2.351648351648351620e-01 3.739130434782608758e-01 4.793774319066148037e-01 6.250000000000000000e-01
5.364806866952789299e-01 5.000000000000000000e-01 2.549450549450549275e-01 3.521739130434782816e-01 4.319066147859922378e-01 6.814516129032257563e-01
5.364806866952789299e-01 5.000000000000000000e-01 3.076923076923077094e-01 4.000000000000000222e-01 5.003891050583657574e-01 6.008064516129032473e-01
5.579399141630900782e-01 5.000000000000000000e-01 2.153846153846153966e-01 3.434782608695652328e-01 4.387159533073929918e-01 7.137096774193547599e-01
5.793991416309012266e-01 5.000000000000000000e-01 2.219780219780219666e-01 3.608695652173913304e-01 4.284046692607003659e-01 6.169354838709677491e-01
3.755364806866952621e-01 1.000000000000000000e+00 6.703296703296702796e-01 6.086956521739130821e-01 8.200389105058365491e-01 5.241935483870967527e-01
3.433476394849785396e-01 1.000000000000000000e+00 6.989010989010988606e-01 6.521739130434782705e-01 8.151750972762645819e-01 5.241935483870967527e-01
3.326180257510729654e-01 1.000000000000000000e+00 6.681318681318680897e-01 5.217391304347825942e-01 7.708171206225681305e-01 5.604838709677418818e-01
3.111587982832618171e-01 1.000000000000000000e+00 7.714285714285714635e-01 6.608695652173912638e-01 8.200389105058365491e-01 5.161290322580645018e-01
4.721030042918454850e-01 7.500000000000000000e-01 4.945054945054945250e-01 4.347826086956521618e-01 6.289883268482490131e-01 6.209677419354838745e-01
4.721030042918454850e-01 7.500000000000000000e-01 5.494505494505494969e-01 4.565217391304347561e-01 6.523346303501945664e-01 5.846774193548387455e-01
5.150214592274677816e-01 7.500000000000000000e-01 4.395604395604395531e-01 3.521739130434782816e-01 5.859922178988327124e-01 7.096774193548387455e-01
4.828326180257510591e-01 7.500000000000000000e-01 5.098901098901098550e-01 3.913043478260869734e-01 6.001945525291828565e-01 7.096774193548387455e-01
6.223175965665236342e-01 5.000000000000000000e-01 1.868131868131868156e-01 2.260869565217391297e-01 3.959143968871595143e-01 8.951612903225806273e-01
5.257510729613733558e-01 5.000000000000000000e-01 2.153846153846153966e-01 2.608695652173912971e-01 4.210116731517509758e-01 8.911290322580645018e-01
6.223175965665236342e-01 5.000000000000000000e-01 1.978021978021977934e-01 3.043478260869565410e-01 3.768482490272373475e-01 5.725806451612902581e-01
7.081545064377682275e-01 5.000000000000000000e-01 2.000000000000000111e-01 2.304347826086956541e-01 3.492217898832684631e-01 7.016129032258063836e-01
4.291845493562231884e-01 7.500000000000000000e-01 4.945054945054945250e-01 4.347826086956521618e-01 7.103112840466926370e-01 7.137096774193547599e-01
3.862660944206008362e-01 7.500000000000000000e-01 5.494505494505494969e-01 3.391304347826086807e-01 6.953307392996108671e-01 8.467741935483871218e-01
3.969957081545064104e-01 7.500000000000000000e-01 5.494505494505494969e-01 4.782608695652174058e-01 7.091439688715953649e-01 6.532258064516128782e-01
3.755364806866952621e-01 7.500000000000000000e-01 5.670329670329670169e-01 4.130434782608695676e-01 6.212062256809338656e-01 7.177419354838709964e-01
6.330472103004292084e-01 5.000000000000000000e-01 2.131868131868131788e-01 3.086956521739130377e-01 3.550583657587548791e-01 4.919354838709676936e-01
6.866952789699570792e-01 5.000000000000000000e-01 1.868131868131868156e-01 3.043478260869565410e-01 3.871595330739299734e-01 6.854838709677418818e-01
6.008583690987123749e-01 5.000000000000000000e-01 2.131868131868131788e-01 3.260869565217391353e-01 4.192607003891050677e-01 6.612903225806451291e-01
5.686695278969956524e-01 5.000000000000000000e-01 3.076923076923077094e-01 3.130434782608695898e-01 4.990272373540856066e-01 5.483870967741935054e-01
4.291845493562231884e-01 5.000000000000000000e-01 2.857142857142856984e-01 4.434782608695652106e-01 6.128404669260700821e-01 6.330645161290322509e-01
2.789699570815450391e-01 1.000000000000000000e+00 6.989010989010988606e-01 6.521739130434782705e-01 7.665369649805447994e-01 5.322580645161290036e-01
4.077253218884119845e-01 5.000000000000000000e-01 2.637362637362637430e-01 3.826086956521739246e-01 6.361867704280155245e-01 8.830645161290321399e-01
4.077253218884119845e-01 7.500000000000000000e-01 3.428571428571428603e-01 4.695652173913043570e-01 5.700389105058365491e-01 6.250000000000000000e-01
3.540772532188841137e-01 7.500000000000000000e-01 3.692307692307692513e-01 5.217391304347825942e-01 7.431906614785992460e-01 6.733870967741935054e-01
3.540772532188841137e-01 1.000000000000000000e+00 7.692307692307692735e-01 7.826086956521739468e-01 8.521400778210116433e-01 4.879032258064515681e-01
2.789699570815450391e-01 1.000000000000000000e+00 7.692307692307692735e-01 6.304347826086956763e-01 7.889105058365758483e-01 4.838709677419354427e-01
2.789699570815450391e-01 1.000000000000000000e+00 6.637362637362637097e-01 5.652173913043477826e-01 7.529182879377431803e-01 6.048387096774193727e-01
2.789699570815450391e-01 1.000000000000000000e+00 6.989010989010988606e-01 6.521739130434782705e-01 7.305447470817120204e-01 5.645161290322580072e-01
6.759656652360515050e-01 5.000000000000000000e-01 2.153846153846153966e-01 2.956521739130434923e-01 3.978599221789883011e-01 7.459677419354838745e-01
6.437768240343347825e-01 5.000000000000000000e-01 2.439560439560439498e-01 3.478260869565217295e-01 4.192607003891050677e-01 5.967741935483871218e-01
7.725321888412016724e-01 5.000000000000000000e-01 1.736263736263736202e-01 2.521739130434782483e-01 3.550583657587548791e-01 7.500000000000000000e-01
5.472103004291845041e-01 5.000000000000000000e-01 2.681318681318681230e-01 4.173913043478260643e-01 4.474708171206225882e-01 6.250000000000000000e-01
7.188841201716738016e-01 5.000000000000000000e-01 1.868131868131868156e-01 3.043478260869565410e-01 3.784046692607003770e-01 6.774193548387097419e-01
3.755364806866952621e-01 1.000000000000000000e+00 6.703296703296702796e-01 6.304347826086956763e-01 7.548638132295719672e-01 5.040322580645161255e-01
3.648068669527896879e-01 1.000000000000000000e+00 5.714285714285713969e-01 4.782608695652174058e-01 7.898832684824902417e-01 7.661290322580645018e-01
3.326180257510729654e-01 1.000000000000000000e+00 6.989010989010988606e-01 6.304347826086956763e-01 8.054474708171206476e-01 5.524193548387096309e-01
3.218884120171673913e-01 1.000000000000000000e+00 6.637362637362637097e-01 5.652173913043477826e-01 8.356031128404669550e-01 6.008064516129032473e-01
3.755364806866952621e-01 7.500000000000000000e-01 5.494505494505494969e-01 4.782608695652174058e-01 6.848249027237354181e-01 6.612903225806451291e-01
4.399141630901287625e-01 7.500000000000000000e-01 5.076923076923076650e-01 4.565217391304347561e-01 6.663424124513618318e-01 6.814516129032257563e-01
4.077253218884119845e-01 7.500000000000000000e-01 4.945054945054945250e-01 4.347826086956521618e-01 7.062256809338521846e-01 7.137096774193547599e-01
3.969957081545064104e-01 7.500000000000000000e-01 5.494505494505494969e-01 4.260869565217391131e-01 6.857976653696498115e-01 7.661290322580645018e-01
3.433476394849785396e-01 1.000000000000000000e+00 8.791208791208791062e-01 7.826086956521739468e-01 8.210116731517509425e-01 4.475806451612903136e-01
3.326180257510729654e-01 1.000000000000000000e+00 7.692307692307692735e-01 7.391304347826086474e-01 8.103112840466926148e-01 4.596774193548386900e-01
3.326180257510729654e-01 1.000000000000000000e+00 8.791208791208791062e-01 8.260869565217391353e-01 8.414396887159533156e-01 4.919354838709676936e-01
3.433476394849785396e-01 1.000000000000000000e+00 7.714285714285714635e-01 6.478260869565217739e-01 8.433852140077821025e-01 5.846774193548387455e-01
6.223175965665236342e-01 5.000000000000000000e-01 2.131868131868131788e-01 3.391304347826086807e-01 3.774319066147859836e-01 5.846774193548387455e-01
5.257510729613733558e-01 5.000000000000000000e-01 3.318681318681318548e-01 3.826086956521739246e-01 5.330739299610894877e-01 6.451612903225806273e-01
5.579399141630900782e-01 5.000000000000000000e-01 2.131868131868131788e-01 3.260869565217391353e-01 4.406614785992217787e-01 7.338709677419353872e-01
5.472103004291845041e-01 5.000000000000000000e-01 3.076923076923077094e-01 3.869565217391304213e-01 5.359922178988326680e-01 6.370967741935483764e-01
6.545064377682403567e-01 5.000000000000000000e-01 2.153846153846153966e-01 2.739130434782608425e-01 3.990272373540856288e-01 6.854838709677418818e-01
7.188841201716738016e-01 5.000000000000000000e-01 2.153846153846153966e-01 3.608695652173913304e-01 4.036964980544747172e-01 6.411290322580645018e-01
6.437768240343347825e-01 5.000000000000000000e-01 2.131868131868131788e-01 2.913043478260869401e-01 3.861867704280155800e-01 6.612903225806451291e-01
6.545064377682403567e-01 5.000000000000000000e-01 2.131868131868131788e-01 3.391304347826086807e-01 4.260700389105058217e-01 5.685483870967741327e-01
4.721030042918454850e-01 7.500000000000000000e-01 3.208791208791209049e-01 4.217391304347826164e-01 5.476653696498055002e-01 5.846774193548387455e-01
4.613733905579399108e-01 5.000000000000000000e-01 2.659340659340659330e-01 4.782608695652174058e-01 5.058365758754863606e-01 5.161290322580645018e-01
4.613733905579399108e-01 3.750000000000000000e-01 1.758241758241758379e-01 4.782608695652174058e-01 5.291828793774319140e-01 5.443548387096773800e-01
9.248927038626609809e-01 5.000000000000000000e-01 1.978021978021977934e-01 2.086956521739130321e-01 3.861867704280155800e-01 8.669354838709677491e-01
7.746781115879828317e-01 5.000000000000000000e-01 2.153846153846153966e-01 2.869565217391304435e-01 3.501945525291828565e-01 5.806451612903226200e-01
7.038626609442059090e-01 5.000000000000000000e-01 1.714285714285714302e-01 2.260869565217391297e-01 3.861867704280155800e-01 7.822580645161290036e-01
8.454935622317596433e-01 5.000000000000000000e-01 1.868131868131868156e-01 3.043478260869565410e-01 4.027237354085603238e-01 7.500000000000000000e-01
7.746781115879828317e-01 5.000000000000000000e-01 2.000000000000000111e-01 2.608695652173912971e-01 3.501945525291828565e-01 6.612903225806451291e-01
4.270386266094420291e-01 1.000000000000000000e+00 5.714285714285713969e-01 4.782608695652174058e-01 6.546692607003891107e-01 6.250000000000000000e-01
4.163090128755364550e-01 1.000000000000000000e+00 6.989010989010988606e-01 6.086956521739130821e-01 7.266536964980544466e-01 5.322580645161290036e-01
4.334763948497853958e-01 1.000000000000000000e+00 6.637362637362637097e-01 6.043478260869564744e-01 6.945525291828793524e-01 5.161290322580645018e-01
4.120171673819742475e-01 7.500000000000000000e-01 5.076923076923076650e-01 4.565217391304347561e-01 6.877431906614785984e-01 7.741935483870967527e-01
4.399141630901287625e-01 7.500000000000000000e-01 4.395604395604395531e-01 4.130434782608695676e-01 6.138132295719844755e-01 7.338709677419353872e-01
4.334763948497853958e-01 7.500000000000000000e-01 4.395604395604395531e-01 3.695652173913043237e-01 5.768482490272373031e-01 6.370967741935483764e-01
5.386266094420600892e-01 5.000000000000000000e-01 3.076923076923077094e-01 3.826086956521739246e-01 5.291828793774319140e-01 6.209677419354838745e-01
4.399141630901287625e-01 7.500000000000000000e-01 4.945054945054945250e-01 4.347826086956521618e-01 6.673151750972762253e-01 6.935483870967741327e-01
4.163090128755364550e-01 7.500000000000000000e-01 5.098901098901098550e-01 3.913043478260869734e-01 6.245136186770428033e-01 6.935483870967741327e-01
4.420600858369098662e-01 7.500000000000000000e-01 5.076923076923076650e-01 4.565217391304347561e-01 6.575875486381322910e-01 6.370967741935483764e-01
4.463519313304721292e-01 7.500000000000000000e-01 4.395604395604395531e-01 3.695652173913043237e-01 5.972762645914396762e-01 6.733870967741935054e-01
3.991416309012875696e-01 7.500000000000000000e-01 4.945054945054945250e-01 4.782608695652174058e-01 7.042801556420233977e-01 7.540322580645161255e-01
3.884120171673819955e-01 7.500000000000000000e-01 5.670329670329670169e-01 5.217391304347825942e-01 6.634241245136186516e-01 6.088709677419354982e-01
4.120171673819742475e-01 1.000000000000000000e+00 6.703296703296702796e-01 6.304347826086956763e-01 6.663424124513618318e-01 5.322580645161290036e-01
3.798283261802574695e-01 7.500000000000000000e-01 5.076923076923076650e-01 7.173913043478260532e-01 6.702334630350194056e-01 5.403225806451612545e-01
3.884120171673819955e-01 1.000000000000000000e+00 6.637362637362637097e-01 6.043478260869564744e-01 6.235408560311284099e-01 4.516129032258063836e-01
3.755364806866952621e-01 1.000000000000000000e+00 6.989010989010988606e-01 6.086956521739130821e-01 7.937743190661478154e-01 5.524193548387096309e-01
6.437768240343347825e-01 5.000000000000000000e-01 2.153846153846153966e-01 2.956521739130434923e-01 4.192607003891050677e-01 6.653225806451612545e-01
5.901287553648068007e-01 5.000000000000000000e-01 2.945054945054945139e-01 4.130434782608695676e-01 4.980544747081712131e-01 5.725806451612902581e-01
5.836909871244634340e-01 5.000000000000000000e-01 2.615384615384615530e-01 4.217391304347826164e-01 4.474708171206225882e-01 5.927419354838708854e-01
6.630901287553647716e-01 5.000000000000000000e-01 2.307692307692307820e-01 3.260869565217391353e-01 4.338521400778210246e-01 5.846774193548387455e-01
4.527896995708154404e-01 5.000000000000000000e-01 2.945054945054945139e-01 4.130434782608695676e-01 4.892996108949416167e-01 5.967741935483871218e-01
4.978540772532188408e-01 5.000000000000000000e-01 3.428571428571428603e-01 4.565217391304347561e-01 5.340466926070038811e-01 6.733870967741935054e-01
5.107296137339055742e-01 5.000000000000000000e-01 3.318681318681318548e-01 3.695652173913043237e-01 5.554474708171206476e-01 7.096774193548387455e-01
5.128755364806866224e-01 5.000000000000000000e-01 2.615384615384615530e-01 4.217391304347826164e-01 4.678988326848249057e-01 6.008064516129032473e-01
4.356223175965664995e-01 6.250000000000000000e-01 2.879120879120878884e-01 4.478260869565217628e-01 5.505836575875486805e-01 6.411290322580645018e-01
3.648068669527896879e-01 7.500000000000000000e-01 3.582417582417582458e-01 5.434782608695651884e-01 6.108949416342412952e-01 5.483870967741935054e-01
4.635193133047210701e-01 5.000000000000000000e-01 2.659340659340659330e-01 5.000000000000000000e-01 5.437743190661478154e-01 6.330645161290322509e-01
3.476394849785407470e-01 7.500000000000000000e-01 3.582417582417582458e-01 5.782608695652173836e-01 6.634241245136186516e-01 6.370967741935483764e-01
6.759656652360515050e-01 5.000000000000000000e-01 1.956043956043956034e-01 3.086956521739130377e-01 3.871595330739299734e-01 6.008064516129032473e-01
6.330472103004292084e-01 5.000000000000000000e-01 2.153846153846153966e-01 2.956521739130434923e-01 4.153696498054474939e-01 6.693548387096774910e-01
4.613733905579399108e-01 7.500000000000000000e-01 5.076923076923076650e-01 5.000000000000000000e-01 6.313229571984435573e-01 6.209677419354838745e-01
4.248927038626609254e-01 7.500000000000000000e-01 4.395604395604395531e-01 3.695652173913043237e-01 5.817120622568093813e-01 7.338709677419353872e-01
4.785407725321888517e-01 5.000000000000000000e-01 3.076923076923077094e-01 3.826086956521739246e-01 5.622568093385214016e-01 6.975806451612903691e-01
4.334763948497853958e-01 7.500000000000000000e-01 5.098901098901098550e-01 3.913043478260869734e-01 6.352140077821011310e-01 7.338709677419353872e-01
4.420600858369098662e-01 7.500000000000000000e-01 4.945054945054945250e-01 4.782608695652174058e-01 6.536964980544747172e-01 6.693548387096774910e-01
3.648068669527896879e-01 1.000000000000000000e+00 6.703296703296702796e-01 5.652173913043477826e-01 7.470817120622568197e-01 6.209677419354838745e-01
3.776824034334764213e-01 1.000000000000000000e+00 6.637362637362637097e-01 5.608695652173912860e-01 7.247081712062256598e-01 5.403225806451612545e-01
3.540772532188841137e-01 1.000000000000000000e+00 7.714285714285714635e-01 5.999999999999999778e-01 7.694552529182879796e-01 5.322580645161290036e-01
3.905579399141630437e-01 1.000000000000000000e+00 6.989010989010988606e-01 5.869565217391304879e-01 7.451361867704280328e-01 6.129032258064515126e-01
3.626609442060085287e-01 1.000000000000000000e+00 7.692307692307692735e-01 6.739130434782608647e-01 8.482490272373540696e-01 6.008064516129032473e-01
3.326180257510729654e-01 1.000000000000000000e+00 7.714285714285714635e-01 6.173913043478260754e-01 7.887159533073929696e-01 5.766129032258064946e-01
4.120171673819742475e-01 1.000000000000000000e+00 5.868131868131868378e-01 5.434782608695651884e-01 7.013618677042801064e-01 6.048387096774193727e-01
3.969957081545064104e-01 1.000000000000000000e+00 7.912087912087911734e-01 6.521739130434782705e-01 7.665369649805447994e-01 5.241935483870967527e-01
6.845493562231759199e-01 5.000000000000000000e-01 1.956043956043956034e-01 3.086956521739130377e-01 3.745136186770428033e-01 5.645161290322580072e-01
7.317596566523605350e-01 5.000000000000000000e-01 1.890109890109890056e-01 2.826086956521738913e-01 3.842412451361867931e-01 6.129032258064515126e-01
7.660944206008584167e-01 5.000000000000000000e-01 2.153846153846153966e-01 3.478260869565217295e-01 3.725680933852140164e-01 5.806451612903226200e-01
5.879828326180257525e-01 5.000000000000000000e-01 2.659340659340659330e-01 3.478260869565217295e-01 5.194552529182879796e-01 6.048387096774193727e-01
5.450643776824033448e-01 6.250000000000000000e-01 4.021978021978022122e-01 3.347826086956521840e-01 6.867704280155642049e-01 8.104838709677419928e-01
4.935622317596566333e-01 1.000000000000000000e+00 7.692307692307692735e-01 5.434782608695651884e-01 7.587548638132295409e-01 7.016129032258063836e-01
5.836909871244634340e-01 5.000000000000000000e-01 3.098901098901098994e-01 3.086956521739130377e-01 6.206225680933852296e-01 1.000000000000000000e+00
5.128755364806866224e-01 1.000000000000000000e+00 5.714285714285713969e-01 3.913043478260869734e-01 6.653696498054474384e-01 8.951612903225806273e-01
7.339055793991416943e-01 5.000000000000000000e-01 2.307692307692307820e-01 3.043478260869565410e-01 4.280155642023346085e-01 5.322580645161290036e-01
7.403433476394849500e-01 5.000000000000000000e-01 2.307692307692307820e-01 3.043478260869565410e-01 4.182879377431906742e-01 6.008064516129032473e-01
6.824034334763948717e-01 5.000000000000000000e-01 1.868131868131868156e-01 2.826086956521738913e-01 3.929961089494163340e-01 7.741935483870967527e-01
8.004291845493561874e-01 5.000000000000000000e-01 2.000000000000000111e-01 2.999999999999999889e-01 4.143968871595331005e-01 5.927419354838708854e-01
6.094420600858369008e-01 5.000000000000000000e-01 3.318681318681318548e-01 3.913043478260869734e-01 5.194552529182879796e-01 6.451612903225806273e-01
6.180257510729613157e-01 7.500000000000000000e-01 3.802197802197802012e-01 5.000000000000000000e-01 5.048638132295719672e-01 4.556451612903226200e-01
5.751072961373390191e-01 7.500000000000000000e-01 3.802197802197802012e-01 5.000000000000000000e-01 5.252918287937743402e-01 5.201612903225806273e-01
7.188841201716738016e-01 5.000000000000000000e-01 3.318681318681318548e-01 3.913043478260869734e-01 4.972762645914396984e-01 5.322580645161290036e-01
8.905579399141630992e-01 5.000000000000000000e-01 2.153846153846153966e-01 3.304347826086956319e-01 4.171206225680934021e-01 5.927419354838708854e-01
8.175965665236051283e-01 5.000000000000000000e-01 1.956043956043956034e-01 2.608695652173912971e-01 3.828793774319066423e-01 7.580645161290322509e-01
6.888412017167382384e-01 5.000000000000000000e-01 2.153846153846153966e-01 3.043478260869565410e-01 4.124513618677042581e-01 6.250000000000000000e-01
7.982832618025751392e-01 5.000000000000000000e-01 1.890109890109890056e-01 2.826086956521738913e-01 3.928015564202334553e-01 6.612903225806451291e-01
6.008583690987123749e-01 5.000000000000000000e-01 3.318681318681318548e-01 3.913043478260869734e-01 5.210116731517510091e-01 6.653225806451612545e-01
5.665236051502144932e-01 5.000000000000000000e-01 3.076923076923077094e-01 3.826086956521739246e-01 5.583657587548638279e-01 7.298387096774193727e-01
5.214592274678111483e-01 5.000000000000000000e-01 3.318681318681318548e-01 3.913043478260869734e-01 5.842412451361868042e-01 8.104838709677419928e-01
4.098712446351931438e-01 7.500000000000000000e-01 4.945054945054945250e-01 3.913043478260869734e-01 6.577821011673151697e-01 7.540322580645161255e-01
7.360515021459226315e-01 5.000000000000000000e-01 2.131868131868131788e-01 3.391304347826086807e-01 4.256809338521400643e-01 6.370967741935483764e-01
6.394849785407725751e-01 5.000000000000000000e-01 2.945054945054945139e-01 3.913043478260869734e-01 5.274319066147860058e-01 6.250000000000000000e-01
6.716738197424892975e-01 5.000000000000000000e-01 2.637362637362637430e-01 3.260869565217391353e-01 4.945525291828793968e-01 7.056451612903225090e-01
7.939914163090128207e-01 5.000000000000000000e-01 2.615384615384615530e-01 4.000000000000000222e-01 4.735408560311283876e-01 6.048387096774193727e-01
6.909871244635193976e-01 5.000000000000000000e-01 2.373626373626373520e-01 3.260869565217391353e-01 4.406614785992217787e-01 6.129032258064515126e-01
1.000000000000000000e+00 5.000000000000000000e-01 1.890109890109890056e-01 2.826086956521738913e-01 4.105058365758754713e-01 7.217741935483870108e-01
5.987124463519313267e-01 5.000000000000000000e-01 3.428571428571428603e-01 4.565217391304347561e-01 5.447470817120622089e-01 5.806451612903226200e-01
8.755364806866952065e-01 5.000000000000000000e-01 1.868131868131868156e-01 2.826086956521738913e-01 4.105058365758754713e-01 7.741935483870967527e-01
9.506437768240342256e-01 5.000000000000000000e-01 1.978021978021977934e-01 2.086956521739130321e-01 4.056420233463035041e-01 8.750000000000000000e-01
9.313304721030042366e-01 5.000000000000000000e-01 1.978021978021977934e-01 2.086956521739130321e-01 4.542801556420233422e-01 9.556451612903225090e-01
7.811158798283260873e-01 6.250000000000000000e-01 2.659340659340659330e-01 2.913043478260869401e-01 5.739299610894941228e-01 8.024193548387096309e-01
6.437768240343347825e-01 5.000000000000000000e-01 3.208791208791209049e-01 2.913043478260869401e-01 6.322957198443579507e-01 8.790322580645161255e-01
9.570815450643777034e-01 5.000000000000000000e-01 2.000000000000000111e-01 2.913043478260869401e-01 3.599221789883268463e-01 5.564516129032258673e-01
7.253218884120170573e-01 5.000000000000000000e-01 2.131868131868131788e-01 2.913043478260869401e-01 4.173151750972762808e-01 7.258064516129032473e-01
6.394849785407725751e-01 5.000000000000000000e-01 1.956043956043956034e-01 2.695652173913043459e-01 3.589494163424124529e-01 6.169354838709677491e-01
7.017167381974249718e-01 7.500000000000000000e-01 3.692307692307692513e-01 5.739130434782608869e-01 5.661478599221789754e-01 4.596774193548386900e-01
5.085836909871244149e-01 3.750000000000000000e-01 1.538461538461538547e-01 4.347826086956521618e-01 4.708171206225680860e-01 5.040322580645161255e-01
7.510729613733905241e-01 5.000000000000000000e-01 2.681318681318681230e-01 3.826086956521739246e-01 4.863813229571984365e-01 6.088709677419354982e-01
6.952789699570814941e-01 5.000000000000000000e-01 2.351648351648351620e-01 3.130434782608695898e-01 4.455252918287938013e-01 6.854838709677418818e-01
5.836909871244634340e-01 5.000000000000000000e-01 2.967032967032967039e-01 3.652173913043478271e-01 4.844357976653696496e-01 6.330645161290322509e-01
5.708154506437768116e-01 5.000000000000000000e-01 3.318681318681318548e-01 3.652173913043478271e-01 5.126459143968871146e-01 6.612903225806451291e-01
5.536480686695278708e-01 5.000000000000000000e-01 3.428571428571428603e-01 4.000000000000000222e-01 5.097276264591439343e-01 5.806451612903226200e-01
5.042918454935622075e-01 7.500000000000000000e-01 3.802197802197802012e-01 4.782608695652174058e-01 5.301556420233463074e-01 5.080645161290322509e-01
6.437768240343347825e-01 5.000000000000000000e-01 2.967032967032967039e-01 3.652173913043478271e-01 4.640077821011673320e-01 5.201612903225806273e-01
8.390557939914162766e-01 5.000000000000000000e-01 1.736263736263736202e-01 2.521739130434782483e-01 3.414396887159533156e-01 6.814516129032257563e-01
8.369098712446351174e-01 5.000000000000000000e-01 1.890109890109890056e-01 2.782608695652173947e-01 3.647859922178988135e-01 6.612903225806451291e-01
7.532188841201716833e-01 5.000000000000000000e-01 1.780219780219780279e-01 2.608695652173912971e-01 3.424124513618677090e-01 6.491935483870968637e-01
6.931330472103003348e-01 5.000000000000000000e-01 2.131868131868131788e-01 2.913043478260869401e-01 4.017509727626459304e-01 7.177419354838709964e-01
7.939914163090128207e-01 5.000000000000000000e-01 1.868131868131868156e-01 2.826086956521738913e-01 3.842412451361867931e-01 7.822580645161290036e-01
8.090128755364807134e-01 5.000000000000000000e-01 1.956043956043956034e-01 2.695652173913043459e-01 3.988326848249027501e-01 6.975806451612903691e-01
7.317596566523605350e-01 5.000000000000000000e-01 2.000000000000000111e-01 2.956521739130434923e-01 3.861867704280155800e-01 6.451612903225806273e-01
7.446351931330472684e-01 5.000000000000000000e-01 2.307692307692307820e-01 2.739130434782608425e-01 4.309338521400778443e-01 6.008064516129032473e-01
7.381974248927037907e-01 5.000000000000000000e-01 2.153846153846153966e-01 2.826086956521738913e-01 3.978599221789883011e-01 6.532258064516128782e-01
6.416309012875536233e-01 5.000000000000000000e-01 2.153846153846153966e-01 2.826086956521738913e-01 4.630350194552529386e-01 8.346774193548386345e-01
7.081545064377682275e-01 5.000000000000000000e-01 2.307692307692307820e-01 3.217391304347825831e-01 4.260700389105058217e-01 5.725806451612902581e-01
7.231759656652361201e-01 5.000000000000000000e-01 2.351648351648351620e-01 3.260869565217391353e-01 4.299610894941634509e-01 5.806451612903226200e-01
6.952789699570814941e-01 5.000000000000000000e-01 2.373626373626373520e-01 3.260869565217391353e-01 4.571984435797665225e-01 6.774193548387097419e-01
7.060085836909870682e-01 5.000000000000000000e-01 2.615384615384615530e-01 4.347826086956521618e-01 5.087548638132295409e-01 5.967741935483871218e-01
6.781115879828326642e-01 5.000000000000000000e-01 2.637362637362637430e-01 3.217391304347825831e-01 5.126459143968871146e-01 7.379032258064516236e-01
6.030042918454935341e-01 5.000000000000000000e-01 3.098901098901098994e-01 3.478260869565217295e-01 6.284046692607003770e-01 8.225806451612902581e-01
6.587982832618025641e-01 7.500000000000000000e-01 3.186813186813186594e-01 3.304347826086956319e-01 6.147859922178988690e-01 7.903225806451613655e-01
5.450643776824033448e-01 7.500000000000000000e-01 3.692307692307692513e-01 5.043478260869564966e-01 5.642023346303501885e-01 5.080645161290322509e-01
5.193133047210299891e-01 7.500000000000000000e-01 3.208791208791209049e-01 5.217391304347825942e-01 5.700389105058365491e-01 5.564516129032258673e-01
4.806866952789698999e-01 7.500000000000000000e-01 5.076923076923076650e-01 4.782608695652174058e-01 6.643968871595330450e-01 6.370967741935483764e-01
5.708154506437768116e-01 1.000000000000000000e+00 7.692307692307692735e-01 4.565217391304347561e-01 7.247081712062256598e-01 7.661290322580645018e-01
4.334763948497853958e-01 7.500000000000000000e-01 4.395604395604395531e-01 3.826086956521739246e-01 5.953307392996108893e-01 6.895161290322581182e-01
3.776824034334764213e-01 7.500000000000000000e-01 4.945054945054945250e-01 3.695652173913043237e-01 6.741245136186770903e-01 6.693548387096774910e-01
6.008583690987123749e-01 5.000000000000000000e-01 2.461538461538461675e-01 3.826086956521739246e-01 5.068093385214007540e-01 7.903225806451613655e-01
5.793991416309012266e-01 5.000000000000000000e-01 2.461538461538461675e-01 3.826086956521739246e-01 5.136186770428015080e-01 7.500000000000000000e-01
7.296137339055793758e-01 5.000000000000000000e-01 2.461538461538461675e-01 3.826086956521739246e-01 4.659533073929961189e-01 7.258064516129032473e-01
6.652360515021459308e-01 5.000000000000000000e-01 2.461538461538461675e-01 3.695652173913043237e-01 5.009727626459143934e-01 6.532258064516128782e-01
6.223175965665236342e-01 5.000000000000000000e-01 2.967032967032967039e-01 3.652173913043478271e-01 4.912451361867704036e-01 6.451612903225806273e-01
5.793991416309012266e-01 5.000000000000000000e-01 3.318681318681318548e-01 3.913043478260869734e-01 5.321011673151750943e-01 7.258064516129032473e-01
5.150214592274677816e-01 5.000000000000000000e-01 3.076923076923077094e-01 4.000000000000000222e-01 5.573929961089494345e-01 6.612903225806451291e-01
7.725321888412016724e-01 5.000000000000000000e-01 2.307692307692307820e-01 3.217391304347825831e-01 3.852140077821011865e-01 6.169354838709677491e-01
7.939914163090128207e-01 5.000000000000000000e-01 2.000000000000000111e-01 2.956521739130434923e-01 3.939688715953307274e-01 7.338709677419353872e-01
6.652360515021459308e-01 5.000000000000000000e-01 2.000000000000000111e-01 2.956521739130434923e-01 3.832684824902723997e-01 7.096774193548387455e-01
8.154506437768239691e-01 5.000000000000000000e-01 2.307692307692307820e-01 2.739130434782608425e-01 4.134241245136186516e-01 5.927419354838708854e-01
7.725321888412016724e-01 5.000000000000000000e-01 2.153846153846153966e-01 3.043478260869565410e-01 4.134241245136186516e-01 6.975806451612903691e-01
7.725321888412016724e-01 5.000000000000000000e-01 2.637362637362637430e-01 3.826086956521739246e-01 4.202334630350194611e-01 5.846774193548387455e-01
7.725321888412016724e-01 5.000000000000000000e-01 2.351648351648351620e-01 3.260869565217391353e-01 4.289883268482490020e-01 5.846774193548387455e-01
7.296137339055793758e-01 5.000000000000000000e-01 2.373626373626373520e-01 3.043478260869565410e-01 4.367704280155642049e-01 6.814516129032257563e-01
8.154506437768239691e-01 5.000000000000000000e-01 2.000000000000000111e-01 2.913043478260869401e-01 3.822957198443579507e-01 6.048387096774193727e-01
6.866952789699570792e-01 5.000000000000000000e-01 2.000000000000000111e-01 2.913043478260869401e-01 3.822957198443579507e-01 6.330645161290322509e-01
8.154506437768239691e-01 5.000000000000000000e-01 2.000000000000000111e-01 2.913043478260869401e-01 3.881322957198443668e-01 6.532258064516128782e-01
5.364806866952789299e-01 7.500000000000000000e-01 3.978021978021977767e-01 4.782608695652174058e-01 5.729571984435797294e-01 6.612903225806451291e-01
8.154506437768239691e-01 7.500000000000000000e-01 5.758241758241757768e-01 3.695652173913043237e-01 5.865758754863813484e-01 6.854838709677418818e-01
5.579399141630900782e-01 5.000000000000000000e-01 3.428571428571428603e-01 4.000000000000000222e-01 5.029182879377431803e-01 5.846774193548387455e-01
4.721030042918454850e-01 7.500000000000000000e-01 5.098901098901098550e-01 4.869565217391304546e-01 5.515564202334630739e-01 5.927419354838708854e-01
6.866952789699570792e-01 5.000000000000000000e-01 3.164835164835164694e-01 4.173913043478260643e-01 5.184824902723735862e-01 5.604838709677418818e-01
7.725321888412016724e-01 5.000000000000000000e-01 2.967032967032967039e-01 3.652173913043478271e-01 4.610894941634241517e-01 5.241935483870967527e-01
5.793991416309012266e-01 5.000000000000000000e-01 3.318681318681318548e-01 3.913043478260869734e-01 5.739299610894941228e-01 6.975806451612903691e-01
5.793991416309012266e-01 5.000000000000000000e-01 3.076923076923077094e-01 3.739130434782608758e-01 5.428015564202334220e-01 6.290322580645161255e-01
9.442060085836909700e-01 5.000000000000000000e-01 2.131868131868131788e-01 2.260869565217391297e-01 4.143968871595331005e-01 9.919354838709677491e-01
6.866952789699570792e-01 5.000000000000000000e-01 2.967032967032967039e-01 3.652173913043478271e-01 4.464980544747081947e-01 4.677419354838709409e-01
6.008583690987123749e-01 5.000000000000000000e-01 2.637362637362637430e-01 3.434782608695652328e-01 5.107003891050583277e-01 7.500000000000000000e-01
6.652360515021459308e-01 5.000000000000000000e-01 2.615384615384615530e-01 3.565217391304347783e-01 5.291828793774319140e-01 7.822580645161290036e-01
