6.560402684563758635e-01 8.697674418604650626e-01 7.835497835497835517e-01 5.952380952380952328e-01 1.000000000000000000e+00
6.627516778523490082e-01 8.093023255813952543e-01 8.051948051948052409e-01 6.031746031746031411e-01 0.000000000000000000e+00
6.761744966442951865e-01 8.372093023255814392e-01 8.441558441558441039e-01 5.158730158730159276e-01 0.000000000000000000e+00
6.157718120805369955e-01 8.976744186046512475e-01 8.354978354978355171e-01 5.476190476190476719e-01 0.000000000000000000e+00
6.593959731543623803e-01 9.581395348837209447e-01 8.225108225108225257e-01 5.793650793650794162e-01 1.000000000000000000e+00
6.526845637583892357e-01 8.279069767441861183e-01 7.835497835497835517e-01 5.753968253968253510e-01 0.000000000000000000e+00
6.577181208053691774e-01 9.116279069767442289e-01 8.441558441558441039e-01 7.420634920634920917e-01 1.000000000000000000e+00
6.895973154362415869e-01 8.186046511627907973e-01 7.878787878787878451e-01 5.079365079365079083e-01 0.000000000000000000e+00
6.476510067114094049e-01 9.860465116279069075e-01 8.268398268398268192e-01 6.031746031746031411e-01 1.000000000000000000e+00
5.805369127516778471e-01 9.813953488372093581e-01 8.571428571428570953e-01 6.984126984126983739e-01 1.000000000000000000e+00
6.140939597315436815e-01 8.279069767441861183e-01 8.008658008658008365e-01 5.873015873015873245e-01 0.000000000000000000e+00
6.493288590604027188e-01 8.837209302325581550e-01 8.441558441558441039e-01 5.476190476190476719e-01 0.000000000000000000e+00
7.130872483221476488e-01 9.627906976744186052e-01 8.528138528138528018e-01 7.142857142857143016e-01 1.000000000000000000e+00
5.771812080536912193e-01 8.558139534883720811e-01 7.965367965367965430e-01 5.277777777777777901e-01 0.000000000000000000e+00
7.718120805369127480e-01 1.000000000000000000e+00 8.398268398268398105e-01 6.666666666666666297e-01 1.000000000000000000e+00
6.342281879194630045e-01 8.511627906976744207e-01 7.532467532467532756e-01 5.396825396825396526e-01 0.000000000000000000e+00
6.325503355704698016e-01 8.697674418604650626e-01 7.792207792207792583e-01 5.714285714285713969e-01 1.000000000000000000e+00
6.023489932885905951e-01 8.930232558139534760e-01 8.181818181818182323e-01 6.031746031746031411e-01 0.000000000000000000e+00
6.409395973154362602e-01 8.418604651162790997e-01 8.008658008658008365e-01 6.269841269841269771e-01 1.000000000000000000e+00
6.510067114093959217e-01 7.999999999999999334e-01 7.792207792207792583e-01 6.031746031746031411e-01 1.000000000000000000e+00
5.922818791946308226e-01 8.790697674418603835e-01 8.095238095238095344e-01 6.031746031746031411e-01 0.000000000000000000e+00
6.812080536912751283e-01 8.651162790697675131e-01 7.922077922077922496e-01 5.634920634920634885e-01 1.000000000000000000e+00
6.795302013422818144e-01 8.325581395348836677e-01 8.095238095238095344e-01 5.079365079365079083e-01 0.000000000000000000e+00
6.359060402684563185e-01 8.651162790697675131e-01 7.445887445887445777e-01 5.000000000000000000e-01 0.000000000000000000e+00
6.795302013422818144e-01 8.790697674418603835e-01 7.792207792207792583e-01 6.269841269841269771e-01 1.000000000000000000e+00
6.627516778523490082e-01 7.767441860465116310e-01 7.705627705627705604e-01 5.158730158730159276e-01 0.000000000000000000e+00
6.241610738255033430e-01 8.418604651162790997e-01 7.705627705627705604e-01 6.190476190476190688e-01 1.000000000000000000e+00
6.627516778523490082e-01 8.279069767441861183e-01 8.138528138528138278e-01 5.238095238095238360e-01 0.000000000000000000e+00
6.862416107382549590e-01 8.790697674418603835e-01 7.965367965367965430e-01 6.190476190476190688e-01 1.000000000000000000e+00
6.107382550335570537e-01 7.906976744186046124e-01 8.441558441558441039e-01 5.277777777777777901e-01 0.000000000000000000e+00
6.577181208053691774e-01 9.813953488372093581e-01 8.484848484848485084e-01 6.587301587301587213e-01 1.000000000000000000e+00
6.510067114093959217e-01 9.302325581395348708e-01 8.225108225108225257e-01 6.269841269841269771e-01 1.000000000000000000e+00
7.080536912751678180e-01 8.604651162790697416e-01 7.792207792207792583e-01 5.634920634920634885e-01 0.000000000000000000e+00
6.308724832214764877e-01 8.976744186046512475e-01 7.835497835497835517e-01 5.238095238095238360e-01 0.000000000000000000e+00
6.677852348993288389e-01 8.883720930232559265e-01 7.965367965367965430e-01 7.380952380952381375e-01 1.000000000000000000e+00
6.124161073825503676e-01 8.372093023255814392e-01 7.878787878787878451e-01 5.000000000000000000e-01 0.000000000000000000e+00
6.845637583892616451e-01 8.558139534883720811e-01 8.441558441558441039e-01 6.190476190476190688e-01 1.000000000000000000e+00
6.040268456375839090e-01 8.604651162790697416e-01 8.051948051948052409e-01 4.920634920634920362e-01 0.000000000000000000e+00
7.399328859060402275e-01 9.162790697674417784e-01 8.484848484848485084e-01 6.984126984126983739e-01 1.000000000000000000e+00
6.208053691275167152e-01 7.860465116279069520e-01 8.008658008658008365e-01 4.761904761904761640e-01 0.000000000000000000e+00
6.644295302013423221e-01 8.744186046511628341e-01 8.225108225108225257e-01 7.301587301587301182e-01 1.000000000000000000e+00
6.895973154362415869e-01 8.837209302325581550e-01 7.878787878787878451e-01 5.436507936507936067e-01 1.000000000000000000e+00
6.040268456375839090e-01 8.325581395348836677e-01 8.225108225108225257e-01 5.476190476190476719e-01 0.000000000000000000e+00
7.097315436241610209e-01 9.860465116279069075e-01 8.268398268398268192e-01 6.587301587301587213e-01 1.000000000000000000e+00
6.644295302013423221e-01 8.232558139534883468e-01 8.051948051948052409e-01 5.555555555555555802e-01 0.000000000000000000e+00
6.728187919463087807e-01 8.790697674418603835e-01 8.138528138528138278e-01 6.825396825396825573e-01 1.000000000000000000e+00
5.872483221476509918e-01 8.325581395348836677e-01 8.225108225108225257e-01 5.476190476190476719e-01 0.000000000000000000e+00
7.046979865771811902e-01 9.069767441860464574e-01 8.658008658008657932e-01 6.428571428571429047e-01 1.000000000000000000e+00
5.788590604026845332e-01 8.418604651162790997e-01 8.095238095238095344e-01 4.603174603174602919e-01 0.000000000000000000e+00
6.946308724832214176e-01 8.651162790697675131e-01 8.268398268398268192e-01 5.873015873015873245e-01 1.000000000000000000e+00
6.543624161073825496e-01 8.139534883720930258e-01 8.051948051948052409e-01 5.634920634920634885e-01 0.000000000000000000e+00
6.812080536912751283e-01 8.744186046511628341e-01 8.354978354978355171e-01 6.031746031746031411e-01 1.000000000000000000e+00
6.124161073825503676e-01 7.720930232558139705e-01 7.835497835497835517e-01 4.523809523809523836e-01 0.000000000000000000e+00
6.308724832214764877e-01 8.883720930232559265e-01 8.398268398268398105e-01 5.952380952380952328e-01 1.000000000000000000e+00
5.989932885906040783e-01 7.860465116279069520e-01 8.008658008658008365e-01 5.000000000000000000e-01 0.000000000000000000e+00
6.929530201342281037e-01 9.813953488372093581e-01 8.441558441558441039e-01 6.984126984126983739e-01 1.000000000000000000e+00
6.308724832214764877e-01 7.906976744186046124e-01 8.008658008658008365e-01 5.714285714285713969e-01 0.000000000000000000e+00
6.895973154362415869e-01 8.465116279069767602e-01 8.311688311688312236e-01 6.428571428571429047e-01 1.000000000000000000e+00
6.107382550335570537e-01 7.953488372093023839e-01 7.965367965367965430e-01 4.523809523809523836e-01 0.000000000000000000e+00
6.979865771812080455e-01 8.372093023255814392e-01 8.311688311688312236e-01 6.269841269841269771e-01 1.000000000000000000e+00
5.956375838926174504e-01 7.534883720930232176e-01 8.441558441558441039e-01 5.317460317460317443e-01 0.000000000000000000e+00
6.895973154362415869e-01 8.883720930232559265e-01 8.138528138528138278e-01 6.507936507936508130e-01 1.000000000000000000e+00
6.023489932885905951e-01 7.720930232558139705e-01 8.225108225108225257e-01 4.841269841269841279e-01 0.000000000000000000e+00
7.013422818791945623e-01 9.023255813953487969e-01 8.571428571428570953e-01 7.063492063492063933e-01 1.000000000000000000e+00
5.620805369127516160e-01 8.837209302325581550e-01 8.225108225108225257e-01 5.714285714285713969e-01 0.000000000000000000e+00
6.661073825503356360e-01 8.558139534883720811e-01 8.225108225108225257e-01 6.190476190476190688e-01 1.000000000000000000e+00
6.644295302013423221e-01 7.999999999999999334e-01 8.484848484848485084e-01 5.634920634920634885e-01 0.000000000000000000e+00
7.684563758389261201e-01 8.790697674418603835e-01 8.528138528138528018e-01 6.587301587301587213e-01 1.000000000000000000e+00
5.956375838926174504e-01 8.139534883720930258e-01 8.225108225108225257e-01 5.873015873015873245e-01 0.000000000000000000e+00
7.181208053691274795e-01 8.604651162790697416e-01 8.441558441558441039e-01 6.746031746031746490e-01 1.000000000000000000e+00
6.862416107382549590e-01 7.813953488372092915e-01 8.268398268398268192e-01 5.873015873015873245e-01 0.000000000000000000e+00
6.241610738255033430e-01 9.023255813953487969e-01 7.965367965367965430e-01 6.190476190476190688e-01 1.000000000000000000e+00
6.073825503355705369e-01 7.488372093023256681e-01 8.095238095238095344e-01 5.634920634920634885e-01 0.000000000000000000e+00
7.063758389261745041e-01 8.883720930232559265e-01 8.441558441558441039e-01 6.349206349206348854e-01 1.000000000000000000e+00
5.805369127516778471e-01 7.999999999999999334e-01 8.181818181818182323e-01 5.079365079365079083e-01 0.000000000000000000e+00
7.197986577181207934e-01 8.186046511627907973e-01 8.484848484848485084e-01 7.460317460317460458e-01 1.000000000000000000e+00
6.157718120805369955e-01 8.744186046511628341e-01 8.095238095238095344e-01 6.031746031746031411e-01 0.000000000000000000e+00
5.889261744966443057e-01 9.023255813953487969e-01 8.354978354978355171e-01 6.666666666666666297e-01 1.000000000000000000e+00
6.258389261744965459e-01 8.279069767441861183e-01 8.268398268398268192e-01 5.317460317460317443e-01 0.000000000000000000e+00
6.929530201342281037e-01 9.441860465116279633e-01 8.398268398268398105e-01 5.634920634920634885e-01 1.000000000000000000e+00
6.090604026845637398e-01 9.069767441860464574e-01 8.225108225108225257e-01 6.031746031746031411e-01 1.000000000000000000e+00
6.191275167785234013e-01 8.651162790697675131e-01 8.181818181818182323e-01 5.555555555555555802e-01 0.000000000000000000e+00
6.426174496644294631e-01 8.930232558139534760e-01 8.181818181818182323e-01 6.269841269841269771e-01 1.000000000000000000e+00
6.526845637583892357e-01 8.744186046511628341e-01 8.225108225108225257e-01 5.714285714285713969e-01 0.000000000000000000e+00
5.989932885906040783e-01 8.372093023255814392e-01 8.744588744588744911e-01 5.634920634920634885e-01 0.000000000000000000e+00
6.895973154362415869e-01 8.418604651162790997e-01 8.874458874458874824e-01 6.825396825396825573e-01 1.000000000000000000e+00
5.704697986577180746e-01 7.953488372093023839e-01 8.008658008658008365e-01 5.396825396825396526e-01 0.000000000000000000e+00
6.644295302013423221e-01 8.418604651162790997e-01 8.051948051948052409e-01 7.063492063492063933e-01 1.000000000000000000e+00
6.073825503355705369e-01 8.046511627906977049e-01 8.095238095238095344e-01 5.238095238095238360e-01 0.000000000000000000e+00
6.845637583892616451e-01 8.790697674418603835e-01 9.004329004329004738e-01 6.825396825396825573e-01 1.000000000000000000e+00
6.392617449664429463e-01 8.651162790697675131e-01 8.225108225108225257e-01 5.873015873015873245e-01 0.000000000000000000e+00
6.761744966442951865e-01 8.604651162790697416e-01 8.484848484848485084e-01 6.904761904761904656e-01 1.000000000000000000e+00
5.553691275167785824e-01 7.488372093023256681e-01 7.705627705627705604e-01 4.603174603174602919e-01 0.000000000000000000e+00
7.248322147651007352e-01 8.604651162790697416e-01 8.311688311688312236e-01 6.507936507936508130e-01 1.000000000000000000e+00
5.872483221476509918e-01 8.325581395348836677e-01 8.311688311688312236e-01 5.912698412698412787e-01 0.000000000000000000e+00
6.879194630872482730e-01 9.302325581395348708e-01 8.787878787878787845e-01 7.500000000000000000e-01 1.000000000000000000e+00
6.325503355704698016e-01 7.441860465116278966e-01 7.922077922077922496e-01 4.880952380952380820e-01 0.000000000000000000e+00
6.342281879194630045e-01 9.302325581395348708e-01 8.225108225108225257e-01 6.746031746031746490e-01 1.000000000000000000e+00
6.359060402684563185e-01 8.651162790697675131e-01 8.354978354978355171e-01 4.642857142857143016e-01 0.000000000000000000e+00
6.661073825503356360e-01 8.790697674418603835e-01 7.965367965367965430e-01 5.634920634920634885e-01 1.000000000000000000e+00
6.476510067114094049e-01 7.999999999999999334e-01 8.614718614718614997e-01 5.952380952380952328e-01 0.000000000000000000e+00
6.409395973154362602e-01 9.302325581395348708e-01 8.225108225108225257e-01 6.190476190476190688e-01 1.000000000000000000e+00
6.392617449664429463e-01 7.906976744186046124e-01 7.835497835497835517e-01 5.039682539682539542e-01 0.000000000000000000e+00
7.248322147651007352e-01 8.837209302325581550e-01 8.528138528138528018e-01 7.579365079365079083e-01 1.000000000000000000e+00
6.392617449664429463e-01 7.674418604651163101e-01 8.571428571428570953e-01 6.071428571428570953e-01 0.000000000000000000e+00
7.651006711409396033e-01 9.441860465116279633e-01 8.268398268398268192e-01 7.301587301587301182e-01 1.000000000000000000e+00
6.661073825503356360e-01 8.232558139534883468e-01 8.354978354978355171e-01 5.079365079365079083e-01 0.000000000000000000e+00
7.080536912751678180e-01 9.069767441860464574e-01 8.528138528138528018e-01 6.785714285714286031e-01 1.000000000000000000e+00
6.644295302013423221e-01 9.627906976744186052e-01 8.268398268398268192e-01 6.190476190476190688e-01 0.000000000000000000e+00
7.164429530201342766e-01 8.511627906976744207e-01 8.484848484848485084e-01 6.468253968253968589e-01 1.000000000000000000e+00
6.476510067114094049e-01 7.906976744186046124e-01 8.138528138528138278e-01 4.603174603174602919e-01 0.000000000000000000e+00
6.258389261744965459e-01 9.534883720930232842e-01 8.614718614718614997e-01 5.992063492063491870e-01 1.000000000000000000e+00
5.989932885906040783e-01 7.906976744186046124e-01 8.181818181818182323e-01 5.317460317460317443e-01 0.000000000000000000e+00
6.895973154362415869e-01 8.651162790697675131e-01 8.181818181818182323e-01 5.277777777777777901e-01 1.000000000000000000e+00
6.073825503355705369e-01 7.999999999999999334e-01 8.095238095238095344e-01 5.000000000000000000e-01 0.000000000000000000e+00
6.325503355704698016e-01 9.209302325581395499e-01 8.571428571428570953e-01 5.555555555555555802e-01 1.000000000000000000e+00
6.744966442953020946e-01 7.906976744186046124e-01 7.619047619047618625e-01 5.476190476190476719e-01 0.000000000000000000e+00
6.946308724832214176e-01 8.604651162790697416e-01 8.744588744588744911e-01 6.150793650793651146e-01 1.000000000000000000e+00
5.906040268456376197e-01 7.395348837209302362e-01 8.051948051948052409e-01 4.841269841269841279e-01 0.000000000000000000e+00
6.812080536912751283e-01 8.837209302325581550e-01 8.614718614718614997e-01 6.349206349206348854e-01 1.000000000000000000e+00
6.510067114093959217e-01 8.186046511627907973e-01 8.268398268398268192e-01 5.198412698412698818e-01 0.000000000000000000e+00
6.963087248322147316e-01 8.511627906976744207e-01 8.441558441558441039e-01 6.825396825396825573e-01 1.000000000000000000e+00
6.543624161073825496e-01 7.953488372093023839e-01 8.268398268398268192e-01 4.841269841269841279e-01 0.000000000000000000e+00
7.399328859060402275e-01 8.372093023255814392e-01 9.090909090909090606e-01 6.349206349206348854e-01 1.000000000000000000e+00
6.459731543624160910e-01 8.325581395348836677e-01 8.225108225108225257e-01 5.277777777777777901e-01 0.000000000000000000e+00
7.231543624161074213e-01 8.930232558139534760e-01 8.528138528138528018e-01 5.555555555555555802e-01 1.000000000000000000e+00
6.174496644295300873e-01 8.604651162790697416e-01 8.354978354978355171e-01 5.555555555555555802e-01 0.000000000000000000e+00
6.291946308724831738e-01 8.604651162790697416e-01 8.614718614718614997e-01 7.103174603174603474e-01 1.000000000000000000e+00
6.392617449664429463e-01 8.186046511627907973e-01 8.095238095238095344e-01 5.436507936507936067e-01 0.000000000000000000e+00
6.895973154362415869e-01 8.139534883720930258e-01 8.225108225108225257e-01 6.190476190476190688e-01 1.000000000000000000e+00
5.973154362416107643e-01 8.139534883720930258e-01 8.268398268398268192e-01 5.039682539682539542e-01 0.000000000000000000e+00
6.744966442953020946e-01 9.348837209302326423e-01 8.658008658008657932e-01 6.309523809523809312e-01 1.000000000000000000e+00
6.208053691275167152e-01 7.674418604651163101e-01 8.008658008658008365e-01 5.396825396825396526e-01 0.000000000000000000e+00
6.661073825503356360e-01 8.325581395348836677e-01 8.354978354978355171e-01 6.746031746031746490e-01 1.000000000000000000e+00
6.744966442953020946e-01 7.953488372093023839e-01 8.354978354978355171e-01 5.396825396825396526e-01 0.000000000000000000e+00
6.812080536912751283e-01 7.999999999999999334e-01 8.095238095238095344e-01 5.515873015873016261e-01 1.000000000000000000e+00
5.385906040268456652e-01 7.209302325581394832e-01 8.138528138528138278e-01 4.841269841269841279e-01 0.000000000000000000e+00
6.828859060402684422e-01 7.906976744186046124e-01 8.225108225108225257e-01 5.912698412698412787e-01 1.000000000000000000e+00
6.258389261744965459e-01 7.813953488372092915e-01 8.311688311688312236e-01 4.761904761904761640e-01 0.000000000000000000e+00
6.543624161073825496e-01 8.697674418604650626e-01 8.008658008658008365e-01 5.793650793650794162e-01 1.000000000000000000e+00
6.577181208053691774e-01 8.651162790697675131e-01 8.225108225108225257e-01 6.746031746031746490e-01 1.000000000000000000e+00
6.140939597315436815e-01 8.558139534883720811e-01 7.965367965367965430e-01 5.515873015873016261e-01 0.000000000000000000e+00
6.040268456375839090e-01 8.279069767441861183e-01 8.441558441558441039e-01 5.476190476190476719e-01 0.000000000000000000e+00
6.342281879194630045e-01 8.418604651162790997e-01 8.354978354978355171e-01 5.952380952380952328e-01 1.000000000000000000e+00
6.040268456375839090e-01 7.953488372093023839e-01 8.095238095238095344e-01 5.873015873015873245e-01 0.000000000000000000e+00
6.963087248322147316e-01 8.604651162790697416e-01 8.701298701298700866e-01 6.349206349206348854e-01 1.000000000000000000e+00
7.734899328859060619e-01 6.139534883720929592e-01 9.134199134199134651e-01 7.142857142857143016e-01 0.000000000000000000e+00
8.389261744966443057e-01 7.581395348837209891e-01 9.956709956709957066e-01 9.047619047619047672e-01 1.000000000000000000e+00
8.171140939597315578e-01 6.558139534883721256e-01 9.090909090909090606e-01 7.063492063492063933e-01 0.000000000000000000e+00
8.389261744966443057e-01 7.069767441860465018e-01 9.437229437229437412e-01 9.047619047619047672e-01 1.000000000000000000e+00
7.986577181208053267e-01 6.744186046511627675e-01 9.307359307359307499e-01 8.571428571428570953e-01 1.000000000000000000e+00
7.802013422818792066e-01 6.279069767441860517e-01 9.090909090909090606e-01 7.222222222222222099e-01 0.000000000000000000e+00
7.617449664429529754e-01 6.790697674418604279e-01 9.134199134199134651e-01 7.619047619047618625e-01 0.000000000000000000e+00
7.835570469798658344e-01 7.116279069767442733e-01 9.480519480519480346e-01 8.253968253968253510e-01 1.000000000000000000e+00
7.265100671140939381e-01 6.232558139534883912e-01 9.047619047619047672e-01 6.984126984126983739e-01 0.000000000000000000e+00
7.852348993288590373e-01 7.162790697674418228e-01 9.307359307359307499e-01 8.174603174603174427e-01 1.000000000000000000e+00
6.862416107382549590e-01 6.372093023255813726e-01 9.264069264069264564e-01 7.380952380952381375e-01 0.000000000000000000e+00
8.221476510067113885e-01 7.488372093023256681e-01 9.350649350649350433e-01 8.809523809523809312e-01 1.000000000000000000e+00
7.634228187919462894e-01 6.372093023255813726e-01 9.264069264069264564e-01 7.380952380952381375e-01 0.000000000000000000e+00
8.120805369127516160e-01 6.790697674418604279e-01 9.220779220779220520e-01 9.285714285714286031e-01 1.000000000000000000e+00
7.684563758389261201e-01 6.790697674418604279e-01 9.090909090909090606e-01 6.666666666666666297e-01 0.000000000000000000e+00
8.271812080536912193e-01 7.302325581395348042e-01 9.393939393939394478e-01 9.285714285714286031e-01 1.000000000000000000e+00
7.046979865771811902e-01 6.279069767441860517e-01 9.090909090909090606e-01 6.587301587301587213e-01 0.000000000000000000e+00
8.255033557046980164e-01 7.069767441860465018e-01 9.567099567099567325e-01 1.000000000000000000e+00 1.000000000000000000e+00
7.751677852348993758e-01 6.744186046511627675e-01 9.047619047619047672e-01 7.619047619047618625e-01 0.000000000000000000e+00
8.171140939597315578e-01 7.023255813953488413e-01 9.610389610389610260e-01 8.492063492063491870e-01 1.000000000000000000e+00
8.422818791946309336e-01 6.651162790697674465e-01 9.437229437229437412e-01 9.047619047619047672e-01 1.000000000000000000e+00
7.567114093959731447e-01 6.744186046511627675e-01 9.307359307359307499e-01 7.936507936507936067e-01 0.000000000000000000e+00
7.802013422818792066e-01 6.744186046511627675e-01 9.220779220779220520e-01 6.984126984126983739e-01 0.000000000000000000e+00
7.768456375838925787e-01 7.348837209302325757e-01 9.307359307359307499e-01 8.015873015873016261e-01 1.000000000000000000e+00
7.197986577181207934e-01 6.093023255813952987e-01 9.307359307359307499e-01 7.936507936507936067e-01 0.000000000000000000e+00
7.734899328859060619e-01 7.023255813953488413e-01 9.307359307359307499e-01 8.095238095238095344e-01 1.000000000000000000e+00
8.020134228187918435e-01 6.976744186046511809e-01 9.307359307359307499e-01 8.968253968253968589e-01 1.000000000000000000e+00
8.087248322147650992e-01 6.651162790697674465e-01 9.090909090909090606e-01 7.301587301587301182e-01 0.000000000000000000e+00
8.389261744966443057e-01 7.116279069767442733e-01 9.523809523809523281e-01 8.809523809523809312e-01 1.000000000000000000e+00
7.936241610738253849e-01 7.116279069767442733e-01 9.610389610389610260e-01 8.333333333333333703e-01 1.000000000000000000e+00
7.181208053691274795e-01 6.604651162790697860e-01 9.047619047619047672e-01 7.460317460317460458e-01 0.000000000000000000e+00
7.567114093959731447e-01 6.744186046511627675e-01 8.961038961038960693e-01 8.015873015873016261e-01 0.000000000000000000e+00
1.000000000000000000e+00 7.906976744186046124e-01 9.956709956709957066e-01 9.603174603174603474e-01 1.000000000000000000e+00
8.238255033557047025e-01 6.883720930232558599e-01 9.523809523809523281e-01 8.174603174603174427e-01 0.000000000000000000e+00
8.120805369127516160e-01 7.581395348837209891e-01 9.523809523809523281e-01 8.571428571428570953e-01 1.000000000000000000e+00
7.147651006711409627e-01 6.372093023255813726e-01 9.220779220779220520e-01 7.857142857142856984e-01 0.000000000000000000e+00
7.449664429530200582e-01 8.046511627906977049e-01 9.480519480519480346e-01 8.333333333333333703e-01 1.000000000000000000e+00
7.382550335570469136e-01 6.325581395348837122e-01 9.004329004329004738e-01 6.904761904761904656e-01 0.000000000000000000e+00
8.171140939597315578e-01 7.302325581395348042e-01 9.004329004329004738e-01 8.492063492063491870e-01 1.000000000000000000e+00
7.164429530201342766e-01 6.372093023255813726e-01 9.004329004329004738e-01 6.269841269841269771e-01 0.000000000000000000e+00
8.322147651006711611e-01 7.441860465116278966e-01 9.740259740259740173e-01 9.047619047619047672e-01 1.000000000000000000e+00
7.600671140939596615e-01 6.372093023255813726e-01 9.090909090909090606e-01 6.825396825396825573e-01 0.000000000000000000e+00
8.322147651006711611e-01 6.976744186046511809e-01 9.350649350649350433e-01 7.539682539682539542e-01 1.000000000000000000e+00
8.473154362416107643e-01 7.395348837209302362e-01 9.610389610389610260e-01 8.809523809523809312e-01 1.000000000000000000e+00
7.315436241610738799e-01 6.465116279069768046e-01 9.393939393939394478e-01 7.777777777777777901e-01 0.000000000000000000e+00
7.634228187919462894e-01 6.465116279069768046e-01 9.090909090909090606e-01 6.666666666666666297e-01 0.000000000000000000e+00
8.473154362416107643e-01 7.395348837209302362e-01 9.740259740259740173e-01 8.571428571428570953e-01 1.000000000000000000e+00
7.533557046979865168e-01 6.186046511627907307e-01 9.220779220779220520e-01 8.095238095238095344e-01 0.000000000000000000e+00
7.583892617449664586e-01 7.348837209302325757e-01 9.307359307359307499e-01 8.412698412698412787e-01 1.000000000000000000e+00
7.818791946308725205e-01 6.604651162790697860e-01 9.090909090909090606e-01 7.698412698412698818e-01 0.000000000000000000e+00
8.137583892617449299e-01 6.558139534883721256e-01 9.523809523809523281e-01 8.412698412698412787e-01 1.000000000000000000e+00
7.567114093959731447e-01 6.697674418604651070e-01 9.090909090909090606e-01 6.984126984126983739e-01 0.000000000000000000e+00
8.406040268456376197e-01 6.976744186046511809e-01 9.740259740259740173e-01 7.936507936507936067e-01 1.000000000000000000e+00
7.802013422818792066e-01 6.697674418604651070e-01 9.393939393939394478e-01 7.777777777777777901e-01 0.000000000000000000e+00
7.550335570469798308e-01 7.162790697674418228e-01 9.523809523809523281e-01 8.015873015873016261e-01 1.000000000000000000e+00
7.348993288590602857e-01 6.465116279069768046e-01 9.004329004329004738e-01 6.825396825396825573e-01 0.000000000000000000e+00
7.634228187919462894e-01 6.976744186046511809e-01 9.523809523809523281e-01 7.936507936507936067e-01 1.000000000000000000e+00
7.248322147651007352e-01 6.744186046511627675e-01 9.004329004329004738e-01 7.063492063492063933e-01 0.000000000000000000e+00
8.456375838926174504e-01 7.116279069767442733e-01 9.696969696969697239e-01 8.809523809523809312e-01 1.000000000000000000e+00
7.600671140939596615e-01 6.418604651162791441e-01 9.004329004329004738e-01 6.666666666666666297e-01 0.000000000000000000e+00
7.751677852348993758e-01 6.930232558139535204e-01 9.567099567099567325e-01 8.412698412698412787e-01 1.000000000000000000e+00
7.667785234899329172e-01 6.465116279069768046e-01 9.264069264069264564e-01 6.984126984126983739e-01 0.000000000000000000e+00
9.110738255033555832e-01 7.302325581395348042e-01 1.000000000000000000e+00 8.968253968253968589e-01 1.000000000000000000e+00
7.684563758389261201e-01 6.604651162790697860e-01 9.480519480519480346e-01 7.460317460317460458e-01 0.000000000000000000e+00
8.355704697986576779e-01 7.813953488372092915e-01 9.956709956709957066e-01 9.047619047619047672e-01 1.000000000000000000e+00
8.305369127516778471e-01 7.534883720930232176e-01 9.913419913419913021e-01 9.206349206349205838e-01 1.000000000000000000e+00
7.298657718120805660e-01 6.604651162790697860e-01 9.523809523809523281e-01 7.460317460317460458e-01 0.000000000000000000e+00
8.506711409395973922e-01 6.976744186046511809e-01 9.653679653679653194e-01 8.809523809523809312e-01 1.000000000000000000e+00
8.003355704697986406e-01 6.976744186046511809e-01 9.350649350649350433e-01 7.539682539682539542e-01 0.000000000000000000e+00
7.785234899328858926e-01 7.255813953488371437e-01 9.567099567099567325e-01 7.936507936507936067e-01 1.000000000000000000e+00
8.087248322147650992e-01 7.255813953488371437e-01 9.567099567099567325e-01 8.095238095238095344e-01 1.000000000000000000e+00
7.802013422818792066e-01 6.883720930232558599e-01 9.393939393939394478e-01 8.253968253968253510e-01 0.000000000000000000e+00
7.785234899328858926e-01 6.976744186046511809e-01 9.350649350649350433e-01 7.460317460317460458e-01 0.000000000000000000e+00
8.154362416107382439e-01 7.441860465116278966e-01 9.956709956709957066e-01 9.206349206349205838e-01 1.000000000000000000e+00
7.969798657718120127e-01 6.604651162790697860e-01 9.047619047619047672e-01 7.301587301587301182e-01 0.000000000000000000e+00
8.573825503355704258e-01 7.581395348837209891e-01 9.523809523809523281e-01 9.523809523809523281e-01 1.000000000000000000e+00
7.583892617449664586e-01 6.418604651162791441e-01 9.307359307359307499e-01 7.539682539682539542e-01 0.000000000000000000e+00
7.583892617449664586e-01 7.627906976744185386e-01 9.653679653679653194e-01 9.444444444444444198e-01 1.000000000000000000e+00
8.238255033557047025e-01 6.744186046511627675e-01 9.177489177489177585e-01 7.341269841269840724e-01 0.000000000000000000e+00
8.808724832214764877e-01 7.255813953488371437e-01 9.567099567099567325e-01 8.650793650793651146e-01 1.000000000000000000e+00
7.953020134228186988e-01 6.790697674418604279e-01 9.177489177489177585e-01 7.500000000000000000e-01 0.000000000000000000e+00
8.389261744966443057e-01 7.395348837209302362e-01 9.696969696969697239e-01 8.492063492063491870e-01 1.000000000000000000e+00
7.533557046979865168e-01 6.418604651162791441e-01 9.177489177489177585e-01 7.539682539682539542e-01 0.000000000000000000e+00
8.523489932885904841e-01 8.046511627906977049e-01 9.870129870129870087e-01 8.888888888888888395e-01 1.000000000000000000e+00
7.281879194630872520e-01 6.697674418604651070e-01 9.437229437229437412e-01 7.301587301587301182e-01 0.000000000000000000e+00
8.607382550335569427e-01 6.604651162790697860e-01 9.437229437229437412e-01 8.412698412698412787e-01 1.000000000000000000e+00
7.969798657718120127e-01 6.511627906976744651e-01 9.177489177489177585e-01 7.738095238095238360e-01 0.000000000000000000e+00
8.741610738255033430e-01 7.906976744186046124e-01 9.956709956709957066e-01 8.809523809523809312e-01 1.000000000000000000e+00
7.969798657718120127e-01 6.976744186046511809e-01 9.437229437229437412e-01 7.857142857142856984e-01 0.000000000000000000e+00
8.758389261744966570e-01 7.953488372093023839e-01 9.870129870129870087e-01 8.571428571428570953e-01 1.000000000000000000e+00
7.634228187919462894e-01 6.744186046511627675e-01 9.177489177489177585e-01 7.539682539682539542e-01 0.000000000000000000e+00
8.305369127516778471e-01 7.488372093023256681e-01 9.696969696969697239e-01 8.968253968253968589e-01 1.000000000000000000e+00
7.466442953020133722e-01 6.837209302325580884e-01 9.264069264069264564e-01 7.698412698412698818e-01 0.000000000000000000e+00
8.523489932885904841e-01 7.302325581395348042e-01 9.783549783549783108e-01 8.253968253968253510e-01 1.000000000000000000e+00
8.288590604026845332e-01 7.348837209302325757e-01 9.350649350649350433e-01 7.817460317460317443e-01 1.000000000000000000e+00
7.869127516778523512e-01 6.790697674418604279e-01 9.610389610389610260e-01 7.738095238095238360e-01 0.000000000000000000e+00
8.120805369127516160e-01 6.697674418604651070e-01 8.787878787878787845e-01 7.341269841269840724e-01 0.000000000000000000e+00
8.573825503355704258e-01 7.674418604651163101e-01 9.740259740259740173e-01 8.333333333333333703e-01 1.000000000000000000e+00
8.137583892617449299e-01 6.976744186046511809e-01 9.480519480519480346e-01 7.698412698412698818e-01 0.000000000000000000e+00
9.379194630872482730e-01 7.906976744186046124e-01 9.870129870129870087e-01 8.888888888888888395e-01 1.000000000000000000e+00
7.919463087248322930e-01 7.209302325581394832e-01 9.307359307359307499e-01 7.896825396825396526e-01 0.000000000000000000e+00
8.238255033557047025e-01 6.976744186046511809e-01 9.870129870129870087e-01 8.730158730158730229e-01 1.000000000000000000e+00
7.852348993288590373e-01 7.488372093023256681e-01 9.307359307359307499e-01 8.730158730158730229e-01 1.000000000000000000e+00
6.996644295302013594e-01 6.837209302325580884e-01 9.090909090909090606e-01 7.460317460317460458e-01 0.000000000000000000e+00
8.959731543624160910e-01 7.348837209302325757e-01 9.480519480519480346e-01 8.730158730158730229e-01 1.000000000000000000e+00
7.265100671140939381e-01 6.511627906976744651e-01 9.004329004329004738e-01 7.261904761904761640e-01 0.000000000000000000e+00
8.070469798657717853e-01 7.023255813953488413e-01 9.047619047619047672e-01 8.730158730158730229e-01 1.000000000000000000e+00
8.473154362416107643e-01 7.069767441860465018e-01 9.350649350649350433e-01 7.936507936507936067e-01 0.000000000000000000e+00
8.355704697986576779e-01 7.395348837209302362e-01 9.913419913419913021e-01 9.444444444444444198e-01 1.000000000000000000e+00
7.298657718120805660e-01 7.069767441860465018e-01 9.220779220779220520e-01 7.380952380952381375e-01 0.000000000000000000e+00
8.640939597315435705e-01 7.581395348837209891e-01 9.956709956709957066e-01 8.730158730158730229e-01 1.000000000000000000e+00
7.751677852348993758e-01 6.558139534883721256e-01 9.393939393939394478e-01 6.944444444444444198e-01 0.000000000000000000e+00
9.244966442953019836e-01 7.441860465116278966e-01 9.956709956709957066e-01 9.285714285714286031e-01 1.000000000000000000e+00
8.187919463087247607e-01 7.534883720930232176e-01 9.610389610389610260e-01 9.523809523809523281e-01 1.000000000000000000e+00
7.919463087248322930e-01 6.372093023255813726e-01 9.264069264069264564e-01 7.817460317460317443e-01 0.000000000000000000e+00
7.852348993288590373e-01 6.651162790697674465e-01 9.307359307359307499e-01 7.698412698412698818e-01 0.000000000000000000e+00
8.456375838926174504e-01 7.302325581395348042e-01 9.610389610389610260e-01 9.126984126984126755e-01 1.000000000000000000e+00
7.583892617449664586e-01 6.883720930232558599e-01 9.177489177489177585e-01 8.253968253968253510e-01 0.000000000000000000e+00
8.372483221476509918e-01 7.488372093023256681e-01 9.220779220779220520e-01 8.571428571428570953e-01 1.000000000000000000e+00
7.802013422818792066e-01 8.325581395348836677e-01 8.311688311688312236e-01 5.555555555555555802e-01 0.000000000000000000e+00
8.389261744966443057e-01 9.069767441860464574e-01 8.484848484848485084e-01 6.190476190476190688e-01 1.000000000000000000e+00
8.607382550335569427e-01 8.930232558139534760e-01 8.354978354978355171e-01 5.793650793650794162e-01 1.000000000000000000e+00
7.617449664429529754e-01 8.697674418604650626e-01 8.138528138528138278e-01 5.595238095238095344e-01 0.000000000000000000e+00
8.842281879194631156e-01 9.209302325581395499e-01 8.528138528138528018e-01 5.912698412698412787e-01 1.000000000000000000e+00
7.583892617449664586e-01 8.279069767441861183e-01 8.571428571428570953e-01 6.269841269841269771e-01 0.000000000000000000e+00
7.734899328859060619e-01 8.465116279069767602e-01 7.705627705627705604e-01 5.158730158730159276e-01 0.000000000000000000e+00
8.607382550335569427e-01 8.465116279069767602e-01 8.528138528138528018e-01 5.952380952380952328e-01 1.000000000000000000e+00
7.718120805369127480e-01 8.790697674418603835e-01 8.441558441558441039e-01 6.587301587301587213e-01 0.000000000000000000e+00
8.607382550335569427e-01 9.255813953488370993e-01 8.571428571428570953e-01 5.873015873015873245e-01 1.000000000000000000e+00
7.818791946308725205e-01 8.279069767441861183e-01 8.354978354978355171e-01 6.031746031746031411e-01 0.000000000000000000e+00
8.674496644295301984e-01 9.441860465116279633e-01 8.398268398268398105e-01 5.992063492063491870e-01 1.000000000000000000e+00
7.885906040268456652e-01 8.046511627906977049e-01 8.008658008658008365e-01 5.873015873015873245e-01 0.000000000000000000e+00
8.724832214765100291e-01 8.418604651162790997e-01 8.701298701298700866e-01 6.428571428571429047e-01 1.000000000000000000e+00
7.701342281879194340e-01 7.953488372093023839e-01 8.225108225108225257e-01 5.674603174603174427e-01 0.000000000000000000e+00
8.473154362416107643e-01 9.116279069767442289e-01 8.701298701298700866e-01 6.428571428571429047e-01 1.000000000000000000e+00
8.439597315436241365e-01 9.302325581395348708e-01 8.528138528138528018e-01 5.238095238095238360e-01 1.000000000000000000e+00
9.731543624161073103e-01 8.279069767441861183e-01 7.835497835497835517e-01 5.873015873015873245e-01 0.000000000000000000e+00
7.785234899328858926e-01 8.651162790697675131e-01 8.225108225108225257e-01 5.476190476190476719e-01 0.000000000000000000e+00
8.255033557046980164e-01 8.465116279069767602e-01 8.441558441558441039e-01 6.984126984126983739e-01 1.000000000000000000e+00
7.114093959731543348e-01 8.046511627906977049e-01 7.835497835497835517e-01 5.714285714285713969e-01 0.000000000000000000e+00
8.137583892617449299e-01 8.139534883720930258e-01 8.268398268398268192e-01 5.396825396825396526e-01 1.000000000000000000e+00
7.248322147651007352e-01 7.720930232558139705e-01 8.095238095238095344e-01 4.603174603174602919e-01 0.000000000000000000e+00
8.489932885906040783e-01 9.023255813953487969e-01 8.354978354978355171e-01 6.031746031746031411e-01 1.000000000000000000e+00
7.835570469798658344e-01 8.325581395348836677e-01 8.441558441558441039e-01 5.238095238095238360e-01 0.000000000000000000e+00
8.724832214765100291e-01 8.837209302325581550e-01 8.528138528138528018e-01 6.587301587301587213e-01 1.000000000000000000e+00
8.473154362416107643e-01 8.558139534883720811e-01 8.658008658008657932e-01 5.396825396825396526e-01 0.000000000000000000e+00
8.305369127516778471e-01 8.837209302325581550e-01 8.658008658008657932e-01 6.031746031746031411e-01 1.000000000000000000e+00
7.785234899328858926e-01 8.279069767441861183e-01 8.268398268398268192e-01 5.873015873015873245e-01 0.000000000000000000e+00
8.859060402684563185e-01 9.302325581395348708e-01 8.874458874458874824e-01 7.222222222222222099e-01 1.000000000000000000e+00
6.862416107382549590e-01 7.720930232558139705e-01 8.095238095238095344e-01 5.079365079365079083e-01 0.000000000000000000e+00
9.093959731543624914e-01 9.674418604651162656e-01 8.701298701298700866e-01 6.825396825396825573e-01 1.000000000000000000e+00
7.130872483221476488e-01 7.767441860465116310e-01 8.095238095238095344e-01 5.317460317460317443e-01 0.000000000000000000e+00
8.557046979865771119e-01 8.744186046511628341e-01 8.787878787878787845e-01 6.507936507936508130e-01 1.000000000000000000e+00
8.338926174496644750e-01 8.651162790697675131e-01 8.441558441558441039e-01 5.714285714285713969e-01 1.000000000000000000e+00
7.969798657718120127e-01 7.813953488372092915e-01 8.614718614718614997e-01 6.190476190476190688e-01 0.000000000000000000e+00
7.986577181208053267e-01 8.511627906976744207e-01 8.441558441558441039e-01 6.111111111111111605e-01 0.000000000000000000e+00
8.724832214765100291e-01 9.627906976744186052e-01 9.090909090909090606e-01 7.619047619047618625e-01 1.000000000000000000e+00
7.869127516778523512e-01 7.720930232558139705e-01 8.311688311688312236e-01 4.285714285714285476e-01 0.000000000000000000e+00
8.976510067114094049e-01 9.255813953488370993e-01 8.874458874458874824e-01 7.142857142857143016e-01 1.000000000000000000e+00
8.221476510067113885e-01 9.069767441860464574e-01 9.090909090909090606e-01 6.269841269841269771e-01 1.000000000000000000e+00
7.751677852348993758e-01 8.139534883720930258e-01 8.095238095238095344e-01 5.793650793650794162e-01 0.000000000000000000e+00
8.540268456375837980e-01 8.883720930232559265e-01 8.484848484848485084e-01 5.634920634920634885e-01 1.000000000000000000e+00
7.634228187919462894e-01 7.906976744186046124e-01 8.484848484848485084e-01 5.555555555555555802e-01 0.000000000000000000e+00
8.540268456375837980e-01 8.325581395348836677e-01 8.484848484848485084e-01 5.833333333333333703e-01 0.000000000000000000e+00
8.523489932885904841e-01 8.604651162790697416e-01 8.701298701298700866e-01 7.063492063492063933e-01 1.000000000000000000e+00
8.406040268456376197e-01 8.325581395348836677e-01 8.225108225108225257e-01 5.396825396825396526e-01 0.000000000000000000e+00
8.221476510067113885e-01 9.116279069767442289e-01 9.177489177489177585e-01 6.825396825396825573e-01 1.000000000000000000e+00
8.640939597315435705e-01 8.697674418604650626e-01 8.095238095238095344e-01 5.158730158730159276e-01 1.000000000000000000e+00
8.355704697986576779e-01 8.046511627906977049e-01 8.571428571428570953e-01 5.833333333333333703e-01 0.000000000000000000e+00
8.070469798657717853e-01 7.627906976744185386e-01 8.614718614718614997e-01 5.277777777777777901e-01 0.000000000000000000e+00
8.624161073825502566e-01 8.837209302325581550e-01 8.701298701298700866e-01 6.269841269841269771e-01 1.000000000000000000e+00
7.667785234899329172e-01 8.046511627906977049e-01 8.354978354978355171e-01 5.714285714285713969e-01 0.000000000000000000e+00
8.506711409395973922e-01 9.162790697674417784e-01 8.787878787878787845e-01 6.428571428571429047e-01 1.000000000000000000e+00
7.130872483221476488e-01 8.046511627906977049e-01 8.095238095238095344e-01 5.317460317460317443e-01 0.000000000000000000e+00
8.758389261744966570e-01 8.744186046511628341e-01 8.528138528138528018e-01 5.476190476190476719e-01 1.000000000000000000e+00
7.583892617449664586e-01 7.720930232558139705e-01 8.268398268398268192e-01 5.158730158730159276e-01 0.000000000000000000e+00
8.271812080536912193e-01 9.255813953488370993e-01 8.787878787878787845e-01 6.428571428571429047e-01 1.000000000000000000e+00
8.422818791946309336e-01 8.744186046511628341e-01 8.744588744588744911e-01 6.031746031746031411e-01 1.000000000000000000e+00
7.651006711409396033e-01 9.023255813953487969e-01 8.398268398268398105e-01 5.595238095238095344e-01 0.000000000000000000e+00
8.708053691275167152e-01 9.069767441860464574e-01 8.917748917748917759e-01 6.269841269841269771e-01 1.000000000000000000e+00
7.852348993288590373e-01 7.674418604651163101e-01 8.181818181818182323e-01 5.793650793650794162e-01 0.000000000000000000e+00
7.667785234899329172e-01 7.906976744186046124e-01 8.441558441558441039e-01 5.793650793650794162e-01 0.000000000000000000e+00
9.362416107382549590e-01 9.209302325581395499e-01 8.961038961038960693e-01 6.349206349206348854e-01 1.000000000000000000e+00
7.298657718120805660e-01 8.418604651162790997e-01 8.744588744588744911e-01 5.396825396825396526e-01 0.000000000000000000e+00
8.322147651006711611e-01 8.465116279069767602e-01 8.354978354978355171e-01 5.992063492063491870e-01 1.000000000000000000e+00
8.523489932885904841e-01 8.837209302325581550e-01 9.090909090909090606e-01 6.507936507936508130e-01 1.000000000000000000e+00
8.422818791946309336e-01 8.697674418604650626e-01 8.571428571428570953e-01 5.992063492063491870e-01 0.000000000000000000e+00
