5.339735984802246094e+00 7.039765357971191406e+00 1.630287528038024902e+00
5.744431614875793457e-01 6.629670619964599609e+00 7.844598293304443359e+00
4.101627349853515625e+00 2.945137739181518555e+00 4.268733501434326172e+00
4.415904045104980469e+00 6.544742584228515625e+00 2.160362243652343750e+00
2.817107439041137695e+00 2.723963499069213867e+00 5.780442714691162109e+00
4.753436565399169922e+00 7.570544719696044922e+00 2.026858568191528320e+00
8.056596517562866211e-01 5.635962009429931641e+00 7.903926372528076172e+00
2.037336826324462891e+00 6.329628944396972656e+00 7.658570766448974609e+00
3.477698802947998047e+00 4.277101516723632812e+00 3.555752038955688477e+00
4.025506496429443359e+00 2.311718225479125977e+00 2.495542287826538086e+00
3.778802871704101562e+00 2.299362182617187500e+00 4.245495319366455078e+00
6.549678444862365723e-01 5.749507904052734375e+00 7.466139793395996094e+00
4.213654518127441406e+00 3.100207567214965820e+00 2.977357864379882812e+00
3.766991138458251953e+00 2.878489732742309570e+00 4.693386554718017578e+00
4.823869228363037109e+00 7.099355220794677734e+00 1.772766709327697754e+00
4.421789169311523438e+00 4.387629032135009766e+00 2.592206239700317383e+00
9.051151871681213379e-01 5.514594554901123047e+00 6.160501956939697266e+00
1.031439304351806641e+00 5.889318466186523438e+00 7.728006839752197266e+00
1.590741753578186035e+00 5.220516204833984375e+00 5.747125625610351562e+00
3.842532873153686523e+00 3.677611351013183594e+00 3.185496091842651367e+00
4.102677345275878906e+00 5.600304126739501953e+00 2.484973907470703125e+00
1.492244839668273926e+00 6.938205242156982422e+00 7.666498184204101562e+00
3.149020910263061523e+00 3.420540094375610352e+00 5.302442550659179688e+00
2.867148876190185547e+00 3.113347053527832031e+00 5.178898811340332031e+00
5.563022136688232422e+00 7.314716815948486328e+00 1.538209199905395508e+00
4.894464492797851562e+00 5.456657409667968750e+00 2.261907100677490234e+00
2.452097833156585693e-01 5.838251113891601562e+00 7.398540973663330078e+00
4.658473014831542969e+00 6.888884544372558594e+00 2.255674839019775391e+00
9.227585196495056152e-01 7.059541225433349609e+00 7.744798660278320312e+00
7.045900225639343262e-01 6.071223735809326172e+00 7.829230785369873047e+00
9.350759983062744141e-01 6.104346275329589844e+00 7.969170570373535156e+00
2.646127223968505859e+00 3.522501707077026367e+00 5.726485252380371094e+00
4.434539318084716797e+00 6.902136802673339844e+00 2.623023986816406250e+00
5.232192516326904297e+00 7.025359630584716797e+00 1.637792229652404785e+00
3.898093223571777344e+00 3.569252967834472656e+00 3.034990072250366211e+00
2.424950122833251953e+00 2.525292873382568359e+00 5.494129180908203125e+00
1.096827387809753418e+00 6.399334430694580078e+00 8.102416038513183594e+00
1.163659811019897461e+00 6.023587226867675781e+00 8.084784507751464844e+00
4.391128063201904297e+00 3.762295722961425781e+00 2.854282140731811523e+00
3.423845469951629639e-01 6.128797531127929688e+00 7.563055515289306641e+00
3.829556465148925781e+00 4.556890487670898438e+00 3.769469976425170898e+00
2.476171255111694336e+00 2.534116744995117188e+00 5.537655353546142578e+00
4.233650565147399902e-01 6.324530601501464844e+00 7.736405372619628906e+00
1.339182376861572266e+00 4.599473953247070312e+00 5.728324890136718750e+00
1.059208989143371582e+00 7.169126987457275391e+00 7.641330242156982422e+00
4.291139125823974609e+00 2.116169929504394531e+00 2.552100419998168945e+00
3.481648921966552734e+00 4.545295715332031250e+00 4.397956371307373047e+00
3.290225505828857422e+00 3.130364894866943359e+00 5.922067642211914062e+00
1.358344554901123047e+00 6.607333183288574219e+00 7.379737377166748047e+00
2.341755390167236328e+00 2.779308795928955078e+00 5.072087287902832031e+00
5.763446807861328125e+00 7.459868431091308594e+00 1.425765514373779297e+00
4.441357612609863281e+00 1.842421770095825195e+00 2.891071081161499023e+00
4.375359058380126953e+00 4.280719280242919922e+00 3.102472543716430664e+00
1.080665111541748047e+00 5.910382747650146484e+00 7.796035289764404297e+00
1.161923289299011230e+00 6.405937194824218750e+00 8.024388313293457031e+00
3.673394918441772461e+00 3.447016477584838867e+00 2.857810497283935547e+00
3.982601881027221680e+00 3.243123769760131836e+00 4.389910221099853516e+00
3.454660415649414062e+00 2.838400125503540039e+00 5.623357295989990234e+00
3.521996259689331055e+00 4.430109977722167969e+00 5.819596290588378906e+00
5.246111392974853516e+00 5.821539402008056641e+00 1.939606308937072754e+00
4.386106967926025391e+00 4.356594085693359375e+00 2.646307229995727539e+00
3.780997037887573242e+00 4.595083713531494141e+00 3.769276857376098633e+00
3.678688526153564453e+00 3.856730461120605469e+00 3.195149898529052734e+00
1.313937902450561523e+00 6.140212535858154297e+00 7.290503978729248047e+00
4.339992046356201172e+00 2.029930830001831055e+00 2.887860774993896484e+00
3.673205852508544922e+00 4.648038387298583984e+00 3.099027872085571289e+00
1.376622319221496582e+00 5.971889972686767578e+00 7.767050266265869141e+00
3.334123134613037109e+00 2.911010265350341797e+00 5.591035842895507812e+00
1.687456727027893066e+00 6.325256824493408203e+00 7.586202144622802734e+00
2.262923240661621094e+00 3.250291109085083008e+00 5.318702220916748047e+00
1.138132691383361816e+00 5.356344699859619141e+00 6.244932174682617188e+00
1.565596222877502441e+00 6.088967800140380859e+00 8.086709976196289062e+00
1.042993068695068359e+00 6.568570137023925781e+00 8.075686454772949219e+00
2.504021406173706055e+00 2.771401405334472656e+00 5.781354904174804688e+00
4.819113254547119141e+00 5.530896186828613281e+00 2.326007366180419922e+00
4.193443298339843750e+00 2.047373056411743164e+00 2.718271017074584961e+00
3.897826671600341797e+00 3.311556577682495117e+00 3.018885374069213867e+00
1.149993062019348145e+00 5.528345584869384766e+00 6.305590629577636719e+00
5.308890342712402344e+00 6.880124092102050781e+00 1.677403688430786133e+00
4.473635673522949219e+00 4.658014774322509766e+00 2.581073045730590820e+00
4.065139293670654297e+00 5.272848129272460938e+00 2.641399383544921875e+00
4.299938678741455078e+00 4.665683269500732422e+00 2.855515241622924805e+00
4.350916385650634766e+00 3.807355165481567383e+00 2.823316335678100586e+00
1.974589467048645020e+00 6.634951114654541016e+00 7.343770503997802734e+00
2.823862314224243164e+00 3.787709951400756836e+00 5.457797527313232422e+00
2.310307979583740234e+00 6.180962085723876953e+00 7.332338333129882812e+00
4.368928432464599609e+00 4.117780208587646484e+00 2.903798341751098633e+00
4.014680862426757812e+00 2.478114128112792969e+00 4.295350074768066406e+00
3.928475379943847656e+00 5.212580204010009766e+00 2.991830348968505859e+00
1.129160642623901367e+00 6.928453922271728516e+00 7.815659523010253906e+00
4.863376140594482422e+00 7.745733261108398438e+00 1.727544903755187988e+00
3.446077108383178711e+00 3.599257946014404297e+00 6.001646041870117188e+00
4.464299678802490234e+00 4.924979209899902344e+00 2.661831617355346680e+00
3.967556953430175781e+00 3.715644598007202148e+00 4.645108222961425781e+00
4.276989459991455078e+00 3.420202255249023438e+00 3.058599233627319336e+00
4.221468448638916016e+00 3.248266935348510742e+00 3.012187480926513672e+00
7.416427135467529297e-01 5.626513957977294922e+00 7.226601600646972656e+00
1.817729115486145020e+00 5.103862285614013672e+00 5.516479969024658203e+00
2.688124418258666992e+00 2.930868864059448242e+00 5.438551902770996094e+00
1.316763043403625488e+00 5.628001689910888672e+00 6.247813224792480469e+00
1.252943515777587891e+00 6.080825328826904297e+00 8.138169288635253906e+00
4.172282218933105469e+00 2.063414335250854492e+00 2.630127429962158203e+00
3.983812808990478516e+00 2.961456775665283203e+00 2.927559375762939453e+00
1.466615676879882812e+00 6.401226043701171875e+00 7.793520927429199219e+00
3.560033082962036133e+00 4.312672615051269531e+00 5.728344440460205078e+00
3.927122354507446289e+00 2.440299987792968750e+00 3.687973737716674805e+00
3.357626438140869141e+00 4.029699802398681641e+00 5.694273948669433594e+00
2.931025743484497070e+00 3.824743270874023438e+00 5.233514308929443359e+00
5.598159313201904297e+00 7.813766002655029297e+00 1.581996679306030273e+00
4.404591560363769531e+00 1.861865401268005371e+00 2.915059089660644531e+00
5.260321617126464844e+00 6.839344978332519531e+00 1.780913352966308594e+00
2.638369083404541016e+00 2.704061746597290039e+00 5.791037082672119141e+00
2.449262142181396484e+00 2.616220474243164062e+00 5.212811946868896484e+00
2.126216411590576172e+00 3.473109245300292969e+00 5.329143524169921875e+00
4.306969642639160156e+00 2.195087909698486328e+00 2.584929943084716797e+00
3.660297393798828125e+00 4.106952667236328125e+00 4.978126525878906250e+00
3.414088726043701172e+00 2.868462324142456055e+00 5.630202293395996094e+00
3.707297325134277344e+00 4.515132427215576172e+00 5.175617694854736328e+00
5.148600578308105469e+00 5.731518268585205078e+00 2.073971033096313477e+00
4.238513946533203125e+00 2.032995700836181641e+00 2.848242282867431641e+00
5.672983169555664062e+00 7.261482238769531250e+00 1.651846885681152344e+00
2.520262002944946289e+00 3.232198238372802734e+00 5.364709854125976562e+00
1.479966759681701660e+00 6.852235794067382812e+00 7.738052368164062500e+00
1.567778468132019043e+00 6.557190418243408203e+00 7.820078372955322266e+00
3.829103708267211914e+00 4.662909507751464844e+00 3.681582927703857422e+00
5.410834312438964844e+00 6.937534332275390625e+00 1.701754093170166016e+00
3.676026105880737305e+00 2.693526506423950195e+00 4.757423400878906250e+00
3.388738393783569336e+00 3.892004489898681641e+00 6.001921176910400391e+00
3.496867895126342773e+00 3.826703071594238281e+00 5.921350479125976562e+00
3.603185892105102539e+00 2.460911273956298828e+00 4.521245956420898438e+00
4.079041481018066406e+00 6.834779262542724609e+00 3.130948066711425781e+00
4.221663951873779297e+00 6.947825908660888672e+00 2.874595403671264648e+00
3.830601215362548828e+00 2.960282087326049805e+00 5.042618274688720703e+00
2.440150022506713867e+00 2.640723228454589844e+00 5.501703262329101562e+00
1.281961321830749512e+00 5.864516735076904297e+00 7.218939781188964844e+00
2.589165210723876953e+00 4.026030063629150391e+00 5.318367481231689453e+00
3.185985803604125977e+00 3.927337884902954102e+00 5.526156902313232422e+00
4.155559539794921875e+00 5.593479633331298828e+00 2.568889141082763672e+00
5.198202133178710938e+00 5.886288642883300781e+00 1.978332519531250000e+00
2.966212511062622070e+00 3.222483396530151367e+00 5.642817020416259766e+00
4.676964759826660156e+00 7.340686321258544922e+00 1.679407715797424316e+00
4.630358219146728516e+00 7.069272994995117188e+00 2.670880317687988281e+00
4.206182479858398438e+00 6.971060752868652344e+00 2.865371465682983398e+00
4.816771507263183594e+00 7.428680896759033203e+00 2.392287969589233398e+00
5.572580337524414062e+00 7.386783123016357422e+00 1.651484370231628418e+00
4.258540630340576172e+00 7.149995326995849609e+00 1.978479027748107910e+00
3.643954098224639893e-01 5.857396125793457031e+00 7.045566558837890625e+00
5.038953304290771484e+00 5.975152969360351562e+00 2.113187551498413086e+00
5.230014801025390625e+00 7.432269096374511719e+00 2.045495510101318359e+00
1.237177133560180664e+00 5.944824218750000000e+00 7.222618103027343750e+00
1.408262014389038086e+00 5.607210636138916016e+00 6.315153121948242188e+00
4.575121402740478516e+00 7.502234935760498047e+00 1.758651971817016602e+00
3.840563058853149414e+00 3.274952888488769531e+00 2.989022731781005859e+00
3.735675096511840820e+00 3.424751758575439453e+00 2.916187763214111328e+00
3.602989435195922852e+00 4.174488544464111328e+00 3.308159351348876953e+00
3.874977111816406250e+00 3.718550920486450195e+00 4.981882095336914062e+00
2.867699861526489258e+00 3.789852142333984375e+00 5.451056957244873047e+00
5.166595935821533203e+00 7.887700080871582031e+00 1.713290452957153320e+00
4.103098392486572266e+00 2.391190767288208008e+00 2.593575716018676758e+00
2.322286605834960938e+00 2.775570869445800781e+00 5.127245426177978516e+00
4.297859668731689453e+00 6.969606876373291016e+00 2.553965568542480469e+00
4.795335233211517334e-01 5.862398624420166016e+00 7.353875637054443359e+00
2.899371623992919922e+00 3.199939250946044922e+00 5.543770790100097656e+00
2.718235492706298828e+00 3.316588878631591797e+00 5.172667980194091797e+00
4.290348529815673828e+00 1.873382449150085449e+00 3.148215055465698242e+00
3.915785789489746094e+00 3.698297262191772461e+00 2.741463899612426758e+00
3.638202190399169922e+00 2.852757930755615234e+00 5.355934143066406250e+00
4.333188533782958984e+00 4.034060001373291016e+00 2.851274490356445312e+00
1.785418868064880371e+00 6.022564888000488281e+00 7.941181182861328125e+00
1.685616612434387207e+00 5.430159568786621094e+00 5.808113574981689453e+00
6.904820203781127930e-01 5.759525299072265625e+00 7.556911468505859375e+00
1.312471508979797363e+00 6.374266624450683594e+00 7.744387626647949219e+00
4.974778294563293457e-01 5.782547473907470703e+00 7.090014934539794922e+00
4.989626407623291016e+00 5.628271102905273438e+00 2.178934574127197266e+00
4.657543182373046875e+00 7.355185508728027344e+00 2.045201778411865234e+00
4.361851215362548828e+00 7.580662727355957031e+00 1.982857823371887207e+00
8.200496435165405273e-01 5.762496471405029297e+00 6.737742900848388672e+00
2.522840499877929688e+00 2.430371761322021484e+00 5.471336364746093750e+00
2.475869655609130859e+00 3.376622676849365234e+00 5.610739707946777344e+00
4.005782127380371094e+00 3.668149471282958984e+00 3.057006597518920898e+00
1.652022123336791992e+00 5.037165641784667969e+00 5.655639648437500000e+00
2.732811570167541504e-01 5.992361068725585938e+00 7.455662727355957031e+00
8.260670900344848633e-01 5.617715835571289062e+00 6.345611572265625000e+00
4.401056289672851562e+00 4.081942081451416016e+00 2.662801265716552734e+00
4.227943897247314453e+00 7.140132904052734375e+00 2.001277923583984375e+00
4.778763771057128906e+00 5.471510410308837891e+00 2.377033710479736328e+00
4.603351593017578125e+00 7.475760936737060547e+00 1.727243661880493164e+00
5.698325634002685547e+00 7.455897331237792969e+00 1.435642004013061523e+00
4.092218399047851562e+00 6.635633468627929688e+00 2.245058536529541016e+00
3.909499168395996094e+00 2.832016706466674805e+00 3.435278177261352539e+00
1.161193609237670898e+00 4.954880714416503906e+00 6.088678836822509766e+00
1.233300209045410156e+00 5.422894477844238281e+00 6.279400825500488281e+00
1.593004941940307617e+00 4.949200153350830078e+00 5.671298503875732422e+00
3.922745704650878906e+00 2.575850963592529297e+00 3.489393949508666992e+00
5.390782356262207031e+00 7.391585826873779297e+00 1.457662463188171387e+00
3.373317480087280273e+00 3.397565364837646484e+00 5.619637966156005859e+00
8.776476383209228516e-01 5.979018211364746094e+00 7.596969127655029297e+00
3.961004018783569336e+00 2.812662124633789062e+00 4.572998523712158203e+00
1.217198729515075684e+00 6.346848964691162109e+00 8.250373840332031250e+00
4.049703121185302734e+00 5.542125701904296875e+00 2.844537496566772461e+00
2.488082170486450195e+00 2.616996765136718750e+00 5.597799777984619141e+00
2.600399494171142578e+00 3.268112182617187500e+00 5.007324218750000000e+00
3.810405492782592773e+00 5.302801132202148438e+00 2.834757089614868164e+00
3.840572595596313477e+00 3.138122797012329102e+00 4.741837024688720703e+00
4.538952350616455078e+00 5.544527053833007812e+00 2.437285423278808594e+00
3.914049386978149414e+00 5.525251388549804688e+00 2.832210063934326172e+00
3.615702986717224121e-01 6.119534969329833984e+00 7.488845348358154297e+00
4.281701564788818359e+00 5.187963962554931641e+00 2.637613773345947266e+00
4.208157062530517578e+00 6.388041973114013672e+00 2.224758148193359375e+00
5.774921417236328125e+00 7.607465267181396484e+00 1.414603352546691895e+00
4.290291309356689453e+00 2.161243915557861328e+00 2.680108547210693359e+00
3.922637701034545898e+00 3.310632944107055664e+00 3.195235729217529297e+00
4.062601566314697266e+00 2.220676422119140625e+00 2.577650308609008789e+00
3.270775079727172852e+00 4.189373970031738281e+00 3.946523904800415039e+00
5.299167633056640625e+00 6.512406826019287109e+00 1.867374539375305176e+00
4.356202125549316406e+00 4.633752822875976562e+00 3.247162103652954102e+00
4.405357837677001953e+00 1.844896435737609863e+00 2.970691919326782227e+00
1.377714514732360840e+00 6.788760185241699219e+00 7.750806808471679688e+00
1.702877640724182129e+00 6.066920280456542969e+00 7.604022502899169922e+00
4.497201442718505859e+00 7.461426258087158203e+00 2.097218275070190430e+00
4.041130542755126953e-01 5.802252769470214844e+00 7.126817703247070312e+00
3.589610576629638672e+00 2.420468091964721680e+00 4.568729877471923828e+00
1.637773036956787109e+00 5.539978504180908203e+00 5.978732109069824219e+00
5.514193058013916016e+00 7.287467002868652344e+00 1.399724125862121582e+00
4.426477432250976562e+00 7.243585109710693359e+00 2.378678798675537109e+00
4.272684574127197266e+00 3.995021820068359375e+00 2.934056997299194336e+00
5.227230548858642578e+00 7.926508903503417969e+00 1.807496786117553711e+00
9.941782951354980469e-01 7.255989551544189453e+00 7.525683879852294922e+00
4.353414058685302734e+00 7.327566623687744141e+00 2.082836866378784180e+00
1.230021834373474121e+00 6.591465950012207031e+00 8.117484092712402344e+00
1.422739028930664062e+00 6.166571140289306641e+00 8.203853607177734375e+00
8.078941702842712402e-01 6.706625461578369141e+00 7.973812580108642578e+00
5.200706481933593750e+00 5.885589122772216797e+00 1.981863975524902344e+00
4.504388809204101562e+00 7.630692005157470703e+00 1.871713638305664062e+00
1.304602146148681641e+00 4.950465202331542969e+00 5.918529510498046875e+00
3.503705978393554688e+00 2.895959615707397461e+00 5.534850120544433594e+00
4.228899478912353516e+00 2.077749013900756836e+00 2.533871412277221680e+00
9.473480582237243652e-01 6.106472969055175781e+00 7.997017383575439453e+00
4.091303348541259766e+00 5.140600204467773438e+00 2.678702831268310547e+00
3.553549528121948242e+00 4.174151420593261719e+00 5.660595417022705078e+00
2.460501909255981445e+00 2.619400739669799805e+00 5.585103988647460938e+00
8.776963353157043457e-01 6.359437465667724609e+00 8.180747985839843750e+00
2.318737745285034180e+00 6.161574363708496094e+00 7.333709239959716797e+00
7.021754384040832520e-01 6.817102432250976562e+00 7.857782840728759766e+00
4.932572364807128906e+00 6.981040954589843750e+00 2.084791421890258789e+00
4.855392456054687500e+00 6.761758804321289062e+00 1.882213592529296875e+00
4.126729965209960938e+00 6.295991420745849609e+00 2.275135993957519531e+00
5.664524555206298828e+00 7.851999282836914062e+00 1.509389638900756836e+00
5.405021309852600098e-01 5.939895153045654297e+00 7.761144638061523438e+00
5.156712532043457031e+00 6.648324012756347656e+00 1.784792184829711914e+00
1.546342730522155762e+00 5.526813030242919922e+00 6.023617744445800781e+00
4.377156734466552734e+00 2.255956172943115234e+00 2.609634876251220703e+00
1.375195503234863281e+00 5.059296607971191406e+00 5.877779483795166016e+00
2.587164640426635742e+00 3.472167968750000000e+00 5.186783790588378906e+00
3.474692106246948242e+00 3.571659564971923828e+00 5.921258926391601562e+00
2.556962013244628906e+00 2.782710552215576172e+00 5.820751667022705078e+00
1.807561159133911133e+00 6.049437046051025391e+00 7.660727977752685547e+00
1.961933016777038574e+00 6.233421325683593750e+00 7.757786750793457031e+00
1.152415037155151367e+00 5.868667602539062500e+00 7.071848869323730469e+00
2.370393276214599609e+00 3.417663335800170898e+00 5.290060043334960938e+00
3.690124511718750000e+00 4.212702274322509766e+00 5.251904964447021484e+00
6.787579059600830078e-01 5.753345489501953125e+00 6.793719291687011719e+00
3.089805364608764648e+00 3.466821908950805664e+00 5.465868949890136719e+00
3.364419221878051758e+00 3.933377504348754883e+00 5.395476818084716797e+00
4.364017486572265625e+00 6.360545635223388672e+00 2.161952733993530273e+00
4.280042648315429688e+00 5.160231590270996094e+00 2.628333330154418945e+00
5.565804481506347656e+00 7.436764240264892578e+00 1.386536836624145508e+00
4.003697872161865234e+00 3.264024496078491211e+00 4.437061786651611328e+00
9.701822996139526367e-01 5.498542308807373047e+00 6.128799915313720703e+00
3.715596914291381836e+00 3.279677152633666992e+00 4.957792758941650391e+00
5.512223720550537109e+00 7.600185871124267578e+00 1.638029813766479492e+00
2.428306341171264648e+00 3.721254825592041016e+00 5.323072433471679688e+00
2.274217367172241211e+00 3.082346916198730469e+00 4.940654277801513672e+00
1.294385194778442383e+00 5.929434776306152344e+00 7.877157688140869141e+00
3.953622579574584961e+00 3.121669530868530273e+00 4.271494388580322266e+00
1.156057119369506836e+00 6.930514812469482422e+00 7.808777332305908203e+00
9.086775183677673340e-01 5.554624080657958984e+00 6.249692440032958984e+00
1.245233297348022461e+00 5.497704029083251953e+00 6.533724784851074219e+00
3.700921535491943359e+00 4.793657302856445312e+00 3.037233591079711914e+00
5.303421974182128906e+00 7.186708927154541016e+00 1.612478613853454590e+00
3.803748130798339844e+00 3.566985368728637695e+00 5.027417182922363281e+00
3.988133668899536133e+00 2.428080797195434570e+00 3.564088582992553711e+00
3.222754001617431641e+00 3.835130691528320312e+00 5.630434513092041016e+00
9.322431087493896484e-01 5.648551940917968750e+00 6.854440212249755859e+00
3.700733184814453125e+00 3.299036979675292969e+00 5.367502212524414062e+00
3.790941238403320312e+00 3.037536621093750000e+00 4.907424926757812500e+00
3.826165437698364258e+00 2.361248731613159180e+00 4.288632869720458984e+00
3.758575916290283203e+00 2.809074640274047852e+00 4.909700393676757812e+00
3.921019792556762695e+00 2.408100366592407227e+00 4.328913211822509766e+00
4.456143379211425781e+00 7.154469966888427734e+00 2.426781415939331055e+00
3.994455099105834961e+00 2.618068218231201172e+00 4.037890434265136719e+00
4.270376682281494141e+00 2.021317005157470703e+00 2.914247751235961914e+00
4.240764617919921875e+00 2.086400270462036133e+00 2.779674530029296875e+00
4.265971660614013672e+00 7.503568172454833984e+00 2.139696598052978516e+00
4.349689006805419922e+00 6.561297893524169922e+00 2.240204572677612305e+00
1.353150606155395508e+00 5.742682456970214844e+00 7.521792411804199219e+00
1.663715600967407227e+00 5.264170169830322266e+00 5.776554107666015625e+00
5.421235561370849609e+00 7.916125774383544922e+00 1.578123331069946289e+00
4.054615974426269531e+00 5.018670558929443359e+00 2.824272394180297852e+00
1.705736875534057617e+00 5.178478240966796875e+00 5.705497741699218750e+00
