-2.023312677567476126e+00 -2.557075110095506254e+00 4.396286637450939061e+00
2.789767062700564626e+00 -5.244989519065648587e+00 6.968380231632491650e-01
-1.671674334098359083e+00 4.799315678141403474e+00 5.700584808513251556e-01
-2.222931521144668743e+00 -1.633052284320402503e+00 4.100444921662999676e+00
9.906008564894249746e-01 5.527543731118534254e+00 -9.020185583732326151e+00
-1.329691735187120916e+00 -2.972460982560140241e+00 3.149616407727814593e+00
3.326619881551527325e+00 -5.067456503839778970e-01 -4.986125189566706695e+00
-2.039361993057409728e-01 -2.972900565570810283e+00 -4.388542000412816169e-01
1.606142647006439939e-01 2.153563297934184551e-01 3.706461600645342136e-01
-1.356980143211399037e+00 2.642599631620893952e+00 1.846863749088898832e+00
-6.770030644305374823e-02 5.797871585993815025e+00 3.003809973997727756e+00
2.809493302899916056e+00 -3.696491208102235415e+00 -3.094939853016726028e-01
-3.245883569391729395e+00 1.852636397291264503e+00 6.104360552691318054e-01
-1.936689668792358932e+00 4.941804020739741787e+00 -5.055080912492712741e+00
-1.500600927928048556e+00 -2.099805197356582109e+00 4.483848880394081249e+00
-3.221713118935053188e+00 7.844798192998982955e-01 3.784678080212863005e+00
-6.972015056673497746e+00 2.643680375027601226e+00 4.479277641136166110e+00
3.040098283040240101e+00 -2.955027474139160226e+00 7.558964996731568631e-01
4.421461625972602505e+00 -5.482422167928300283e-01 -4.078218198399230943e+00
-1.282379338298659688e+00 1.534564670741828785e+00 1.775492147095967699e+00
-1.475707734588635578e+00 -1.196085548507394236e+00 2.019266055438296181e+00
-1.816517384191485895e+00 -5.448371858670527423e+00 -3.343322808820262004e+00
-1.123924351586022885e+00 4.636665232273068149e+00 -3.101254210534249545e+00
4.987654728218670619e-01 5.131502779850136697e+00 -2.466121221988184953e+00
-1.739249494303295229e+00 -3.405631210551840482e+00 5.485722334196615257e+00
-3.642954277330236579e+00 -1.129757819158109522e-01 3.488139036476810784e+00
4.691181267599731086e+00 -4.009498004558163409e+00 -2.815496076189278885e+00
-2.199035124635252636e+00 -2.590668859455689255e+00 4.615425375565592958e+00
1.368848118272576242e+00 -5.096815021319779149e+00 2.047066966174491576e+00
4.863139711090598283e+00 -4.095358411986159908e+00 6.506395780507308046e-01
3.737865392049067648e+00 -3.516198288075842449e+00 4.942495813266910565e-01
3.564755089746960426e+00 1.761868859645816077e+00 -5.927906297093247900e+00
-2.343280225263646432e+00 -1.386655239420421459e+00 6.237244255335840926e+00
-2.414481018316639194e+00 -2.626426957890322100e+00 4.460303545832184469e+00
-1.658191339353324301e+00 1.238737667021494238e+00 1.906224140367153375e+00
1.462563676180333783e+00 6.472612173657442902e+00 -7.382307700716067345e+00
2.899666298973542222e+00 -3.073303518686720359e+00 1.099750678071603760e+00
3.413482394947318532e+00 -2.947699887251816087e+00 1.354272293410992756e+00
-1.874843258642621802e+00 2.270781287448546681e+00 2.601630149485504973e+00
1.415169910325624336e+00 -5.367501868513198104e+00 8.759406747910894464e-02
3.048999942158415966e+00 3.801650405164120894e+00 4.044169105115472895e+00
2.454287995238620290e+00 4.465385874302195468e+00 -8.949514084546382975e+00
5.079947339115006955e+00 -5.157620258725017948e+00 -1.222232272907823658e+00
2.717906137673848921e+00 3.675391831176436419e+00 -2.169651466743350188e+00
-1.179712318004133564e+00 -5.334645668088313641e+00 3.316781232389248046e+00
-9.252803926255734890e-01 3.196060254266677170e+00 6.931068324320001084e-01
1.350487690411475317e+00 1.552452923789651162e+00 -2.278101811910307806e+00
2.450151320646727804e+00 1.824034887140885353e+00 -7.442037421212821080e+00
-9.864853002563118978e-02 -2.209536425523153991e+00 1.446096732258910222e+00
1.381735298757537533e+00 4.234918958717363680e+00 -3.646756187087083934e+00
-1.925837406653365447e+00 -3.155887684348146482e+00 4.612296557971031774e+00
-2.112791988381275132e+00 4.742946006962101890e+00 4.346128600756130611e-01
8.340364616894933025e-01 2.180819810982610019e+00 3.177232317791694349e+00
2.985863509742298749e+00 -3.297214252622808761e+00 -2.871178247623062951e-03
2.515287945266147851e+00 -3.806360824439432466e+00 1.266132611313392831e+00
-3.102201971544618075e+00 1.796966307463673473e+00 2.777091757119963145e+00
-5.119965610672855050e+00 2.286509972412965830e+00 -1.865025458060328267e+00
2.703005502690053463e-01 5.622337318596147604e+00 -3.085491948096275472e+00
-1.657823919123805556e+00 -3.397914909806962758e+00 -5.742490693288043069e+00
-2.438383730873091793e+00 -9.129568237123757424e-01 4.366672800410459132e+00
-3.023469272941516905e+00 1.585187816007744166e+00 2.595614062337566530e+00
2.385666088652651062e+00 2.920820755651925893e+00 3.743027639313489363e+00
5.369853443681430472e-01 2.598027195505737463e+00 3.421691188525444627e+00
1.640662108184689050e+00 -2.703363292737797074e+00 5.834609146416404046e-01
-1.011395369716341142e+00 2.284077466317947280e+00 8.674896837687381956e-02
-6.717561529601887571e-01 4.780673012449876413e-01 1.811705829457824990e+00
2.717343033648395689e+00 -4.118072068696887023e+00 5.253439729511947265e-01
3.453306402691536547e+00 2.851573423150057351e+00 -7.391350799109422276e+00
-9.337640698048246257e-01 -3.268975428761636159e+00 1.172615986490985307e+00
2.538315514784470484e+00 2.969823070904164197e+00 -4.816444110707972293e+00
3.236936341970629627e+00 -2.541866734702596720e+00 -2.605962364677015586e+00
3.155022108897453936e+00 -2.594753641908539965e+00 1.933457313027125979e+00
2.646135554029339865e+00 -4.658452452359532536e+00 -1.423285289623889449e+00
4.748045344819500913e-01 6.610144554280113383e+00 -6.149683273686396667e+00
-3.318955003706499873e+00 6.992671336825498907e-01 5.820925428402367707e+00
2.298720130782331283e-01 2.412493848382575745e+00 4.639469116469863708e-01
-2.615630351418591015e+00 2.008083645815525564e+00 2.676772228055873892e+00
3.804740393127881148e+00 -2.042141063240470622e+00 -2.206962398844993345e+00
-2.537867122645860452e+00 -2.227928721634294007e+00 4.410316340523343648e+00
-3.068507506867479417e+00 9.934150988090135748e-01 2.765051196187922056e+00
-2.012948676560316841e+00 -2.357469692074461165e-02 2.082082209242553272e+00
-1.325951139858963623e+00 1.136493776330306682e+00 3.388762568094230598e+00
-2.394839678692527674e+00 1.927126524050905454e+00 3.409944260880822142e+00
-3.329599657572527072e+00 -4.647564310821541866e+00 -3.367485299898119511e+00
1.024968579568020566e+00 1.788488163070471870e+00 -3.832085531841213033e+00
9.440008073741661399e-01 -1.408696556550211199e+00 -6.034491152123885982e+00
-7.888563703518206571e-01 7.955492283348399862e-01 2.821199814981286913e+00
-3.813221374197218072e+00 4.979271977049878117e+00 7.395283568838249000e-01
-1.810644166204611605e-01 -1.450844568891471287e+00 -1.492651989082969477e+00
1.582656563774998970e+00 -4.184324080518576849e+00 2.197778165468366129e+00
-1.647623205798623314e+00 -3.272311840979669206e+00 5.147350505253521114e+00
1.838898972126457032e+00 -1.117479123692727283e-02 -7.246188424606537559e+00
-1.701935723889763663e+00 5.360818555903956728e-01 3.193050182343470045e+00
-4.539496177580553571e+00 1.700124727423194093e+00 -1.209184896429799760e+00
-1.587651244623046631e+00 2.593703210183087471e+00 1.294766253827335678e+00
-2.367187070677338134e+00 2.839438610750877778e+00 8.340025714408270119e-01
4.044278557010682285e+00 -2.150372461746093311e+00 -2.177942701197436826e+00
6.401585542792842531e+00 4.052044835910125542e+00 4.405014743096947960e+00
5.311555479127849644e-01 3.458536427154630388e+00 -5.368148810182931996e+00
2.617383317081749983e+00 -3.454988729954308058e-01 -5.001358083343758310e+00
2.706569363205059364e+00 -3.193301406356032324e+00 1.160912182683200511e+00
9.282694491987600882e-01 2.301530809423274260e+00 7.471342356860977141e-02
-2.714226943740092324e+00 2.320374007840030561e+00 1.671533432912712946e+00
1.110276047940766286e+00 -4.422757975707103384e+00 8.571774019207365480e-01
-7.066114206759183114e-01 -1.680034478021567690e+00 -5.638464739537324633e+00
1.874711422945847472e+00 4.482108575994064203e+00 3.969454239643057658e+00
-2.561021171891246784e+00 -2.524799157693781826e+00 -3.788290427878362454e+00
2.170746369479237714e+00 1.236753195314221010e+00 -3.773955322785580435e+00
-4.248751412528415372e+00 -4.060533702617786567e+00 -1.389791310109886879e+00
-5.252245361574900961e-01 4.487493332067076679e+00 -4.151068447844946663e-01
-2.549334278550685617e+00 -1.908225871525185635e+00 5.515833618982888709e+00
2.208670648065047537e+00 6.329553193878902029e+00 -7.769920936676303569e+00
9.722328779408673238e-01 4.652514872566237081e+00 -4.817807944881474569e+00
2.501298534025004017e+00 2.472520577396900010e-02 -6.739575500065864588e+00
-1.805279352820887917e+00 3.083423288813867735e+00 2.252883492264217136e+00
-4.395567544445633246e-01 1.698415277667922219e+00 -4.966866367688727024e+00
1.831223592009654233e+00 4.579800296285745809e+00 -6.872314642501139659e+00
1.514385961189296248e+00 -2.314739811201612651e-01 6.220861549498401644e+00
-2.222985292505845756e+00 -9.087637285646992247e-01 3.832091569157026090e+00
-1.243976716266164351e+00 3.074082905055406822e+00 2.476790559693186067e-01
-1.522145402977762352e+00 -3.401210778952352243e+00 4.618559993520310769e+00
7.377600409076924270e-01 2.690375544322373802e+00 -4.500697544898281777e+00
-3.270944796923303532e-01 -5.057355982065129041e+00 3.379063882187328893e+00
7.298455264542371701e-01 -4.473826543984294801e+00 1.928895466670645042e+00
3.087902434693357900e+00 2.125583743834602135e+00 4.863563736071414567e+00
-2.284005991991669759e+00 -2.908565734290247562e+00 3.999751923101140250e+00
-6.075062725283071341e-01 6.013696779834734052e+00 -2.342982021741763621e+00
2.598390184941733239e+00 1.496312966287610680e-01 -5.343295358162812647e+00
3.109304558616721170e-01 4.485791562884827721e-01 -5.602212038625439483e+00
-6.828403305811121538e-01 7.115861017088770168e+00 -6.784501309891358689e-01
-2.538929668998747502e+00 -2.879036534622676502e+00 -2.783455125293047949e+00
-5.278467507090557120e+00 -2.151039119980069803e+00 -5.787574547397997815e-01
-4.332524091936130084e+00 4.174866998301815180e+00 -4.555818436825829210e-01
1.658684009969486839e+00 5.834525182176464320e+00 -5.786936313018218314e+00
4.410492986945762972e+00 -2.772899258040082415e+00 -9.710632905798801673e-01
8.124990844427745773e-02 -7.474125852844426543e-01 -2.129782334839239510e+00
4.953819893050309675e-01 2.292214497519619254e+00 -4.939818173627253728e+00
-2.199465920744392733e+00 -7.394048919786684326e-01 2.381050005973165629e+00
-2.798916713452198834e+00 -1.591584178214833223e+00 4.795217936132975645e+00
-2.187605642895363300e-01 5.547081436705147084e+00 -5.400810890813561471e+00
-1.403878053838524709e+00 -2.305184624059038345e+00 3.857775317396743731e+00
-1.190687201843713350e+00 -5.180580140858342730e+00 6.367787715088325307e+00
-5.128173367050377962e+00 -2.507108644786755658e+00 -9.556617261538363772e-01
-1.411132845664550439e+00 -2.491869534717026990e+00 3.038546243284314663e+00
-2.375954892898099580e+00 -3.635246115337432027e+00 3.933893398654058515e+00
-8.613133810550047675e-01 -1.789632725648456546e+00 3.377926524552366860e+00
-2.607092918088528277e-01 -6.406694809065802687e+00 -1.596202769290240742e+00
-2.161063055848551517e+00 -1.443321413301950296e+00 3.831154733060402329e+00
-1.482822838358553108e+00 -2.982240174345791583e+00 2.585990788216410596e+00
1.239403224327255026e+00 -3.373780050479524117e+00 5.100288494947262663e-01
2.561826627511202048e+00 -1.713079465929497003e+00 -6.069618555482743094e-01
-1.615597120475336990e+00 -2.204520642977172873e+00 3.322255046037041026e+00
-1.946697267228776784e+00 2.523534681374128841e+00 2.353026244115931753e+00
-2.891859537764077892e+00 7.258181709828783745e-01 1.511641295501810589e+00
-6.858999820044191509e-01 7.207218721807258088e-01 1.919634345608226766e+00
-5.945199262701194698e+00 2.234205787968778889e+00 -2.744912686548907743e+00
2.138950466866634259e-01 2.694049370908320196e+00 -3.086034434548545313e+00
-8.070403082032201469e-01 -3.660542374338619176e+00 3.844784894476573900e+00
-1.295803633763548124e+00 2.514577130121653514e+00 2.218142526737383324e+00
1.717322355790358301e+00 4.136514166144277027e+00 -4.147846056319544061e+00
-1.006400525347776576e+00 -1.728307908844985752e+00 1.914201007474355176e+00
4.192186884241366762e+00 -4.311676513754892248e+00 -1.216689635539420333e+00
1.213128132805630477e+00 3.600191968686440092e+00 -5.164243680042452489e+00
2.477212488984372740e+00 2.704764472093611705e+00 -3.853795968921030823e+00
2.955320620335580184e+00 2.689255131394378218e+00 -6.919149687813616723e+00
-2.688343290339122227e+00 5.546224064595546288e-01 1.976198082686246860e+00
-1.341305805720399702e+00 6.443547434726016654e+00 -3.806673730479975593e+00
-1.313008170624338833e+00 2.494322999166819432e+00 3.217812532999855701e+00
5.480319053515617655e-01 -2.763929225022416780e+00 -3.955798326607792070e+00
9.515502482398554562e-01 -2.208376468082127175e-01 6.179561218926410415e-02
3.476845436505703102e+00 -3.446707053373980756e+00 -1.448217801878422861e+00
1.715832728707112453e+00 -4.478471934333899895e+00 1.051839305009384828e+00
1.950191369496422356e+00 -3.982486525921415943e+00 -1.367526542558179958e+00
-2.620113185823414792e+00 -9.857395365958305788e-01 3.541078523705805114e+00
-5.782624475811262155e-01 -2.649554578956911488e+00 3.977529186454665133e+00
-6.657315240292343006e-01 -2.056124898105555765e+00 3.639150820446646062e+00
4.665019486860016329e+00 -2.106909547430589225e+00 -2.008221338169997594e+00
1.422443489243628845e+00 6.278091546581679339e+00 -6.784515032160361336e+00
1.761547728046685579e+00 4.514001030687291305e+00 -4.974284082348066072e+00
-2.091121543076746470e+00 1.387881436557276249e+00 2.389806075986023792e+00
2.420519999093998731e+00 1.372391956904620791e+00 -1.648947067252795939e+00
2.463398789858897153e+00 -5.355816790436976227e+00 -1.306513370369544458e-01
5.968892997665995459e+00 -1.717738161415437892e+00 -4.105073514680589675e+00
-2.697543433512632038e+00 1.495042726487064710e+00 3.480705304633275432e+00
-1.110337332496262652e+00 -1.446465943264926501e+00 3.555116003419500625e+00
-2.582586954208048180e+00 -6.560839079419356068e-01 5.459533685377435219e+00
-1.374809114326321025e+00 -2.323715644845047112e+00 3.472321528135219548e+00
-2.357664285006261906e+00 -3.719532951983601343e+00 5.406559820736157818e+00
-1.245870302288585751e+00 -1.233829947009044803e+00 2.559373151933918678e+00
8.538321553621825988e-01 3.259449930038278875e+00 4.571095366238351332e+00
4.657009741819465809e+00 -8.336983097555591415e-01 -3.765337112718147417e+00
2.959984406597341522e+00 -2.986085140958492645e-01 -1.815972123410115602e+00
3.584385547586866227e+00 9.666389127770744771e-01 -2.868801799822060516e+00
3.409825722031979645e+00 3.692259875433824945e+00 5.380159257345065171e+00
-2.278139364657719490e+00 -2.721074940354335503e+00 4.805568874087627229e+00
4.554231422859740808e-01 2.481943380967680746e+00 -5.541933416435864679e+00
2.414020584765562027e+00 -3.833909711274384069e+00 2.386085316312324955e-01
-4.346763627798364560e+00 4.583070339623223077e+00 -3.030280121257552528e-01
4.168579029923249468e-01 -4.629543073065820913e+00 2.139537607949916431e+00
-2.633851409404863730e+00 -2.536787442852111774e+00 -1.074602920045973686e+00
1.517463689412016370e+00 3.900422582469084798e+00 -7.546152840546271001e+00
1.122663909977966501e+00 4.947317659958123670e+00 -1.831261688296725865e+00
-1.249772186463458334e+00 -7.973878791292496881e-01 2.397753956855502633e+00
-2.548447532835160789e+00 4.907561714180657120e+00 -1.595447825306056888e+00
-3.094872356887306886e+00 -4.951907806658880640e-01 2.985511255243670004e+00
-7.330909538283791882e-01 -1.222492214516458509e+00 1.823777828340781948e+00
1.249925912778004466e+00 -6.587275369458486018e+00 -2.669486442718493197e-02
-2.589436366206157469e+00 1.304988467504664684e-01 2.474475401675101160e+00
-1.166649734313332409e+00 -1.267264942004874939e+00 3.255602016239943275e+00
-1.773966031086698258e+00 -4.228068767672811035e+00 4.002822310481064072e+00
-1.492017389652024573e+00 2.617333475968523171e+00 7.736409535596056042e-01
-9.959851337822835937e-01 1.799989792455031878e+00 1.169105901311611406e+00
-8.863288317402006067e-01 1.116571880880792733e+00 2.037647622779909184e+00
-7.969790398369611117e-02 4.086287715345492400e-01 -8.973700166699126735e-01
-3.083767528531939917e+00 -1.336525417899334878e+00 3.651581734969882476e+00
9.628763885082233243e-01 3.256206970234086784e-01 5.343858470783044989e-01
1.580455753205430303e-01 5.240308908751556416e+00 1.041952355986311973e+00
9.092187515563660005e-01 -3.073849120377407207e+00 1.283058094518296777e+00
8.571049374154482425e-01 -3.004117375158198211e+00 2.691234591107338758e-01
-9.671742433525711835e-01 -2.705439533322354873e+00 3.496051887918031120e+00
5.185627764298104125e+00 -4.007736943488844794e+00 -3.040411244017687142e+00
4.248782650062340460e-01 6.860392415089947349e+00 -3.327784126185917568e+00
1.054938770973035123e+00 -4.330558252755353776e-01 1.893736026435198783e-01
-2.195833189199705160e+00 -2.821189590241802492e+00 4.532303520210735570e+00
-3.931921641938968648e+00 -3.825768562757732028e+00 -4.461347798163570744e+00
-1.175084513375151296e+00 1.769891582974216115e+00 3.124653378136313719e+00
-9.449433337647320519e-01 -3.253325980218383595e+00 4.095977354632053924e+00
-7.286630899404967776e-01 -6.342698431366690315e+00 3.724603374638041586e+00
-1.459958975211866683e+00 -1.913580321545030882e+00 3.419769852592977166e+00
2.402912248439516674e+00 -3.822846416565216732e+00 1.719660702605349645e+00
1.674961220058132305e+00 -6.320646609414844797e+00 2.472150446434723925e+00
1.943337144769645697e+00 -5.108739678327589573e+00 2.204245707586092173e+00
-2.521726189735740142e+00 -8.428027762505320153e-01 4.172906029883041157e+00
-1.383469489257457496e+00 -1.944390177359288208e+00 3.635297029874381192e+00
3.920208144326822630e+00 1.205170939601223346e-01 -2.773105731689624154e+00
1.426394300489506328e+00 5.891144629119338560e+00 -3.014437733763482452e+00
-9.554931289662154104e-01 3.431671426432829630e+00 1.203708319704120289e+00
2.982418872207958760e+00 -1.845284173313817444e+00 1.891917354210255420e+00
-1.495870400066285688e+00 2.888434725863738839e-01 3.200259850965358588e+00
-1.178791246378781965e+00 1.466320753571469959e+00 -5.716745623990204805e+00
1.982417948337938274e+00 4.884247366206877494e+00 -6.283874043908251217e+00
4.399524474967726029e+00 -2.838307718674378588e+00 2.987858572498351073e+00
-1.608989705887576838e-01 -4.856517225797236659e-01 -6.607430957601288846e+00
1.758724535083830531e+00 -4.650226757184741544e+00 -3.328858603037388342e+00
-3.076555318553622520e+00 6.718214097667100093e-01 6.853974944800245162e+00
-1.732954718316743969e+00 -1.782826943451820467e+00 4.169805176292016746e+00
-1.686881233944532266e+00 -9.785502003028674345e-01 3.414057059813304207e+00
-4.149789949501966113e+00 -4.273621767998895926e+00 -1.753800895960178519e+00
5.032167898919775340e+00 -3.689961535561202322e+00 -8.102437218794136253e-01
-2.012708894540237825e+00 -2.016873703291592435e+00 4.006907499206429080e+00
2.603510316840949024e+00 -4.713221141294524075e-01 -3.868318035409670230e-01
-1.407786345361845326e+00 3.371610435940136874e+00 1.495395409657665597e+00
3.809106823928107843e+00 3.378224391558206086e-01 -2.539598355001311702e+00
1.452100176513952512e+00 3.505146840416947462e+00 -2.596418402878526877e+00
6.772000965983824283e-01 1.579960924355234164e+00 -4.965742690668698778e+00
1.564963804764200273e+00 6.930839663925489447e+00 -8.360901137912490455e+00
1.309742842256427009e+00 -1.825539467165261165e+00 -3.588099411214913381e-01
-2.538109008524835897e+00 -3.785607341999302378e+00 -3.200731869262344542e+00
2.912498116493595024e+00 -2.220137216294631788e+00 -5.328949012609623948e-01
3.081266297550094180e+00 1.827099876411044210e+00 -4.215441489664084607e+00
1.035487299204352896e+00 4.364286617750718911e-01 -5.362162776913855566e+00
3.793529085760898312e+00 -3.764238309934102578e+00 -2.357312295841058614e+00
4.599403425972450332e-01 2.545913715632607932e+00 -5.541116618518902470e+00
4.238973560406421592e-01 3.359882358466319552e+00 -3.830570691936644678e+00
-2.203390593868987057e+00 -1.550849245189784176e+00 3.483527338171354515e+00
-1.827567025662142353e+00 -5.903881254251425181e-02 4.432635130636889187e+00
-1.819550667691150148e+00 -3.261290517433597103e+00 3.897832051966000577e+00
-3.122817976914374238e+00 2.716301634009463672e+00 3.556007457548970851e-02
4.882833861091844696e+00 -7.496709928850175952e-01 -3.739572679390587240e+00
-3.238848197846968535e+00 5.240112247684592717e+00 -3.151847416629289800e+00
-1.936036828067899229e+00 -4.507810492440382788e+00 3.939994623847695276e+00
2.384007895579800085e+00 3.323231943565137403e+00 -5.224344325760328367e+00
1.527979383221706788e+00 -1.275850286714253490e-01 -2.816832595493703462e+00
4.730117250168780707e+00 -1.883378181515975802e+00 -7.805658800214672066e-01
-3.500592098120677509e+00 2.465807570688632655e+00 -4.130421578468314037e-01
1.339665571196399174e+00 -4.230323908753206297e+00 3.254463892432087668e+00
5.945111760530489065e+00 -8.444989302987887525e-01 -4.962877498775620566e+00
2.942103906679584657e+00 -2.610613286169488845e+00 -7.691978374414781827e-01
-9.543891392698802267e-01 1.975286172822136588e-01 9.768954253759083439e-01
-1.816182802615848413e+00 -2.938726634875981958e+00 4.096531460197291530e+00
-5.052574735708794229e+00 3.870776809860988710e+00 -2.625087051183580211e+00
-8.603031694180529598e-03 3.432083384612639509e+00 4.104728797071418356e+00
2.117142142568114060e+00 1.786527900270136193e-01 -6.679802698814551576e+00
3.956977332699786132e+00 -1.160903504279354737e+00 -1.756674839382563968e+00
-3.769264088841117299e+00 4.316293352703103992e+00 -3.851469183245235239e+00
-2.086413837445688646e+00 5.830011898004190840e+00 -1.280933722673118114e+00
-1.406685607936978499e+00 6.478004316488177317e+00 6.785638295063806114e-01
-1.653789948118554065e+00 6.170893265013601692e+00 -3.678562350768587841e+00
-2.006508967922025821e+00 5.728996679092409394e+00 1.888198836955548465e+00
-1.741289432449226515e+00 -1.638792725415893159e+00 2.984646252254161691e+00
-1.993880239302101121e+00 4.846387557774237465e+00 1.966595639580605681e+00
-5.527678760290161142e-02 2.985802284661080996e+00 -7.194547259977702724e-01
-1.303802071076275659e+00 2.628054000115840783e+00 9.866630255395943960e-01
-8.148978856149849959e-01 -2.317576212838617700e+00 2.542762611430120057e+00
-2.348881334985305269e+00 -1.695331172977124767e+00 5.066685932727587272e+00
3.538765274295032626e+00 -1.537543190530580528e+00 -9.288390249699820522e-01
2.429927280657574684e+00 2.276194122632153316e-01 -1.098272348850536595e+00
-6.903055578634696987e-01 -4.599021461344787731e+00 3.916051420855849230e+00
-1.465617823249126594e+00 4.888764562488034926e-02 2.907161326098414822e+00
2.537980345414446059e+00 1.657014549206046183e+00 -1.798814543395319099e+00
