-1.334752664610411799e+01 1.927262905425429773e+00 -4.163597545968909408e+00
9.915895996229855403e-01 -4.885715141481473900e+00 -7.885144686174888840e+00
1.329129740225456757e+01 -8.507326480875927466e-01 3.837873817426270318e+00
-1.205915932301260973e+01 2.048454146828022626e+00 -2.128293480869910326e+00
9.507698930123206438e+00 -2.682130653103187434e+00 9.150648452785015152e+00
-1.360861229165790931e+01 -1.601030628570274950e-01 -4.807285335017892791e+00
8.717333122527113787e+00 -1.651110621538533163e+00 -9.697316964431408337e+00
3.593952872306909629e+00 2.181971880787232809e+00 -8.318338504497477359e+00
-3.012454262893569101e+00 -1.225795090926680819e+00 -2.170880040821345988e-02
-4.137568812596618351e+00 3.114556463885147064e+00 4.101596488427134091e+00
1.244071093494486746e+01 -3.183496971042868218e+00 2.641620913701490991e+00
5.433325799662117817e+00 -2.685296569046674353e+00 -6.045563775921472427e+00
-6.558693302041740836e+00 2.399836949441657818e+00 5.539738752836623092e+00
1.173913648180357150e+01 -1.390209410496989095e+00 4.855720124391193160e+00
-1.197876463840070649e+01 1.126614461323883543e+00 -4.079013382623973172e+00
-8.388567999021450561e+00 1.214864888032083812e+00 2.457097224418762327e+00
3.335311631188291770e+00 -6.102354165561892252e+00 -2.289973807680256712e+00
5.027073660609508998e+00 -1.075494219396457174e+00 -6.576628231020480442e+00
2.108704625486538919e+00 -5.016347895357258224e+00 -6.211356652060769923e-01
-5.581910053501250246e+00 3.531551905048434525e-01 2.782535827287692776e+00
-1.086161813655203900e+01 2.251802399556719347e+00 3.766541957186179124e-01
-8.929767979235936348e-01 -2.193098930698860194e+00 -9.544975167166152019e+00
1.101229712518196813e+01 -3.624091884625658122e-01 7.427767328696749161e+00
1.279298423870685575e+01 1.144819537931384357e+00 4.657457473579421858e+00
-1.483081622070415406e+01 1.446833168612792431e+00 -5.429670268704184899e+00
-1.039912983389401013e+01 -7.658946841100446878e-01 1.945934849650805099e+00
7.306227423279851863e+00 -4.071924216711150457e+00 -6.917006149594905118e+00
-1.264209285096399782e+01 2.390989621099362417e+00 -3.274416534740546947e+00
5.829679442644516429e-01 1.449364584277070683e-02 -1.011230646566568225e+01
3.554394436648999012e+00 -3.100415779285897067e+00 -7.695754610769273363e+00
4.539368109727872636e+00 -8.462019476405555629e-01 -7.209188011732193146e+00
1.659602439878103652e+01 -1.134360658350438644e+00 -5.694031099933076767e+00
-1.545927776502478856e+01 -2.656876303436084275e+00 9.772860569896463900e+00
-1.390496050831142938e+01 1.153772404579361366e+00 -4.246709820347116526e+00
-7.007657186044064623e+00 1.169067314786981671e+00 3.665037809213667508e+00
1.531289877349865058e+01 3.412476163163304377e-01 9.132906941538776024e+00
4.314661406838654401e+00 -6.020649928371396564e-01 -8.012268005011877747e+00
5.327345099196703515e+00 2.462616053063008403e-01 -7.521853038661633128e+00
-5.536281555426066703e+00 1.906853785158873826e+00 2.439986487919475255e+00
8.165715324366222827e-01 -4.931448807535507406e+00 -6.806761074949170265e+00
9.476934665725046614e+00 4.326950631175837003e+00 -1.259988658570466158e-01
6.999096574077876554e+00 -2.471506738544665183e+00 9.761834068443651091e+00
5.783830242484752304e+00 -3.755752985012901668e+00 -8.241491950060780169e+00
6.457626730719688624e+00 4.726936250249249127e+00 4.889684235199084128e+00
-4.891821838990016436e-01 1.419219491870009398e+00 -9.179850038514020483e+00
-3.860876015912487969e+00 2.686873159608248240e+00 4.777870992002750228e+00
1.147931996791846920e+01 2.370032395152959381e+00 -3.514478062934209834e+00
5.913968831914531599e+00 -2.109686358353090263e+00 8.491600847017654274e+00
-2.063745024120990090e-02 -1.433639768988127727e+00 -7.928587731858339538e+00
1.481269692478523581e+01 5.640759845512296478e-01 -5.214812275251258233e-01
-1.520726113890657594e+01 1.269292117782093943e+00 -5.724366264596257636e+00
-2.914299040426550302e+00 2.746898066438487884e+00 6.930915464911927337e+00
1.059023470384373233e+01 4.223314995882563316e+00 -4.224807618926089248e+00
5.139897901914757483e+00 -4.681454112557912883e-01 -6.696480971468250054e+00
4.034838252835125871e+00 -1.236673298673359067e+00 -7.824312739508349601e+00
-8.317444842194845478e+00 2.774516161801966696e+00 4.198189671553600455e+00
-7.477359647203312143e+00 -2.099467856788705955e+00 9.361796280991299568e+00
1.044652319621485503e+01 -2.266240058191628215e+00 7.132971869700050149e+00
-1.457760069988921714e+00 -2.677500741871353451e+00 8.927849948605285135e+00
-1.014402728733929138e+01 -6.378907340253983094e-01 -3.104574476179073006e+00
-8.388567999021450561e+00 1.214864888032083812e+00 2.457097224418762327e+00
9.761583099914009409e+00 3.108294798711697560e+00 -3.141176089215576006e+00
-4.833457715022396961e+00 -1.018933419805448937e+00 3.169015472944369805e+00
-3.730963955136258892e-01 -1.903266429023035666e+00 -4.943928545428527777e+00
-4.822929466479748406e+00 1.451734998097093499e+00 5.803064245624264039e+00
-6.561008066577210585e+00 1.375676343078212405e+00 3.712496497582790794e-02
4.965652869825337490e+00 -1.557602117050491952e-01 -6.543121877526914432e+00
9.516728149232200451e+00 -2.438802152236993148e+00 7.411200578918359483e+00
-1.101003755749378477e-01 2.291804857946874996e-01 -5.232391655180751222e+00
1.546958268508208256e+01 2.084842242521260491e+00 5.174594683968278375e+00
4.266519718501159630e+00 -3.598869945844548113e+00 -2.584983320668319706e+00
7.176514479928024492e+00 2.973686523161769735e+00 -7.377293694969553783e+00
6.790605822832252336e+00 -7.479918303189400652e-02 -1.017057335665053408e+01
1.547175335190522460e+01 -2.079606921248803975e+00 5.942774354129966241e+00
-1.110201014592331070e+01 4.651906368286562454e+00 1.019907337618688459e+00
-3.332300581706545195e+00 2.397502946884352504e+00 5.081346096518273292e+00
-6.609921189909708339e+00 1.792420885468943403e+00 3.973603051727080171e+00
3.008242928494069268e+00 -3.575721242356066476e+00 -2.991979581111449793e+00
-1.393471851298811615e+01 1.186501984497259077e+00 -3.021853678321430259e+00
-9.064263297278658982e+00 2.333174173666919815e-01 2.369236315405302662e+00
-1.009705639351863482e+01 9.265055313306429507e-01 7.491860570862490798e-01
-7.219406342489548045e+00 1.100719488557635239e+00 9.524446034405895656e-01
-4.776232651372887439e+00 3.397680065280363593e+00 1.677987844696576358e+00
-3.559330521414773685e+00 -3.161244083730641474e+00 7.125712414409705708e+00
9.304206744022307518e+00 4.723800517560873824e-01 4.473535094406402735e+00
5.078708204189044118e+00 -5.198255646365345761e+00 1.300234493038258776e+00
-5.016247576563371169e+00 9.330179841133079410e-01 1.608732820853886691e+00
1.371965340178502579e+01 -2.966710809106469782e+00 2.568450407310862715e+00
6.071104414747789946e+00 3.154807776675184972e+00 -5.905924945312855945e-01
7.883476660885833098e-01 2.905030459614423716e-02 -8.611995941428881807e+00
-1.251182765215892267e+01 1.609721948131369151e+00 -6.745025832268849442e+00
4.985975283367978683e+00 -1.323857387979940015e+00 8.518512184131488141e+00
-8.834850729416043436e+00 4.102537557971426274e-01 1.349991531836912895e+00
-1.130372638968746202e+01 -3.352191311086051506e+00 1.027674902210565655e+01
-5.658962925800238075e+00 1.138264014900995713e+00 4.007345905428570276e+00
9.980223201496871255e+00 4.070088221470891554e+00 3.215352502030119020e+00
5.959081711000044024e+00 -3.300365200738706761e+00 -4.987575603518503264e+00
8.013072192218617218e+00 2.671574908385213387e+00 5.865792608225470772e-01
1.261958226000306382e+01 1.080051849314424217e+00 8.579755967712230813e+00
1.897666988936610455e+00 -1.423610631378866787e+00 7.257243255485449351e-01
5.730009108521761263e+00 1.103048630184279011e+00 -8.603654829007902904e+00
-9.748758096367955428e-01 2.148457154818328885e+00 4.440142101394060070e+00
-6.762406912656785174e+00 1.051491462659740028e+00 4.943280584849709669e+00
3.805994129780476243e+00 8.091266338118871526e-02 -6.916156967413528811e+00
-8.404674926564430493e-01 -2.968058192027264397e+00 9.016527305407986859e+00
1.245853078282718229e+01 -2.089526184011536447e-01 1.706229153459306813e+00
7.297102039234737880e+00 -2.549569594222724223e-01 6.651588550533833910e+00
1.168281385371047953e+01 1.797412687787036445e+00 -3.500639830149508747e+00
-1.650202832604727732e+01 -2.945203378989808218e+00 -3.219636257720628336e-01
-3.058235782895157406e+00 2.413933836476772399e+00 5.938735627203298506e+00
-1.376997275797473996e+01 2.762858595509049664e+00 -3.493943939354584582e+00
1.409552234894910328e+01 -1.562053937131577364e+00 7.756282125980181519e+00
1.386743351908501332e+01 2.801610583556049860e+00 8.199313106945915308e+00
7.722983840713331993e+00 -1.745624001727995145e+00 3.586054077553169961e+00
-4.042193591638048034e+00 2.182817948106422268e+00 4.080432242994075587e+00
2.757329165092237133e+00 6.439118283879589066e-01 1.021335639236132309e+01
9.864706992551829146e+00 -2.219502593933610601e+00 7.814909862558183207e+00
-6.148042007734983994e-01 1.790615615439826447e-01 6.342003050659223540e+00
-8.725069669699282215e+00 -8.530658739127621182e-01 -2.777588280364906126e+00
-4.662498092892020551e+00 2.530794409398752443e+00 5.709352420014732310e+00
-1.465572187390133507e+01 1.579709134709837759e+00 -4.570665464978633352e+00
1.329681635497411030e+01 1.982280508432995525e+00 6.026656523149129363e+00
1.710562372692664423e+00 1.251911400583320066e+00 -8.469599774960840932e+00
1.856951146325988677e+00 -1.967295726339039486e-01 -7.288387010886679285e+00
9.555102435487929924e+00 3.111908327951530495e+00 -3.133532606875218285e+00
-1.450956517104902943e+01 7.885777535943770955e-01 -3.292228576400376028e+00
1.235242739067680162e+01 -1.154091957681263159e+00 4.011831370311381484e+00
5.045693987850889961e+00 -2.648747050506950473e-01 6.797226345228232880e+00
4.246427793227855574e+00 -3.244143752395047819e-01 1.081579824037783588e+01
8.843038816533873359e+00 -3.428452495280885248e+00 3.909422363930404209e+00
-1.361238734456121513e+01 -4.108511217258462800e+00 7.843351048244558754e+00
-1.449662974067821253e+01 3.655121507064737152e+00 7.422731212600409023e+00
9.802799211391198142e+00 3.311794489451279411e+00 6.248763361742930122e+00
1.486453582234593007e+01 5.403880965217862098e-01 7.659556581429255218e+00
2.906576162431671495e+00 -1.200643243824452533e+00 -5.232929672373129115e+00
1.006025586351931445e+01 1.290757195802379353e+00 2.804839013122352398e+00
8.114954960859360966e+00 1.438316773302512397e+00 3.797997279021239958e+00
-1.227983667487551145e+01 6.767503685034741423e-01 7.482320085492395467e-01
-1.034796163720874951e+01 -5.349484383008700217e-01 -3.494113450553718359e+00
1.232856687891793968e+01 -5.428657912228733728e-01 5.903525913737471598e+00
-1.194621508919941100e+01 1.304735873445473482e+00 -5.399684031833211328e+00
-7.527708708788647840e+00 -1.048197986545412697e+01 6.951204169174935998e+00
-1.449662974067821253e+01 3.655121507064737152e+00 7.422731212600409023e+00
-1.471260940046307653e+01 -1.416218196880220992e+00 -4.191034586105659265e+00
-1.584276068344763999e+01 -1.361125570159723019e-01 -2.789746653996278525e+00
-1.038126812256817111e+01 1.244695548719039868e+00 -4.804889547572248176e+00
1.028750385288139446e+00 -6.027157408801675942e+00 -4.912490515632227606e+00
-1.012869079561003005e+01 -6.383955375756451833e-02 -3.481690119068878264e+00
-1.542588806563718329e+01 -7.762338835146257443e-01 -2.036899346545796519e+00
2.241527192594815698e+00 -1.872447497913388936e+00 -4.975143714808743844e+00
2.011704158079107518e+00 -9.653142983650699893e-01 -1.067118345305116511e+00
-1.225582236336166275e+01 5.423874056125672638e-01 -5.265471649001413290e+00
-6.609921189909708339e+00 1.792420885468943403e+00 3.973603051727080171e+00
-8.317444842194845478e+00 2.774516161801966696e+00 4.198189671553600455e+00
-5.620829788513138858e+00 6.545090641999711245e-01 -1.221760529090527804e-03
-1.102068733008355395e+01 -4.591003231360961223e+00 1.211398903922578185e+01
9.020999529703306763e+00 2.981740319243935122e-01 6.277290595866890754e+00
-1.457021078605166053e+01 -7.553565547767647770e-01 -6.720223541446133098e+00
-3.754670136878186071e+00 3.173456167390432014e+00 3.228093430017052068e+00
1.489366686576150833e+01 5.674336370788626294e-01 -3.117167486277114818e-01
-1.355874572625622676e+01 -2.170018016929380067e-01 -8.772145911393851581e-01
1.928521773964256614e+00 -4.162479212906307069e+00 -5.949616284464897653e+00
1.242690893382700068e+01 6.897177146983888285e-01 6.013914405700486299e+00
1.334037166657450868e+01 1.285345964957972376e+00 3.710257165799484724e+00
3.248194797499503572e+00 4.263090201344341246e+00 6.247024021699633778e+00
-9.236140030597999484e+00 1.143879202283462959e+00 3.741936243820949137e+00
9.344002345668096510e+00 2.973850705366284153e+00 6.150677368370422116e+00
-5.704398088855699100e+00 1.974965772045544021e+00 1.290534852950025124e+00
7.019358434327264362e+00 3.086233736316305265e+00 -6.341986529964226627e+00
1.666335697150175932e+00 -4.944507048537430394e-01 -7.508037218813415903e-01
4.836378427065266550e+00 -2.730888488656001201e+00 -6.300176763665437107e+00
2.472931001122244954e+00 -1.446045900725553723e+00 -7.331953825754697895e+00
1.689818496722029106e+00 -4.773586790536412217e+00 -5.087087344020517321e+00
-1.052591539919678887e+01 -9.043894456650913849e-01 1.621761978562972439e+00
-1.297718332484268799e+01 -2.348372414404753528e-01 -4.062962913812139476e+00
-1.144503925760208851e+01 -4.015276663846193209e-03 -5.410613866138356265e+00
1.950233033353379053e+00 -3.375583282585922884e+00 -4.220970413879776117e+00
1.549017650253393441e+01 2.651109394450745227e-01 8.977486751179457158e+00
1.484075916396353101e+01 8.213415775759177473e-01 5.233369473296469288e+00
-6.309063611724434750e+00 8.282975566931238820e-01 2.674882976433353488e+00
6.622512353844697053e+00 -1.974777424040498275e+00 -1.424114881164576740e+00
2.053755354682880174e+00 -5.560320153066097504e+00 -6.503992083335055518e+00
3.390925809247799183e+00 -6.110740400426547758e+00 -2.719712338415668285e+00
-6.689160133920110773e+00 2.604038337926534830e+00 2.098767686737405214e+00
-1.038126812256817111e+01 1.244695548719040090e+00 -4.804889547572248176e+00
-1.110201014592331070e+01 4.651906368286562454e+00 1.019907337618688459e+00
-1.232826298050902913e+01 8.176491909682536141e-01 -5.109123126165276751e+00
-1.661221313086045015e+01 1.347587416475033661e+00 -4.620892124801491363e+00
-1.053705826844193361e+01 1.274648550647525580e+00 -2.312086968475248749e+00
9.271916712188827958e+00 -7.936749891957403102e-01 1.645599349656441612e+00
7.066125614680210276e+00 -3.704948470044248765e+00 -3.724097855197166851e+00
5.881661841546460323e+00 -2.452174960126065617e+00 -3.293333454789522108e+00
7.695676752742161675e+00 -2.553814099021133988e+00 -1.426541857048828410e+00
1.112129940260844485e+01 -2.184330597463672863e-01 1.481452392903388260e+00
-1.495010733036774653e+01 5.575198409763445495e-01 -3.827099029014313203e+00
1.018491801599105173e+01 3.056679472560385746e-01 8.136771131555480707e+00
3.326845045584258198e+00 -2.369585932783930815e+00 -6.591941690472910231e+00
1.327432275003625861e+01 -2.714961690984491138e+00 5.231825601208155874e+00
8.255683191454430414e+00 1.652329389660086800e+00 -9.720479406998007832e+00
-1.506296723871414578e+01 -3.893917157498383741e+00 1.864055957571096211e+00
1.436575362922427246e+01 2.407683447624757445e-01 8.607039258366471657e+00
1.328140543226399650e+01 2.711623721589052849e+00 4.488639860705574414e+00
-9.950657980685891246e+00 6.830510897194302933e-01 2.419204804290441546e-01
1.128915598165560574e+01 3.028790495875718136e+00 7.246916283363563416e+00
-1.204306696064599080e+01 4.497558180588331345e-01 1.736817477340398153e+00
-9.347098065605305095e+00 1.866072228500044394e+00 -1.246337509058215165e+00
1.808327415716953102e+00 -5.164544313836440637e+00 -7.275233516954290103e+00
-9.734597373210611693e+00 6.892772996948698383e-01 1.153453201719071286e+00
-1.066233760453820167e+01 1.783542751388928149e+00 -2.242569820921686663e+00
-1.656172289980573353e+01 1.271282548934501433e+00 -5.642503121820295675e+00
-4.449823506240399240e+00 2.172644632100471096e+00 5.500668966795291936e+00
-4.979041823976870340e+00 1.773407970012584212e+00 3.089734525024563361e+00
-3.988955696605646306e+00 4.047951341728265540e+00 4.151430718626715866e+00
-3.886961056276895032e+00 -1.700383620397573348e-01 -4.733966913338030769e-01
-1.499212839117212503e+01 1.741014575780333251e+00 1.833560245307140069e-01
6.969026681633990528e+00 2.847018543601772311e+00 -4.432218269896124774e+00
-2.704691930548941858e+00 3.302092694187303668e+00 6.430908171900094672e+00
1.467352327252865685e+00 2.226084962344548890e-01 -7.766628770270800786e+00
1.956903837203726404e+00 1.581258174971348129e+00 -4.899187124256315862e+00
-1.242740811746814522e+01 -5.937232315279961092e-01 -5.137114798756400091e+00
2.885782030428395206e+00 -5.345718506193480657e+00 -5.305179226425991601e+00
1.559872030530613607e+01 -8.388398827380881828e-01 2.832437492874710916e+00
3.954401954026872446e+00 4.500913598014100736e-01 -6.008079666637368144e-01
-1.501397053565824002e+01 1.895005047273015109e+00 -4.317529235588201786e+00
-1.372662248585678668e+01 -2.704943695460321873e+00 -3.321573412951882021e-01
-5.615549239712406049e+00 1.645569070091649211e+00 1.572827610979006252e+00
-1.478627692158289797e+01 -9.796274848846489025e-01 -6.807448963964198185e+00
-3.028636623993490318e-01 6.762284866112519000e-01 -1.050878098883366007e+01
-1.209269795210451015e+01 -1.528836008565785942e-01 -4.840844144278837469e+00
4.328394961062910440e+00 9.559295190535802567e-01 -8.889367346751015475e+00
6.294614484294953627e+00 2.962293759953837924e+00 -7.279232199761625388e+00
4.406774603126764056e+00 7.384998118541968859e-01 -9.558727519115418403e+00
-1.014402728733929138e+01 -6.378907340253984204e-01 -3.104574476179073006e+00
-1.190368862757772561e+01 3.823393735072803667e-01 -5.642874260731664648e+00
7.992785322522232505e+00 -2.408230060569595210e+00 -2.125697569505339501e+00
1.029977298750952386e+01 -1.901257941055338518e+00 6.896822267696458120e+00
-3.794865365081290243e+00 3.051112860136258931e+00 4.577389944797326748e+00
6.221473577460827187e+00 8.788431907861374848e-01 -7.146925799333661011e+00
-8.084838747214474708e+00 2.448929676838987213e+00 -5.806841230748733575e-03
7.380838363404614633e+00 4.914369638163995080e-01 7.888167606920611696e+00
1.418751315523460477e+01 6.765106121053227062e-01 8.242666095318581299e+00
6.690094387964673039e+00 1.538276964909537359e+00 -1.054241215668386467e+01
5.150295653100172899e+00 -5.196514084586925541e+00 1.466355098218511177e+00
4.863423137599511392e+00 1.933206019800062903e+00 -1.097128316724487362e+01
-1.315983370304156530e+01 -5.980322498461006830e+00 4.554105730260793017e+00
-1.137162682012128734e+01 2.669564136593141956e+00 -3.976352670180169024e+00
-1.097538448508388065e+01 1.488594086932261362e+00 -1.997203372362757356e+00
-1.624785064373221388e+01 -2.883746388365559188e+00 -3.441931467834467018e-01
5.327746890611970265e+00 -2.810339990069810945e+00 -7.084680809517941213e+00
-1.120051648533109301e+01 6.742106281775924748e-01 -3.812981230953537359e+00
1.812931158585989300e+00 -6.495001941377276378e-01 -8.566061205981047033e-01
-3.829921663892153383e+00 2.395224990223247197e+00 4.944904726416713636e+00
7.992785322522232505e+00 -2.408230060569595210e+00 -2.125697569505339501e+00
1.505379244234144487e+01 2.298813713142378035e+00 3.607625668525632268e+00
3.946269333116793732e+00 5.582964425716783197e-01 8.740417066663335177e+00
1.569669558216365424e+01 -2.163693911687315286e+00 5.806011092511884186e+00
4.906757565114043373e+00 1.838573434699702691e+00 -5.776309530366249945e+00
2.890943243259160411e+00 2.778362750640663847e+00 -3.695132590542967499e+00
4.066731543851537012e+00 -1.574335501700304230e+00 -5.167274239147626069e+00
1.496496498153684662e+01 3.056222357830403524e+00 2.206718105052203338e+00
5.800511185181416174e-01 -7.494151328945923840e-01 8.187238173875375224e+00
1.633116516830290132e+00 -4.348480183003591293e+00 -4.180163907464510054e+00
1.050896850398642712e+01 2.873175197251917612e-01 6.808812948539619825e+00
7.503294780550574750e+00 1.309512862071352091e+00 9.023626957094950995e+00
-1.152525494015691265e+01 1.626147567582435505e+00 -2.554278872689960789e+00
-8.402079606460372219e+00 1.740411473334702031e+00 -6.800139580292666741e-01
-1.534500691573923348e+01 4.635745736211040469e-01 -4.722251599504049047e+00
1.114558278581315598e+01 4.462593582569581940e+00 7.030395561153371276e+00
4.298889304333979311e+00 -5.432442825010310727e+00 -2.596126142945262227e+00
1.110737893362769313e+01 2.002244214759484109e+00 9.154237784580377735e+00
-1.570163516842714024e+01 -3.650683597859433194e-01 -5.459520118058536653e+00
1.453414031351455726e+01 2.264517119055603267e+00 2.574099656882646858e+00
1.765224761826410571e+01 3.574654898238100120e+00 -1.054803491530558013e+01
6.323274545626709653e+00 -4.915244722091812180e-01 -6.360480905515134786e+00
-7.071616655992654543e+00 -1.273763363800958670e+00 8.733158024656832552e+00
1.362120379962399763e+00 7.274967866549739703e-01 -8.990939731647083377e+00
3.559254344004153747e+00 -6.063458285612331800e+00 -2.755376823247976503e+00
4.090781275093744895e+00 -2.158422541019357155e+00 -3.675603067123201839e+00
-9.970944022218645841e+00 1.695065994382780383e+00 3.400349450531855222e+00
-1.428014695621455843e+01 4.773507497088841367e-01 -3.545488035257291060e+00
1.011836876790055939e+01 1.871208124417236718e+00 9.525808476443426542e+00
1.241766914383967269e+01 -4.254100044656026758e-01 1.687109438995048505e+00
7.767762365908765787e+00 1.645078559528627249e+00 4.574997947615706551e+00
3.468133547694398633e+00 -3.624689786416141590e+00 -4.891664964722249209e+00
8.504945223279619881e+00 2.980309976909092384e+00 8.741422001831729460e+00
1.047777661510629699e+01 3.384477518674472662e+00 6.732139730333018157e+00
1.218557388978995881e+01 -2.387646859476469263e+00 2.774422906624030460e+00
1.214623281393092391e+01 -2.420251132470369715e+00 5.479945232855109261e+00
1.158392979004605117e+01 -3.291851897018634787e+00 2.832348533294253734e+00
-1.371359291950675896e+01 -2.515356150057073137e-01 -1.498699915525488757e+00
1.332034155808050890e+01 -1.316078895962983886e+00 2.662920834905186496e+00
-3.455557042975560211e+00 3.090387975274479171e+00 6.197492666890771496e+00
-4.682309027222864906e+00 3.061261304695767738e+00 6.046952797230789933e+00
-1.151238876054652138e+01 -6.469826078523595037e-01 -5.595487277246646407e+00
-1.236247674682983622e+01 2.110215352148514079e+00 -2.293496230277153103e+00
5.163201038112687158e+00 -2.337750646923203099e-02 -4.733197496174240904e+00
4.196660585010442368e+00 -2.401846426198388507e+00 -8.264748315090426622e-01
-1.535947699068590033e+01 -1.307676883033534132e+00 -7.007659308345512095e+00
-7.055713859368387020e+00 2.088011690299188761e+00 -5.790553833359395330e-01
6.622512353844697053e+00 -1.974777424040498275e+00 -1.424114881164576962e+00
