1.865069450498916837e+01 -1.348812113934648060e+01 2.652996535592919614e+01
2.984942012788213805e+00 -2.224127448435126553e+01 -2.017500344835261217e+01
1.727902345462588807e+00 2.120410204355353301e+01 -2.363384152233712232e+00
1.195892516454050103e+01 -9.788080091788751602e+00 3.136481771603444102e+01
5.135481473711059230e+00 2.148550964618468839e+01 -6.162442288185327044e+01
1.281104623669826381e+01 -1.805048387161655299e+01 2.994161302635146171e+01
-6.551439749796545975e+00 -5.537279728008347668e+00 -2.146918905973771530e+01
-2.433432392674484745e+00 -1.568017977359178694e+01 7.453816013373951499e+00
-1.154979922688530536e+01 1.366077613696789150e+00 2.046706008667566579e+01
-9.045010250342425451e+00 1.782446152142709295e+01 1.976121386048825102e+01
1.893215710960497944e+01 1.646818325466031752e+01 -2.684968935140963708e+01
-1.325896275827205173e+01 -2.125647436502425336e+01 -5.744734912970108631e+00
-1.230320342304648484e+00 2.070747564367374238e+01 1.484482953563998109e+01
1.227071269738459058e+01 2.032515182745672888e+01 -2.497046603625250683e+01
1.585450820470123112e+01 -1.268640550104045239e+01 2.959994430456631420e+01
5.400086163238489334e+00 1.477137023877580191e+01 2.525379599571982681e+01
-1.728578702096976372e+01 -6.017069351196472127e+00 -3.492896026729381731e+01
-1.810302589458570566e+01 -2.209532502247700947e+01 4.606631897399330877e-01
-1.362837784207682645e+01 -3.556898866888738464e+00 -1.603673400799553406e+01
-1.131640488007136547e+01 1.137380674997012697e+01 2.358491253017308154e+01
1.759655612916683376e+00 -3.354945025744744846e+00 2.680496584929980131e+01
9.561945754441950385e+00 -1.541278753797838164e+01 -2.360167619110613657e+01
-5.933601828214001728e+00 1.963336573769418081e+01 -1.605238216535537177e+01
-6.489128313199221232e+00 2.261430875484653313e+01 -1.951787355960506432e+01
1.919266286301626323e+01 -1.290526321478032834e+01 1.512440674359494075e+01
1.188222134260484175e+01 5.846922475925132368e+00 2.454044285941679249e+01
-3.345058313625770552e+00 -1.649682980468264404e+01 -2.608935679602331348e+01
1.311143467944961216e+01 -1.085368456600992282e+01 2.886761532810881192e+01
5.011212476273301242e+00 -1.533070189670453587e+01 -5.651570262942636091e+00
-7.584726657123848526e+00 -2.330754717960215672e+01 -2.143891642416810583e+01
-1.341417261244462544e+01 -2.376895799174455703e+01 -2.225401668376183473e+00
2.493005177793876204e+00 1.908881101850432138e+00 -3.110262736121583416e+01
1.095635662370650287e+01 3.625046938714598266e+00 2.698756386787652506e+00
1.953625762571348901e+01 -1.403231232757362434e+01 2.724695985416946087e+01
-5.430452370945501706e+00 1.494635890053996619e+01 2.721914792570098385e+01
1.391903574947882305e+01 1.726470469034534361e+01 -5.206949361199163917e+01
-1.180428878351870914e+01 -2.430630822466807928e+01 -8.453746878816669197e-01
-1.518239706676411593e+01 -2.236938410263069343e+01 2.412838306860343618e+00
-5.243808342227394448e+00 1.806676511926523432e+01 2.147612938084315104e+01
-3.528715511908114166e+00 -2.344301831419323534e+01 -1.328830761001112037e+01
-1.188451253373209671e+00 1.214471435357435425e+01 -4.682382912079351200e+00
1.225919847583102040e+01 1.247519568051947481e+01 -5.436963247246927011e+01
3.714181901974672684e+00 -2.124740382909514835e+01 -3.649122760117336384e+01
-8.956089690080123233e+00 6.705966054625512207e+00 -1.480867087659598091e+01
5.738049693832084408e+00 -1.048607785869414322e+01 -3.427095439208397210e+00
-1.253262643209470006e+01 1.929447214897807683e+01 1.506380161891920366e+01
-9.829929191364424668e+00 2.111488270592083161e-01 -5.239310720807772270e+00
-1.220133341419176531e+01 1.210581184007209643e+01 -3.503731964490214779e+01
-7.350826053552173889e+00 -1.084517063800272929e+01 1.106590897329097700e+01
6.711306267846262053e+00 1.129506956846356935e+01 -2.400741391572162797e+01
1.618641496184580220e+01 -1.516555432072016174e+01 1.418485132406454241e+01
-5.685594796962990749e+00 2.388083129854955899e+01 -9.752290543862752514e+00
-7.639246236086282060e+00 1.094187477459426638e+01 -1.344286926710228425e+00
-1.547076182512050302e+01 -2.451109794530807307e+01 -1.536890984916107206e+00
-1.060232807102196517e+01 -2.567930294348144926e+01 -1.519828021106763849e+00
7.594343265491091399e-01 1.299925790478026499e+01 2.148595920675485971e+01
1.047379631583801896e+01 1.727132800915767774e+01 -1.970326704601988554e+00
-4.112379684352010401e+00 2.316021879745333578e+01 -2.876244523378001361e+01
-5.997355350019399012e+00 -8.279474724259149321e-01 -2.635144486901894822e+01
1.653655251637594858e+01 -3.979787392213239627e+00 2.735223152745523834e+01
5.400086148792720309e+00 1.477137023726335840e+01 2.525379600066422014e+01
1.073193208763205497e+01 6.201981149546432981e+00 -1.893546129495839336e+00
1.933441794380963863e+00 1.118620382478105668e+01 6.965295672173261288e+00
-1.120882274370586096e+01 -1.462072039277460256e+01 8.029518197676171809e+00
-1.237901399130565494e+01 1.295663408283968998e+01 1.526298495001772793e+01
-5.762986892318453513e+00 3.916326636168652175e+00 3.006922742512528401e+01
-1.511420237338113459e+01 -2.377723361807608526e+01 3.081467248284809113e+00
-8.563356248129913695e+00 1.376123261851743784e+01 -3.972487100320609699e+01
-3.131698342115645683e+00 -1.259080550435496981e+01 1.701426431561567476e+00
9.475890177151294225e+00 7.124095805281704941e+00 -2.057332051143943730e+01
-2.083284392062506285e+01 -1.156962980380945716e+01 -1.166289814115076418e+01
-7.455677907377888936e+00 -1.829734139697289308e+01 6.133131031325082638e+00
-1.391353239493353433e+00 -2.078608348366623204e+01 -2.475903751245790474e+01
1.734212838031456982e+01 1.173996349551395291e+01 -4.590059006303004452e+01
1.575665151317201129e+01 1.005069780607158902e+00 7.462137203709409583e+00
-1.253521902943644051e+01 1.427945125117649816e+01 1.408392949026534069e+01
-6.397217311427918496e+00 1.801420872268718298e+01 2.501295989568021483e+01
-2.219162218974613054e+01 -9.469018338718290906e+00 -6.395636135067293004e+00
1.779767286427954076e+01 -1.025026129415535969e+01 2.926071015300565747e+01
5.197119247117965912e+00 1.228825737116119932e+01 2.693315898104078343e+01
2.663320598076487133e+00 2.343962430568319100e+00 3.359901878413437970e+01
-2.106721742398101060e+00 6.760690205496581839e+00 3.045055233369771841e+01
1.272037652106718708e+00 1.701944448558575829e+01 1.595345698007971968e+01
8.402231945339426744e+00 -6.255320402118123013e+00 -9.192573348391652743e+00
-1.353761403165367838e+01 8.272550301968331965e+00 -8.358503536360112562e+00
6.559071469620098682e+00 -6.047710255533758961e+00 -2.119074020806604963e+01
-1.002402117746888166e+01 9.202023793210390323e+00 2.278017844754577936e+01
2.032613873942780458e+01 1.420157470923531484e+01 -2.075411787478407533e+01
-5.029765186377073150e+00 2.266656353042635907e-01 8.181406162022707207e+00
-4.450564234977065325e+00 -2.147833271493241014e+01 2.356236696570958300e-01
1.590015640946504227e+01 -1.289608293987941856e+01 2.118311787561848547e+01
-1.266312830472591244e+01 7.936768840820591642e+00 -3.154839106240334701e+01
4.301153991718015490e+00 5.807774892154001556e+00 3.008940043908858897e+01
1.043775314296230583e+01 1.149743551797102192e+01 4.473199213902240956e+00
-4.648926920506460725e+00 2.206552964670429873e+01 1.755514321526834465e+01
-2.867940562478457966e+00 1.924816721943581399e+01 -2.459871927987351103e+00
-1.763010335853133270e+01 -1.520067934800718668e+01 -8.495360647354209149e+00
-4.462999387095903714e+00 8.380354025207004121e-01 -2.153085025575874312e+01
-6.126665471598425228e+00 1.227795045283918007e+01 -2.584750439703947578e+01
-1.792655142149276770e+01 3.492975837356746993e+00 -1.659206105279031718e+01
-9.256341031382962825e+00 -1.540427178437402134e+01 4.005762705747407892e+00
-1.215159449928408719e+01 4.840528595445815263e+00 3.795253321962937854e+00
-4.318222490137543446e+00 1.678309194102495283e+01 2.280570950550130505e+01
-1.052746834883276250e+01 -2.309395218286059759e+01 6.895259500299837363e+00
-1.134425777771250665e+01 2.369131033938687292e+00 -1.741106613703585282e+01
5.826589324880206533e+00 1.671983087051349415e+01 -8.634489488256397394e+00
3.617408841555697085e-01 5.332971101861441632e+00 -7.485927633006845383e+00
-1.503402707969102714e+01 5.235444171307139349e+00 -8.018667375109558293e+00
1.088907381698484222e+01 -5.162577613089617046e+00 -1.774356166724503581e+00
-1.226980081513812593e+01 2.044572750573333053e+01 1.617886927084102977e+00
1.924605789798051703e+01 -6.947559290512745456e+00 1.861504736480765487e+01
5.406172738733638905e-01 1.990355628486996409e+01 -5.590968734414091301e+01
1.040409892199385400e+00 1.869598723585889033e+01 -2.099567974473084320e+01
1.193139156412005875e+01 -3.849735735174761864e-01 -2.668490752802294708e+01
-7.959951857452975510e+00 2.227843791182663580e+01 1.446256898570334393e+01
4.197151662131414440e+00 5.885112259447731198e+00 -9.856511055321893977e+00
-5.750334486098836351e+00 2.218624755258101544e+01 -3.882060311276975284e+01
1.873375073068180408e+00 5.717911886441669367e+00 2.705502562396674193e+00
1.275315298447279311e+01 -3.316659334670927217e-01 1.824817403930356363e+01
-7.351038581490957569e+00 2.148099275984951362e+01 1.428323876853258056e+01
1.753731597668274844e+01 -1.602849843296046117e+01 2.314133320536013017e+01
-8.223292550872390194e+00 1.604729721212054372e+01 -1.516601081505007365e+01
5.853790120147537301e-01 -1.773064042245410477e+01 1.086505796319632999e+01
-5.238762187716696772e-01 -2.035224494368902626e+01 3.428969712211384913e+00
6.692091146019509829e+00 1.882224469238782394e+00 2.128056470323921978e+00
1.811217280026868082e+01 -1.287505196437138721e+01 2.762213236175556474e+01
5.545888059209707066e+00 2.458077369949153379e+01 -2.273790654826339974e+01
-9.084267242826305377e+00 2.578447096513627468e+00 -2.159922634117782536e+01
-4.563033142534022701e+00 6.427258257113218853e+00 -1.570954839512332057e+01
1.421841301141519942e+01 1.311677660832611458e+01 -3.489208275536252302e+01
5.833526724029835187e+00 -2.763274649589380516e+00 5.658587525726868073e+00
9.639230327685991639e+00 -1.277785119361768640e+00 7.985371589678267767e+00
1.267666068238701804e+01 2.285486225472862998e+01 -2.066830183992704306e+01
4.535544209056303622e+00 1.797813774814511234e+01 -4.123121532425056301e+01
-1.797627980088288169e+01 -1.857502995217755171e+01 -3.540490460951397633e+00
-1.091166496037039302e+01 -1.477581693607475932e+00 3.992114156747470943e+00
9.079829450766675691e+00 5.081065624898526423e+00 -2.478981333877653270e+01
6.026021390113322163e+00 -2.497417711168362864e+00 3.225143897406041305e+01
1.696477330123880733e+01 -7.121333525531430730e+00 2.627702579846445019e+01
8.757270912364871762e+00 1.847169641288673603e+01 -4.045197508071073855e+01
1.433638259980904728e+01 -1.493211039964860376e+01 2.921177641637211764e+01
1.817436762041352338e+01 -2.694940197920104197e+00 -2.187594910698374306e+01
9.639230590327848347e+00 -1.277785305245611402e+00 7.985371458776496567e+00
6.881250259443080886e+00 -1.628470372076126438e+01 2.546368137301366019e+01
1.521030783548122933e+01 -1.525508351637729376e+01 2.012853488029027815e+01
8.606006237122477032e+00 -1.308903382416596628e+01 3.488892741458226254e+01
2.976306933638617203e+00 -2.006118757499513805e+01 -2.696506543343086193e+01
1.458391123935167677e+01 -5.135960206750692869e+00 2.992380030162581050e+01
8.203140402373149342e+00 -1.466294135275972721e+01 2.711693815671333141e+01
-1.582363550316081380e+01 -1.823965190455525232e+01 6.040508714257267542e+00
-1.906134833730515510e+01 -8.830424454439439685e+00 4.984852089666236274e+00
1.342840376119422885e+01 -1.653507623811189831e+01 3.047264612501458103e+01
-6.397467373432013105e+00 1.801410502694780646e+01 2.501298005740814645e+01
7.597788010996675556e-01 1.299936849970806918e+01 2.148588666447486872e+01
-8.826711562038179082e+00 5.031079551172804365e+00 2.769091856845152222e+01
1.593297890629507307e+01 1.154097739364847186e+01 -1.339349778712425909e+01
-2.446971834175335481e+00 7.914076630750813912e+00 -1.371971779439082439e+01
8.023843892371823827e+00 -1.709041984760237298e+01 2.029302956473197739e+01
-1.038304111706248278e+01 1.674765845542444609e+01 1.995479248266558514e+01
6.910468729582730951e+00 1.120205274173661181e+01 -2.399790619396172886e+01
2.406721035107657336e+00 -1.043286994413215218e+01 3.011838086078688193e+01
-1.102274522790940559e+01 -2.436297157116153755e+01 -2.280494225277814024e+01
-1.023544077695459542e+01 1.842366617105193427e+01 -2.286016706981654067e+01
-1.197178172104149318e+01 9.219064978382045084e+00 -1.549664195265215128e+01
-9.424547096508936406e+00 1.037781212178910373e+01 -2.934715806620853584e+01
5.614489470645234181e-01 1.178499490489572032e+01 2.723055236346044694e+01
-3.341450972410921594e+00 1.830584357496722347e+01 -3.771660081114929142e+01
-3.043393310272840768e+00 1.230975372956730318e+01 2.672132286691784131e+01
-2.557582921854537172e+00 -7.431345883536933705e+00 -8.123749243795504782e+00
-1.584039700732380673e+01 -2.213113960259413648e+00 1.461972089554411802e+01
-1.646961838225484343e+01 -2.283353863143512186e+01 -1.124084961969156282e+01
-8.116630980547199670e+00 -2.390188999004241310e+01 -3.681412754450213320e+00
-8.583679760914934675e+00 -2.212071429192124938e+01 -1.116101795362722093e+01
1.324319442567367489e+01 3.429419664029134118e+00 2.664386350176360096e+01
1.064947622473832212e+01 -1.447612147327702914e+01 3.001826819849095784e+01
8.846394067541142547e+00 -1.728765420123305319e+01 3.044056970760124514e+01
-1.445096836602893475e+01 -1.550604322784300315e+01 -1.139284606886663909e+01
1.231438190220634432e+01 2.172100898712471562e+01 -5.478431117605414613e+01
2.397690893692243197e+00 1.032002708437612881e+01 -2.481988400040189546e+01
-5.970062584502712433e+00 1.256570069162823522e+01 2.729068872291808390e+01
-2.172112114937753091e+01 4.605054835149092973e+00 -1.240661043127193608e+00
-1.372519082608652186e+00 -2.068970807985809301e+01 -1.949791152849886799e+01
-1.573538127773018225e+01 -1.261507104035780635e+01 -3.587240115756610948e+01
2.687395075832451852e+00 1.494976479103057976e+01 2.441548950303264931e+01
8.606006707724802141e+00 -1.308903360008997119e+01 3.488892738691153284e+01
1.575665151347836179e+01 1.005069779422143483e+00 7.462137203242868999e+00
1.453892648937417853e+01 -1.612438257290063959e+01 2.935442374192623660e+01
1.595717140245471022e+01 -1.326472777549330218e+01 8.576883057880669625e+00
5.691825956227664740e+00 -9.984011903509589558e+00 3.455416290397137402e+01
8.429583703709843334e+00 9.691897348457253258e+00 -3.067387248406774791e+00
-1.213954211015651374e+01 -9.768668769685195485e+00 -1.834553577983191275e+01
-2.380076202522637985e+01 -7.693117697173179614e+00 -3.216440418409782787e+00
-1.938804382990588238e+01 3.607910029197766377e+00 -6.694376724841967885e+00
-5.778081400208972873e+00 1.348576998681107142e+01 -1.017615089450390009e+01
1.881339633850373616e+01 -1.294155357646041082e+01 2.088095814261706096e+01
-1.174073551393862402e+01 1.870825892765857290e+01 -1.801474298612401626e+01
-1.202781213370447055e+01 -2.161159374081971052e+01 5.346815708587555616e-01
1.798382453307596407e+01 1.933642699316478542e+01 -2.001200918498603798e+01
2.420498115185232724e+00 -1.925988603607116900e+01 -8.736780752857915999e+00
-3.861325399360621691e-01 -3.890215908398082956e+00 1.077775536572225157e+01
1.772476656434625264e+00 1.865336068713437001e+01 -4.001785135479214262e+01
-7.876324135323322650e+00 1.887410090270498486e+01 -7.833328029683241489e+00
-1.066236008198161223e+00 -2.855581702606693195e+00 3.153172167423695527e+01
6.855461894514778720e+00 2.449979736236582184e+01 -1.001547302669552764e+01
9.902895586925312799e+00 2.858571604113298026e+00 3.067669701588847886e+01
-1.295895530046676347e+00 -5.847853364644135077e+00 3.109101710484793202e+01
3.910286285423508534e+00 -2.112132376404812106e+01 -2.597229359241190849e+01
3.526852404119325435e+00 4.134241535153734048e+00 3.262589311259066704e+01
8.103386296499994756e+00 -7.842341087132743915e+00 3.406771620263078404e+01
1.344947626363963700e+01 -1.119504200857770293e+01 6.285777216591172945e-01
-1.174981529696227689e+01 1.906861150453875453e+01 1.573611714474662371e+01
-1.033172445534495942e+01 1.437531572999245810e+01 2.615090073476664756e+01
-9.673481732086749219e+00 1.052801757377662994e+01 1.813270012170670498e+01
-8.341094522437007441e+00 1.673067902921377526e+00 1.628923318339722570e+01
1.652150222208786445e+01 -4.080874866554638380e+00 2.272765050540092702e+01
-1.324664695434290707e+01 -4.361148138684345810e+00 5.999303084226990102e+00
6.991447467241379554e-02 2.042036561756787805e+01 -8.561203967467843512e+00
-6.526841796853659616e+00 -1.658711153690943618e+01 1.008103417978363581e+01
-1.211310473180521363e+01 -1.009833358531577474e+01 1.018386971121301698e+01
8.650302694027965700e+00 -1.745762106279282477e+01 2.885569800841328103e+01
-2.025652579234624273e+00 -2.087981481762552960e+01 -3.360676420775080686e+01
8.494368969590233576e+00 2.539338444309187892e+01 -3.909201547845833602e+01
-1.667579263396164535e+01 -3.399989717862006433e+00 1.191433925574339803e+01
1.765101980215203881e+01 -1.498894781015633626e+01 2.139268055841944616e+01
1.644898081719756178e+01 -2.121579550715386286e+00 -1.256840246191139165e+01
-7.030556025172622014e+00 1.367917114377656063e+01 2.619510985990021013e+01
5.769439092139950098e+00 -1.687316039732019135e+01 1.906363862311017243e+01
1.819223754115188285e+01 -9.922082331831425961e+00 -2.344903794773048133e+01
9.066269778656893763e+00 -1.646939982161392280e+01 3.331044165784093991e+01
-6.330763965807823190e+00 -2.308954869517071629e+01 -3.049464153060407856e+00
8.683729082374943786e+00 -1.818413749403406143e+01 -1.452107165136714428e+01
-2.734492678191795534e+00 -2.349117716901844943e+01 -1.071815665018452712e+01
1.653655251626267031e+01 -3.979787392214742425e+00 2.735223152752006115e+01
1.143201718838536785e+01 -1.729534742062350716e+01 2.964495177286859118e+01
-2.236103422495436988e+01 -1.563318424659839501e+00 -9.933113245353364817e+00
-9.361702065131074946e+00 1.843678105691605751e+01 -3.063163863240796658e+01
-1.152851792340422321e+01 1.795245327495523213e+01 1.755230981213033914e+01
-1.223931604694548980e+01 -1.767859149469031621e+01 7.419664767668889382e+00
1.544021961855954084e+00 2.124472186909104554e+00 3.124482574453944395e+01
-1.159524831348492935e+00 1.240256480811947526e+01 -1.826601633381558187e+01
2.602838899110637261e+00 1.558344090993334419e+01 -3.878650014606615315e+01
-3.331510926069321421e+00 -1.554817567489330088e+01 -1.074511723289555221e+01
6.555076466583793504e+00 -6.047729213795425274e+00 -2.119163140341631291e+01
5.452231699094732598e+00 -1.334999603589598394e+01 -2.580145228683147707e+01
2.140174964876605657e+01 4.675457574071180566e+00 -1.254079796520154844e+01
1.410272052975606805e+01 -9.685040311757857623e+00 3.126534286571884635e+01
6.881771528328495258e+00 -7.766827221082293065e+00 3.572174886139417538e+01
1.387424660693127265e+01 -3.415268342147101954e+00 -6.164390617400179018e+00
-1.454317008797019106e+01 -2.406265893611424644e+01 -1.698802408025175126e+01
1.701720432005971517e+01 -1.040371886059340945e+01 3.175023971918971100e+01
-1.814097224389680463e+01 -5.570931790123269778e+00 9.665498222453420496e+00
-1.079917791989227815e+01 2.044338327823544077e+01 1.556648465065298126e+01
-2.236103422495443738e+01 -1.563318424659732475e+00 -9.933113245353306198e+00
-1.224766222722097098e+01 1.180998677837789934e+01 -1.115166453395315571e+01
-1.078793296309869199e+01 1.062798004021550291e+01 -1.075582702030210847e+01
2.348906077413941063e+01 1.372500743239126741e+01 -6.995741894252167015e+01
-9.906396507497921888e+00 -9.440403250873934837e+00 1.119108052460967784e+01
3.975492276836750438e+00 -5.051956977327350273e+00 -1.306208389747437337e+01
-1.607343381494753132e+01 -1.606304146426711910e+01 7.619968541275806473e+00
1.900351401737706003e-01 8.942145604799767167e-01 -1.101306221594362711e+01
-3.590560285728864542e+00 1.120409923131287222e+01 -1.289266536719802048e+01
-1.401167033314048105e+01 -1.843309723998606842e+01 -1.936558612288724746e+01
-6.343828738210149254e+00 1.403937045517483462e+01 -2.134130108870703424e+01
4.939981188770266041e-01 1.196575414341212351e+01 -1.295826623532275690e+01
1.322382704515246488e+01 -7.153346778636239023e+00 3.341976996310513215e+01
7.300079559670028750e+00 1.461886198092891664e+00 2.776150059855162411e+01
1.545205421577851546e+01 -1.770801772340452729e+01 2.169250768035921695e+01
1.805646531929294696e+00 2.144431689988887513e+01 2.923511976248822641e+00
-2.212317835372009966e+01 -6.137628594308548458e+00 -2.067774251850027412e+01
4.161790092036704358e+00 2.781777878771160317e+01 -2.242964437715400194e+01
1.291209775992382092e+01 -1.556068688856995763e+01 1.664313564079940022e+01
4.631669100103345649e+00 5.086026372635873649e+00 -2.013592384652120515e+01
4.809449198144040594e+00 -3.449639240890628233e+00 -4.395224078085331776e+00
-1.401397183500413846e+01 -1.741656815659223412e+01 -7.456195127062808403e+00
4.212874346656463764e+00 1.933576043447252246e+01 5.700948075309072216e+00
-3.934563034076633770e+00 -1.864935610059039917e+01 6.055944235128074560e+00
-1.783943032796811679e+01 -1.000674046059834232e+01 -3.417301120432595241e+01
-1.951108886311621049e+01 -1.341247856454090659e+01 3.030949865287920986e+00
-4.996546740197951308e+00 2.706819305092990735e+00 3.194334845812526424e+01
1.803994045020201753e+01 -1.597221552548056778e+01 2.669472504693583303e+01
1.106629327168156429e+01 1.926787231636643583e+01 -2.113941166367087376e+01
5.588693292734472351e+00 1.722807598752702063e+01 -4.957210694680332375e-01
7.765229263041406149e+00 1.809430692269368146e+00 -2.947104120442821085e+01
-1.752393469229060941e+01 -1.555238310916962341e+01 -1.348488394999431961e+01
7.912817469831313844e+00 2.404810828769779008e+01 -2.888905385414495086e+01
7.483423895129213577e+00 2.837766567103025395e+01 -1.870619344010200891e+01
1.647607706198478894e+01 2.391252512829771248e+01 -2.862168544011807825e+01
1.140353410717782623e+01 2.741164318701445168e+01 -3.568091185019695644e+01
2.134279519150181059e+01 1.868339353548462611e+01 -2.932835040340283328e+01
4.631750249112695172e+00 -1.227340128945736630e+01 2.915120453905533893e+01
8.199739638985095169e+00 2.311486986410249145e+01 -4.148605061699313978e+00
-1.236522184635790289e+01 1.672162857171656114e+01 7.583538379614897629e+00
-5.989310929502194014e+00 1.531280954331799649e+01 1.553437213999149868e+01
4.015736631613906482e+00 -1.479592268818669432e+01 3.087137500762381848e+01
1.130710311305348448e+01 -1.038526346039361492e+01 2.852691198453778298e+01
-2.011360515438880725e+01 -1.177255749791981820e+01 3.640842801673107032e-01
-1.671365883636940097e+01 -2.390039761864232393e+00 2.888471597558214032e+00
7.467489663501674535e+00 -1.402784887983212769e+01 1.055756712445409917e+01
-2.368930544036123909e+00 1.089040994174594434e+00 3.170161842112658235e+01
-2.172112114937755223e+01 4.605054835148999715e+00 -1.240661043127201602e+00
