-3.599152755737304688e+01 8.209595489501953125e+01 -5.791024780273437500e+01
-8.619789123535156250e+01 1.029549484252929688e+02 6.944553375244140625e+01
1.028978347778320312e+02 -4.177742004394531250e+01 4.050419330596923828e+00
-7.260396575927734375e+01 1.539143085479736328e+01 -8.113372802734375000e+01
2.451920318603515625e+01 -6.668749237060546875e+01 8.430316162109375000e+01
2.747670364379882812e+01 -1.413429870605468750e+02 -5.492039871215820312e+01
2.417459106445312500e+01 2.135817909240722656e+01 4.788089752197265625e+01
-3.857758712768554688e+01 8.012389183044433594e+00 1.906371307373046875e+01
-8.248793482780456543e-01 2.433064222335815430e+00 -2.921804046630859375e+01
7.856440734863281250e+01 -3.874152755737304688e+01 -7.647682189941406250e+01
1.250585250854492188e+02 -9.566036224365234375e+01 2.035326004028320312e+01
-1.099517631530761719e+01 9.820964050292968750e+01 7.012097930908203125e+01
4.768723678588867188e+01 -8.817249298095703125e+01 -5.521633911132812500e+01
3.712994384765625000e+01 -6.504756927490234375e+01 2.733142471313476562e+01
-2.133695983886718750e+01 4.862335586547851562e+01 -6.035269165039062500e+01
3.012661170959472656e+01 -6.719039154052734375e+01 -8.665224456787109375e+01
-1.787385940551757812e+01 2.985177040100097656e+01 1.443479156494140625e+02
2.897121238708496094e+01 8.464718627929687500e+01 -1.381000900268554688e+01
6.656774902343750000e+01 1.932939147949218750e+01 1.341052551269531250e+02
-8.771921539306640625e+01 -6.815306091308593750e+01 -2.307083320617675781e+01
-1.131982650756835938e+02 -2.768868446350097656e+01 -2.925061035156250000e+01
-7.647033691406250000e+01 1.021297378540039062e+02 1.170007419586181641e+01
-9.397321319580078125e+01 -6.631821441650390625e+01 5.896915817260742188e+01
7.924437713623046875e+01 -3.923751831054687500e+01 3.734220123291015625e+01
-1.254671020507812500e+02 6.068468475341796875e+01 -6.641255187988281250e+01
-2.724969291687011719e+01 -5.148585128784179688e+01 -1.102780838012695312e+02
2.288034057617187500e+01 1.097309036254882812e+02 1.123275451660156250e+02
-2.903852272033691406e+01 4.015420150756835938e+01 -9.936165618896484375e+01
-1.248103332519531250e+02 5.468238449096679688e+01 3.139918518066406250e+01
-9.907722473144531250e+01 4.048449707031250000e+01 9.578829956054687500e+01
2.314801788330078125e+01 8.111036682128906250e+01 1.642723846435546875e+01
2.641393661499023438e+01 -2.762189674377441406e+01 9.564778137207031250e+01
7.245908260345458984e+00 5.042705154418945312e+01 -9.939540863037109375e+01
-4.870203781127929688e+01 6.051287841796875000e+01 -7.680059051513671875e+01
6.176515197753906250e+01 1.162742004394531250e+02 1.842185020446777344e+01
1.067633972167968750e+02 4.064752578735351562e+01 -1.112256011962890625e+02
-5.916736221313476562e+01 3.786396408081054688e+01 6.011047744750976562e+01
1.167316360473632812e+02 -1.170680999755859375e+01 7.511027526855468750e+01
7.426441192626953125e+00 -9.084893035888671875e+01 -6.653962707519531250e+01
-6.493847656250000000e+01 9.146187591552734375e+01 8.659390258789062500e+01
-6.812452697753906250e+01 -1.301044616699218750e+02 -4.860371017456054688e+01
3.671987152099609375e+01 -9.553153991699218750e+01 1.121127929687500000e+02
-1.120894699096679688e+02 9.243408203125000000e+01 8.601226043701171875e+01
8.323987579345703125e+01 5.880401992797851562e+01 7.081636810302734375e+01
-1.162626190185546875e+02 6.828913116455078125e+01 2.288110017776489258e+00
1.069733123779296875e+02 -3.184204864501953125e+01 -7.283651733398437500e+01
4.215955352783203125e+01 3.448316574096679688e+00 -2.600334930419921875e+01
6.494480895996093750e+01 -3.118515586853027344e+01 8.521056365966796875e+01
-9.577594757080078125e+01 6.169909834861755371e-01 7.517802715301513672e+00
2.951494026184082031e+01 -1.365261535644531250e+02 5.211784362792968750e+01
-1.136864318847656250e+02 7.313979339599609375e+01 -4.422944641113281250e+01
6.267328262329101562e+01 -1.120816955566406250e+02 -2.460275650024414062e+01
6.575247287750244141e+00 -3.570217132568359375e+01 -5.561936950683593750e+01
-7.231439971923828125e+01 1.216600036621093750e+01 7.745819091796875000e+01
-5.215316390991210938e+01 -6.709097290039062500e+01 6.986841583251953125e+01
8.573504638671875000e+01 1.056244583129882812e+02 -6.079545211791992188e+01
1.032155914306640625e+02 -9.466431617736816406e+00 -3.050617218017578125e+01
1.088561172485351562e+02 -6.587981414794921875e+01 7.096834564208984375e+01
2.956662940979003906e+01 5.069588661193847656e+00 -1.044279937744140625e+02
-1.586251258850097656e+01 -5.013294219970703125e+00 -7.977404022216796875e+01
4.497782516479492188e+01 -8.371839141845703125e+01 -9.569708251953125000e+01
2.837011718750000000e+01 -5.365874290466308594e+00 -5.257933044433593750e+01
2.094242811203002930e+00 -9.975724792480468750e+01 -2.696780204772949219e+01
1.451678466796875000e+01 4.743416595458984375e+01 2.133536148071289062e+01
1.374380950927734375e+02 -5.600456714630126953e+00 -4.920069503784179688e+01
-4.267065811157226562e+01 -5.932564926147460938e+01 -2.632431221008300781e+01
-8.547225189208984375e+01 2.527625083923339844e+01 5.622687911987304688e+01
8.110890960693359375e+01 -5.716415405273437500e+01 6.928823089599609375e+01
-1.823753929138183594e+01 4.281755065917968750e+01 7.569152355194091797e+00
1.023331146240234375e+02 3.131777191162109375e+01 3.297982406616210938e+01
1.386415195465087891e+01 4.455617141723632812e+01 9.728012084960937500e+01
-3.157744598388671875e+01 2.414570569992065430e+00 1.027828826904296875e+02
-8.361080169677734375e+01 9.271136474609375000e+01 3.865174484252929688e+01
8.693898773193359375e+01 -7.401224517822265625e+01 1.173048629760742188e+02
-7.789252471923828125e+01 -6.796640014648437500e+01 -1.104040069580078125e+02
6.060409545898437500e+01 -3.769972229003906250e+01 -4.611190032958984375e+01
4.061439514160156250e+01 1.227444152832031250e+02 -1.876179575920104980e+00
1.743905448913574219e+01 6.604725646972656250e+01 1.192637710571289062e+02
-7.422682952880859375e+01 -2.149137020111083984e+00 -1.159555892944335938e+02
2.876490592956542969e+00 -5.975011825561523438e+01 -9.174544525146484375e+01
1.188619766235351562e+02 -7.889257049560546875e+01 -7.265805053710937500e+01
-1.921551513671875000e+01 -6.657417297363281250e+01 -5.466096115112304688e+01
5.959287261962890625e+01 -6.486050415039062500e+01 -1.250224533081054688e+02
1.072269248962402344e+01 3.672687911987304688e+01 -1.309037971496582031e+01
-9.326838684082031250e+01 -9.051168823242187500e+01 5.279150772094726562e+01
-9.179132461547851562e+00 -3.163779640197753906e+01 4.436565876007080078e+00
1.634394454956054688e+01 -6.302617263793945312e+01 -5.156505584716796875e+01
1.394484405517578125e+02 -7.789337921142578125e+01 -9.218221664428710938e+00
-9.947488403320312500e+01 -7.691107940673828125e+01 -6.109625625610351562e+01
-6.476385498046875000e+01 -8.137015533447265625e+01 9.952401733398437500e+01
-1.111287307739257812e+01 8.352756500244140625e+01 -8.171294403076171875e+01
-5.491355514526367188e+01 -1.805521697998046875e+02 -3.202952957153320312e+01
-2.586615562438964844e+01 -7.061770629882812500e+01 -8.189299774169921875e+01
8.801148986816406250e+01 1.767861366271972656e+01 -3.196645927429199219e+01
9.680963516235351562e+00 1.448814697265625000e+02 2.324132472276687622e-01
-2.869973945617675781e+01 -1.166777877807617188e+02 -8.374778747558593750e+01
5.802943229675292969e+00 7.957004547119140625e+01 8.072107696533203125e+01
-8.676459503173828125e+01 -1.139274291992187500e+02 -2.549060821533203125e+01
5.076118469238281250e+01 -6.080757141113281250e+01 1.025776901245117188e+02
3.952545166015625000e+01 5.574835205078125000e+01 1.473642425537109375e+02
-3.421069335937500000e+01 6.010755062103271484e+00 5.771586227416992188e+01
1.157901763916015625e+02 -1.362882852554321289e-01 -8.815997314453125000e+01
7.006829071044921875e+01 -1.797984123229980469e+01 -1.005471572875976562e+02
-4.692887878417968750e+01 3.705144500732421875e+01 3.510227203369140625e+01
2.237452697753906250e+01 -1.717738986015319824e+00 1.676879882812500000e+01
-2.988996124267578125e+01 -1.166286468505859375e+02 1.171098470687866211e+00
-2.911750030517578125e+01 -2.582563591003417969e+01 3.298377990722656250e+01
5.014745330810546875e+01 9.077703475952148438e+00 -5.783066749572753906e+00
-1.431169281005859375e+02 3.024943923950195312e+01 -3.928971099853515625e+01
8.207503509521484375e+01 7.851167297363281250e+01 2.574345588684082031e+01
-6.015853881835937500e+00 3.833562469482421875e+01 -1.386650085449218750e+02
7.209243011474609375e+01 -8.689287567138671875e+01 9.030262756347656250e+01
3.727476119995117188e+01 -9.820227813720703125e+01 6.238386154174804688e+01
1.023417816162109375e+02 4.549951934814453125e+01 8.059695243835449219e+00
7.360748291015625000e+01 -6.891571044921875000e+01 -7.350114440917968750e+01
1.029600620269775391e+01 -6.471221923828125000e+01 -1.022593116760253906e+01
5.240206909179687500e+01 -5.790627288818359375e+01 6.192683410644531250e+01
4.938987731933593750e+01 4.255872344970703125e+01 -3.478403472900390625e+01
-2.500485038757324219e+01 -3.456185150146484375e+01 -7.427500915527343750e+01
8.908267974853515625e+01 -5.781147384643554688e+01 -4.741660308837890625e+01
-9.133256530761718750e+01 4.944968032836914062e+01 -5.799228668212890625e+01
8.430664062500000000e+01 7.913135528564453125e+00 5.207373428344726562e+01
-8.665546417236328125e+01 4.602569198608398438e+01 3.876801967620849609e+00
-5.786199951171875000e+01 5.240260314941406250e+01 9.148447990417480469e+00
3.804758071899414062e+01 1.161978912353515625e+01 -6.042737197875976562e+01
9.889015197753906250e+01 -1.167161254882812500e+02 -3.826956939697265625e+01
6.480265808105468750e+01 -7.071717071533203125e+01 3.150510978698730469e+01
6.003792285919189453e+00 -2.279518699645996094e+01 5.964338302612304688e+01
-4.560708999633789062e+01 -3.651500701904296875e+01 8.831932067871093750e+01
9.749719238281250000e+01 -8.405803680419921875e+01 3.135170936584472656e+01
2.631561279296875000e+01 4.462242507934570312e+01 -3.255381393432617188e+01
1.122965908050537109e+01 -7.720543861389160156e+00 1.695619812011718750e+02
-1.077295970916748047e+01 -5.796873092651367188e+01 3.548863601684570312e+01
1.665659141540527344e+01 -1.084287261962890625e+02 8.048327636718750000e+01
-6.657554626464843750e+00 7.010789489746093750e+01 4.143716049194335938e+01
-2.360869979858398438e+01 -8.104940032958984375e+01 1.219672775268554688e+02
1.416678314208984375e+02 5.877362442016601562e+01 1.172414183616638184e+00
1.178623275756835938e+02 2.818645858764648438e+01 1.239797897338867188e+02
-3.970962524414062500e+01 -2.146235704421997070e+00 -9.756945037841796875e+01
1.194381332397460938e+02 -2.193563938140869141e+00 2.515452384948730469e+01
-2.690163040161132812e+01 3.590123748779296875e+01 -3.141948890686035156e+01
5.754325866699218750e+00 2.541345787048339844e+01 -7.624561309814453125e+01
2.497328376770019531e+01 5.468902969360351562e+01 -6.829357910156250000e+01
8.016459655761718750e+01 8.919517517089843750e+01 1.027514266967773438e+02
-1.026343231201171875e+02 4.653987884521484375e+01 -9.624379730224609375e+01
-3.814920043945312500e+01 6.423217773437500000e+00 -3.822713470458984375e+01
-5.091156768798828125e+01 9.231781005859375000e+01 1.273333892822265625e+02
-4.462026977539062500e+01 -1.124240970611572266e+01 -7.239035797119140625e+01
-1.111380538940429688e+02 1.977557182312011719e+01 -7.357018280029296875e+01
2.596068382263183594e+01 9.902352905273437500e+01 -4.970982742309570312e+01
1.072946548461914062e+02 4.704719543457031250e+01 -5.991447448730468750e+01
-9.846595764160156250e+01 -2.934127998352050781e+01 8.504660034179687500e+01
4.548683929443359375e+01 -3.356013870239257812e+01 -8.252677917480468750e+01
-6.123811340332031250e+01 -8.230056762695312500e+01 5.436041355133056641e-01
1.168065719604492188e+02 7.288857269287109375e+01 4.571981811523437500e+01
-1.346382236480712891e+01 -7.887390899658203125e+01 3.667983531951904297e+00
-1.009152984619140625e+02 -9.771055603027343750e+01 2.705370903015136719e+01
-7.959009552001953125e+01 7.222144317626953125e+01 -2.441854667663574219e+01
8.653790283203125000e+01 -5.425777053833007812e+01 -9.902021026611328125e+01
-3.457290267944335938e+01 1.070984039306640625e+02 -1.509673786163330078e+01
-3.646616744995117188e+01 1.147667160034179688e+02 2.792235755920410156e+01
-3.495022583007812500e+01 1.001444702148437500e+02 9.145714569091796875e+01
8.603285980224609375e+01 -1.288188743591308594e+01 3.164446067810058594e+01
1.070245285034179688e+02 -3.739426803588867188e+01 4.350653076171875000e+01
4.878783035278320312e+01 -3.553162336349487305e+00 6.501386260986328125e+01
2.700563049316406250e+01 -4.099837875366210938e+01 -1.082122573852539062e+02
5.267557621002197266e+00 -7.424783325195312500e+01 4.487605667114257812e+01
-7.772395324707031250e+01 -5.608101487159729004e-01 1.257053146362304688e+02
-5.529809474945068359e+00 5.396556854248046875e+00 4.597710800170898438e+01
7.884403228759765625e+01 5.524551010131835938e+01 -6.620581817626953125e+01
5.280162334442138672e+00 1.072714385986328125e+02 -2.085401725769042969e+01
2.739981079101562500e+01 6.629634857177734375e+01 4.854364776611328125e+01
2.672806084156036377e-01 8.062510490417480469e-01 -1.599951171875000000e+02
-1.773154258728027344e+01 -2.951440429687500000e+01 -1.038486404418945312e+02
-3.814189529418945312e+01 2.651772117614746094e+01 -6.809684753417968750e+01
9.969223022460937500e+01 -1.041150474548339844e+01 1.132934951782226562e+02
-1.952858543395996094e+01 5.789171600341796875e+01 1.092738571166992188e+02
5.292444992065429688e+01 -1.228124313354492188e+02 9.200382995605468750e+01
9.085646629333496094e+00 -4.263403320312500000e+01 -1.490280151367187500e+02
2.482977104187011719e+01 -1.109021682739257812e+02 -8.275393676757812500e+01
3.704057693481445312e+01 1.992388916015625000e+01 8.527490997314453125e+01
3.998622894287109375e+01 -5.271248817443847656e+00 -1.482410125732421875e+02
-1.000369453430175781e+01 5.559903717041015625e+01 1.499510192871093750e+02
2.400047683715820312e+01 -7.886082458496093750e+01 -1.160964813232421875e+02
-6.210298538208007812e+01 1.330322623252868652e+00 -4.487247848510742188e+01
-6.846425628662109375e+01 -8.156457519531250000e+01 -9.814398956298828125e+01
-4.599676513671875000e+01 5.718656921386718750e+01 -3.595388793945312500e+01
-1.021425476074218750e+02 8.939830780029296875e+01 -8.141948699951171875e+01
-6.608103179931640625e+01 -1.200677947998046875e+02 2.267926597595214844e+01
-3.833155441284179688e+01 -1.010132217407226562e+02 -4.038982772827148438e+01
1.217470836639404297e+01 -8.252258300781250000e+00 1.256274719238281250e+02
5.246028518676757812e+01 1.277760162353515625e+02 -3.723972320556640625e+01
5.850236511230468750e+01 3.448331356048583984e+00 1.006790313720703125e+02
-4.536697006225585938e+01 -1.153257293701171875e+02 -2.081008911132812500e+01
-7.442188262939453125e+01 6.906828308105468750e+01 -9.925321960449218750e+01
5.947640228271484375e+01 -7.441490650177001953e+00 2.359426307678222656e+01
-6.549466705322265625e+01 4.091777420043945312e+01 9.676867675781250000e+01
1.379216156005859375e+02 -4.166770553588867188e+01 -1.472460460662841797e+01
-7.674464416503906250e+01 6.353748703002929688e+01 4.303870391845703125e+01
7.514727020263671875e+01 7.687676239013671875e+01 -1.873396492004394531e+01
8.468693542480468750e+01 2.168430328369140625e+01 8.328536224365234375e+01
5.818841552734375000e+01 -3.078791046142578125e+01 4.629198837280273438e+01
-3.281017541885375977e+00 7.022113800048828125e+01 -3.057740783691406250e+01
7.182925415039062500e+01 -4.533749008178710938e+01 -1.424102663993835449e+00
-5.419010543823242188e+01 -3.705247879028320312e+01 -1.015030899047851562e+02
-7.145812988281250000e+01 -3.418466186523437500e+01 -3.924637603759765625e+01
-8.287643432617187500e+01 7.415179443359375000e+01 1.056353073120117188e+02
-6.474641799926757812e+00 1.420327148437500000e+02 5.033269882202148438e+01
-8.404039764404296875e+01 -1.171353530883789062e+01 -6.887133789062500000e+01
-1.140888442993164062e+02 1.040474243164062500e+02 -5.972445678710937500e+01
-8.991378784179687500e+01 1.422777252197265625e+02 -5.212260484695434570e-01
2.367454528808593750e+01 -5.287978363037109375e+01 1.345843353271484375e+02
7.317320251464843750e+01 -1.379862499237060547e+01 -6.121217346191406250e+01
-4.366626739501953125e+01 -3.858220291137695312e+01 -2.996767759323120117e+00
-4.190263366699218750e+01 -1.690598487854003906e+01 -1.316526336669921875e+02
-1.727629280090332031e+01 -3.100623703002929688e+01 -3.492453384399414062e+01
4.471415328979492188e+01 -9.263071441650390625e+01 -1.358770561218261719e+01
-6.936865234375000000e+01 2.292026519775390625e+01 1.519414997100830078e+01
-1.665287208557128906e+01 3.985571289062500000e+01 3.211955261230468750e+01
-6.607633209228515625e+01 2.797082710266113281e+01 -2.269401741027832031e+01
-5.229888534545898438e+01 6.440322113037109375e+01 1.342509460449218750e+02
8.472692108154296875e+01 -9.744183349609375000e+01 5.213780975341796875e+01
-6.216523742675781250e+01 -2.663668632507324219e+01 5.373653030395507812e+01
-7.608169555664062500e+01 7.080359649658203125e+01 -6.498780059814453125e+01
-2.038643264770507812e+01 1.238757629394531250e+02 -8.934968566894531250e+01
7.620143890380859375e+00 1.145387496948242188e+02 2.394062232971191406e+01
-6.897508239746093750e+01 9.330310821533203125e+01 -3.096467971801757812e+01
-1.466537170410156250e+02 6.074230575561523438e+01 1.156745529174804688e+01
-5.997686767578125000e+01 3.251272201538085938e+01 -5.019738388061523438e+01
-5.991827774047851562e+01 8.388839721679687500e+00 4.462274169921875000e+01
-1.869029998779296875e+01 8.084407043457031250e+01 8.313071250915527344e+00
-2.993012428283691406e+01 -4.118213653564453125e+01 1.328944702148437500e+02
-4.101703262329101562e+01 7.270832061767578125e+01 -1.188805999755859375e+02
-2.953360748291015625e+01 -1.147579727172851562e+02 4.363002014160156250e+01
1.158759613037109375e+02 3.556319427490234375e+01 7.675189208984375000e+01
-2.497870826721191406e+01 1.419892425537109375e+02 -4.260164642333984375e+01
1.356774997711181641e+01 8.065673828125000000e+01 -1.244148178100585938e+02
-4.018043136596679688e+01 2.627642059326171875e+01 8.339189910888671875e+01
5.248680496215820312e+01 5.306373214721679688e+01 4.861948490142822266e+00
-1.156645011901855469e+01 -1.756823120117187500e+02 -3.243347549438476562e+01
-2.553066253662109375e+00 -9.274980163574218750e+01 8.825608825683593750e+01
-4.971069335937500000e+01 8.187957000732421875e+01 4.490289306640625000e+01
-1.048833541870117188e+02 -1.211794090270996094e+01 4.765773391723632812e+01
-1.133484039306640625e+02 7.397659301757812500e+01 5.795681762695312500e+01
-4.396542358398437500e+01 3.804866790771484375e+01 -1.404169158935546875e+02
-1.648525238037109375e+01 1.660204124450683594e+01 -1.124790725708007812e+02
3.160581588745117188e+01 1.199413452148437500e+02 6.896963500976562500e+01
1.502229785919189453e+01 -1.332263336181640625e+02 -1.201214141845703125e+02
-1.261735916137695312e+02 -3.485620880126953125e+01 -6.752246093750000000e+01
6.924590301513671875e+01 -3.061306762695312500e+01 1.364786834716796875e+02
-1.224332733154296875e+02 -1.423608660697937012e+00 -1.122893753051757812e+02
6.164201354980468750e+01 3.082343673706054688e+01 -1.010397567749023438e+02
3.700870895385742188e+01 6.973330497741699219e+00 1.173067855834960938e+02
1.939551162719726562e+01 -1.042196807861328125e+02 2.672710990905761719e+01
-2.028510475158691406e+01 -2.468663787841796875e+01 8.057930755615234375e+01
9.196590423583984375e+01 -9.061676025390625000e+00 -1.395327606201171875e+02
2.066840362548828125e+01 -1.312639160156250000e+02 -6.500788211822509766e+00
-1.389385414123535156e+01 4.385320186614990234e+00 6.858349800109863281e+00
4.945611572265625000e+01 8.407894897460937500e+01 -6.009725570678710938e+01
6.462152099609375000e+01 3.644813156127929688e+01 4.107205200195312500e+01
2.610087776184082031e+01 -3.218947219848632812e+01 2.539191436767578125e+01
-1.643546295166015625e+01 8.691438293457031250e+01 1.153172760009765625e+02
7.719351959228515625e+01 1.292654132843017578e+01 7.521317481994628906e+00
-1.325348510742187500e+02 -2.248397064208984375e+01 1.611452102661132812e+01
5.676359939575195312e+01 9.972463989257812500e+01 5.879571151733398438e+01
-5.642884826660156250e+01 -5.781353378295898438e+01 -6.503990936279296875e+01
1.158161773681640625e+02 7.983286285400390625e+01 -3.710916137695312500e+01
8.103197479248046875e+01 -1.975057029724121094e+01 -1.641519546508789062e+01
1.250353908538818359e+01 3.445905303955078125e+01 1.308572082519531250e+02
5.902736282348632812e+01 -1.009687118530273438e+02 2.012010192871093750e+01
-7.025433349609375000e+01 1.067000503540039062e+02 -6.899185180664062500e+01
2.227223587036132812e+01 -2.668281173706054688e+01 -1.711386299133300781e+01
-7.543733215332031250e+01 -3.319774627685546875e+01 2.178591728210449219e+00
-3.576132965087890625e+01 6.011278533935546875e+01 7.027845001220703125e+01
1.092622299194335938e+02 -3.222041702270507812e+01 -3.060867691040039062e+01
-5.563234329223632812e+01 -1.017229309082031250e+02 9.005236053466796875e+01
-2.103693199157714844e+01 -1.002865142822265625e+02 -1.271109466552734375e+02
3.716031265258789062e+01 6.568448638916015625e+01 8.865705108642578125e+01
4.011141586303710938e+01 1.395624847412109375e+02 3.375557327270507812e+01
-9.080075263977050781e+00 -1.350926971435546875e+02 -5.021224594116210938e+01
4.095677185058593750e+01 -5.404902267456054688e+01 -2.518892526626586914e+00
-1.175285415649414062e+02 -6.547452545166015625e+01 1.180457210540771484e+01
-2.375561714172363281e+01 -1.599515228271484375e+02 6.264801025390625000e+00
-3.401734924316406250e+01 -6.579813385009765625e+01 -1.505436096191406250e+02
-1.367162895202636719e+01 -5.718687057495117188e+01 6.914807891845703125e+01
-6.184366989135742188e+01 -6.005125045776367188e+01 3.364441680908203125e+01
1.013239135742187500e+02 1.158329391479492188e+02 -8.139344215393066406e+00
-3.435142517089843750e+01 -6.793732452392578125e+01 3.201689147949218750e+01
-1.439509582519531250e+02 1.878204536437988281e+01 6.210990905761718750e+01
-1.000249481201171875e+02 1.282811164855957031e+01 -3.743156814575195312e+01
1.051007537841796875e+02 -6.377652740478515625e+01 -3.188741683959960938e+00
6.427725982666015625e+01 -7.076267242431640625e+01 -2.640492630004882812e+01
7.971297454833984375e+01 1.159479618072509766e+01 -7.471994781494140625e+01
-5.905360412597656250e+01 -2.176203727722167969e+00 -1.300075531005859375e+01
-6.200624847412109375e+01 3.064681816101074219e+01 -1.022514038085937500e+02
-8.622307777404785156e+00 4.184009170532226562e+01 6.654064941406250000e+01
5.657715606689453125e+01 3.789094924926757812e+01 1.082632293701171875e+02
-9.497719573974609375e+01 9.901987457275390625e+01 -2.427641296386718750e+01
-3.822850418090820312e+01 1.445702667236328125e+02 3.882436037063598633e+00
1.824020957946777344e+01 9.032866477966308594e+00 8.451911163330078125e+01
