6.457611793899638464e+00 2.547634260209631907e-01 -3.909222576756395284e+00
6.416066139525359091e+00 1.372213802009536909e+00 4.168645003960958384e+00
7.808488325628831994e+00 1.577490067631777348e+00 4.196058088171539247e+00
6.563805325406993241e+00 -2.398637564106377074e+00 4.109582205711521219e+00
6.173927303727548832e+00 -3.162689368686558922e+00 -3.992116000517808683e+00
6.719454502133916485e+00 7.789273946522503600e-01 4.167208855636795661e+00
4.191206105687403038e+00 -2.366389077405426367e+00 -4.010345792341860616e+00
7.843178038318605161e+00 2.298358172425884582e+00 4.206664984040028088e+00
5.943432439417439817e+00 -3.216716547021776673e+00 -3.996492024990830672e+00
5.169773048709951802e+00 -2.904584372940320236e+00 -4.000896562243518417e+00
7.198682088655355749e+00 -8.799289839826154314e-01 4.144025231881088622e+00
6.489106059689503603e+00 -2.114476206062255503e+00 4.112917411976631854e+00
4.041186858919796343e+00 -3.165339000936001401e+00 -4.022924135060364392e+00
8.140846581002106674e+00 -6.843223114615067937e-01 4.165766647141735390e+00
4.074731421680276355e+00 -3.759636389944925217e+00 -4.030653938861833652e+00
6.688749789878295715e+00 -1.889597175072470769e-01 4.143786418475801980e+00
7.052281695817982587e+00 3.644548541101487182e-01 -3.896923577267081384e+00
5.769592408277299356e+00 -2.700981812240077495e+00 4.093880935463775295e+00
6.097182047624446710e+00 -1.147577901241431941e-01 -3.909168385343398722e+00
7.343453918108730605e+00 2.282260585724729118e+00 -3.883971199836653287e+00
5.897574663722483734e+00 -2.609174306789243669e+00 4.096614895568297499e+00
6.593753647515228522e+00 1.098170393549946944e+00 -3.909591095397623395e+00
7.829708501298035195e+00 1.849760205560255111e+00 4.200283480347970055e+00
6.785818433562435636e+00 -1.543507320958253104e-01 4.145738969131505414e+00
5.597785242043398668e+00 -2.171932917188679479e-01 -3.918604347355436168e+00
8.425375161801133217e+00 2.293813669723387072e+00 4.215672121380397819e+00
6.267448628719394677e+00 -1.186646046128854021e-01 -3.906906423809724860e+00
7.688759898620895150e+00 1.408604588750550946e+00 4.191126841003941728e+00
5.493001438897574751e+00 -9.896089628058946097e-02 -3.922029145146637141e+00
8.964928383908819853e+00 -5.585087175054839204e-01 4.180761345945823493e+00
5.269570096993166253e+00 -3.258707472694835516e+00 -4.006721839833298660e+00
5.866867770124520653e+00 -2.461416645853396368e+00 -3.983226727569654457e+00
5.606297634497834359e+00 2.758294565174816970e-01 4.136756940270192473e+00
6.592509762136321783e+00 -5.961244144781751020e-01 4.139735748945599703e+00
4.311446569618420988e+00 -2.094847228652330529e+00 -4.001725818119474809e+00
8.383283116747334063e+00 1.351700728803668095e-01 4.187315960699777406e+00
4.843957969821614640e+00 4.375074823195932439e-01 -3.946224676218009986e+00
8.320870466535609467e+00 1.594146976735825727e-01 4.187276295782941915e+00
3.651098269644340366e+00 -2.526867494038667061e+00 -4.022130077474386667e+00
9.254236963932054749e+00 9.054813681782236667e-01 4.214360398209280767e+00
4.275879703618105765e+00 -1.917435253227687042e+00 -3.989895331298403125e+00
6.611076636436506782e+00 1.293471661298478015e+00 -3.907022081115116841e+00
7.854340593154581107e+00 -9.685587703534602744e-01 4.153982692518033204e+00
4.477641456176183254e+00 -3.598413319332864901e+00 -4.023102948254795308e+00
7.122400027938270206e+00 1.284889005120572358e+00 4.179745408077800484e+00
4.553851450576555493e+00 -1.288072609063267926e+00 -3.949092414219074865e+00
7.965920026807427945e+00 -1.094643068058192448e+00 4.153750723209648221e+00
4.289768971457683655e+00 -2.988715669496279648e-01 -3.938768128652795575e+00
8.642927050550863299e+00 4.602163602815543264e-01 4.198569710757344531e+00
5.408896425843481737e+00 7.156648721948761782e-01 -3.931733061965196008e+00
7.048928942584450574e+00 1.151139650999404740e+00 4.177050132062252175e+00
5.209446635820092375e+00 4.202778204623879299e-01 -3.937721193273782117e+00
9.564478112299630297e+00 1.000381353088312775e+00 4.221695331833617892e+00
6.729635947131586526e+00 -1.217711986406026181e+00 -3.910140564466806801e+00
9.214415598566187526e+00 2.092535599951976522e-01 4.202749434814564644e+00
4.339815775436146161e+00 -3.361020272750666837e+00 -4.021235217624780311e+00
7.217881953324548405e+00 4.289694134936882786e-01 4.171480906236028297e+00
4.698274954459106922e+00 1.728193165512218465e-01 -3.946985570176858360e+00
9.366194427490286856e+00 1.020504048539459863e+00 4.219004751828126842e+00
4.782038329899926943e+00 6.697830836653250186e-01 -3.943492404047638455e+00
9.397599509723665534e+00 -6.760966893114777054e-01 4.185889134701898051e+00
4.835827756941293742e+00 -5.889338549318555716e-01 -3.929709420813360055e+00
9.390718624404861714e+00 4.307138044701395163e-01 4.209945679170614241e+00
3.844249428429503013e+00 -2.013425392500778788e+00 -4.000031105598043091e+00
6.958603045655046948e+00 -2.636930667672475082e+00 4.111490456884995481e+00
5.325753732941095997e+00 2.345163989361945256e-01 -3.934902277108952795e+00
6.809147921937436898e+00 2.020683966311280777e+00 4.185375966344492937e+00
3.058813756801204597e+00 -1.388999959355688707e-01 -3.955020704056482206e+00
7.472840864597609212e+00 -1.109489181666413637e+00 4.144631558144648231e+00
3.902447315743629908e+00 -4.809284299208911317e-01 -3.943356151256817821e+00
6.570194172180789494e+00 2.192748303318440506e+00 4.184876583066602151e+00
6.245318862168166341e+00 -1.579108378361405274e+00 -3.934487653733800272e+00
9.282120844776715174e+00 -1.103724424304497465e+00 4.173644815280622922e+00
4.397595328739503984e+00 -6.558306919641253285e-02 -3.945988148859653766e+00
9.022431477773238839e+00 -1.433273711559871211e-01 4.191555222917828338e+00
3.425831701193560175e+00 -1.635888782271305741e+00 -3.984765396300936846e+00
5.773934721883493992e+00 -2.227692379107107712e+00 4.100948114207577433e+00
5.539632041418371067e+00 -1.977804446366124402e+00 -3.973478924986086014e+00
7.872107273675774231e+00 1.950825602054061247e-01 4.179980719133533640e+00
6.329327415012642177e+00 -3.320620587238000798e+00 -3.992596189845777133e+00
6.507644396154484312e+00 -1.724772173645051643e+00 -3.938553808972037551e+00
6.780454082394763660e+00 -1.567915568012438587e+00 4.125908892157036156e+00
6.019510380652263848e+00 -1.494548080901259235e+00 -3.934154791486832892e+00
6.032878312391743769e+00 -1.356749449132910401e+00 4.117585420681692199e+00
7.725324423387339934e+00 -1.811026761322762635e+00 4.136490331188443115e+00
3.794881461077188156e+00 -8.324923343308826551e-01 -3.951359433951525446e+00
8.754699445791471746e+00 -9.075781934377274984e-01 4.169216395841965017e+00
4.414301494382861790e+00 -1.489281594130221320e+00 -3.960465978377825103e+00
8.765276670618357358e+00 -2.805301650388211665e-01 4.183012940507010669e+00
3.750863385331882682e+00 -1.047223214553542281e+00 -3.956812610323845458e+00
6.027978384415866309e+00 -1.624463096716775468e+00 4.113416171251773612e+00
4.177660022947074836e+00 -1.209312903933000616e+00 -3.953444825834299348e+00
9.929407573040718304e+00 3.692858274331047297e-01 4.217900645920223290e+00
3.945681713012588521e+00 2.005661061306158663e-03 -3.970639698654869765e+00
7.436460341646579764e+00 -1.464954729372757836e+00 4.138010244465156084e+00
3.951115587377401539e+00 -2.638766535793065859e+00 -4.017491232092750941e+00
9.638405656772555119e+00 9.645349771079456680e-01 4.221086855501035906e+00
5.375121527233822860e+00 -2.345174747153135897e+00 -3.988615428119096418e+00
8.346192656045078095e+00 8.051843702196597174e-01 4.198521994891555309e+00
6.701644954454337721e+00 7.168947724198803106e-01 -3.908934845277412862e+00
6.216474220611308610e+00 2.228910919091890541e+00 4.179419593460705684e+00
5.981965488854454449e+00 -2.397146794497844180e+00 -3.979631014360334618e+00
8.858637768767687604e+00 1.358769371154851857e+00 4.210207369912373210e+00
3.608545604664322504e+00 -2.234655526320047603e+00 -4.016595755615703922e+00
6.171886433560027641e+00 2.303604759124737722e+00 4.180112341652064245e+00
3.682293729767851964e+00 -3.107683176979465500e+00 -4.027450980068657316e+00
7.934906668338289393e+00 1.536121852428064649e+00 4.197617114480562073e+00
3.839390714752250577e+00 -1.661042524821679578e+00 -3.978071415131951838e+00
4.989009983466359266e+00 -4.232372097564996771e+00 4.061048399782182017e+00
4.042520826266343015e+00 1.322093926391058327e-01 -3.967399089423464975e+00
9.168700109791355857e+00 1.429920205999706928e+00 4.218030879197722349e+00
6.132312308878318241e+00 -2.847474181185216224e+00 -3.985567673252182086e+00
8.943534438842737799e+00 -5.503466616106627018e-01 4.179962176397908458e+00
6.806560448501494776e+00 1.696570332725511054e+00 -3.899024164979158602e+00
9.021698883376803479e+00 2.573995001563538221e-01 4.200723548486037906e+00
7.177790507595573466e+00 -1.846835424858814800e+00 -3.931554436344521175e+00
7.320950694814491122e+00 2.639918031060111137e+00 4.203932878810070939e+00
4.387698839488687774e+00 5.735532450897447010e-01 -3.952772785074265549e+00
9.719316907387334226e+00 3.658614324708147625e-01 4.213801063144504866e+00
4.486046284880351287e+00 -1.236587559422128516e-02 -3.944985791474924230e+00
7.865197691608655894e+00 1.204835711011879473e+00 4.192742885323897717e+00
4.086230950676166707e+00 -8.804247801716612587e-01 -3.946130933741345714e+00
8.839745306441578521e+00 1.579469917440866622e+00 4.213843626480333171e+00
3.499075283252395696e+00 6.893192237689708124e-01 -3.960893980313884732e+00
7.751321998632174193e+00 9.396073045163726434e-01 4.188328915622987481e+00
2.727210790696263487e+00 2.395870401591564836e+00 -3.922014256940582033e+00
6.898428831140627437e+00 -1.755424016122302255e+00 4.124571430685802120e+00
4.506883149987301884e+00 -1.779969450934179909e+00 -3.973482240033323620e+00
7.514172597865520942e+00 7.515593250356517041e-01 4.181830974064330242e+00
5.127349610963515048e+00 1.321332769874720592e+00 -3.929285996871751951e+00
8.824469244998423889e+00 -1.688785249383508574e-02 4.191381080927556013e+00
5.561383279713991712e+00 -2.914198498201581611e+00 -3.997068341359257371e+00
9.227020761621311351e+00 -7.904946399272068103e-01 4.178833781603433550e+00
4.393977183443050549e+00 -9.748852430383981860e-01 -3.943456046730048570e+00
7.314846034000661135e+00 1.982230607757630825e+00 4.193094143226791637e+00
8.034596664108507369e+00 3.274511905891051455e+00 -3.861379865455402349e+00
9.936585882283322846e+00 6.466891376826228166e-02 4.210554815345393997e+00
7.384204750870393852e+00 3.244485571997874906e+00 -3.870687800733191963e+00
9.202982212505659732e+00 9.594224298502860293e-01 4.214135038674100109e+00
6.713938243338102296e+00 2.470428197913608626e-01 -3.903000572566271309e+00
4.590446704981056669e+00 -1.200024426428026203e+00 -3.945832859126603420e+00
6.891844061174451141e+00 -1.111846776087245470e+00 4.134840053622801825e+00
7.898670693755672545e+00 -1.282338445151891548e+00 4.148255215627468573e+00
7.062580539637018262e+00 -4.030978606462697900e-01 -3.890975844844208886e+00
7.459316144144168881e+00 -6.875645543384304448e-01 4.152075296599084808e+00
4.293951747179913347e+00 3.191263111362650506e-01 -3.958164338239667401e+00
-6.040746027117489980e+00 5.992144076512689876e-01 4.012535823276355273e+00
-1.116510234211493469e+01 -4.341132945972595580e-01 -4.186931020291178918e+00
-6.219078628582640711e+00 -4.741609154558250050e-01 3.997904892415108158e+00
-1.037455704627618758e+01 -1.019024987388738479e+00 -4.181563060282823763e+00
-9.007484907104554850e+00 -3.674829504118699852e-02 -4.150907172688736324e+00
-6.158324248082916341e+00 4.083637868374452862e-01 4.007940395272237666e+00
-7.190058200715350623e+00 7.149804896658944475e-01 3.997437990972793731e+00
-8.296499083078138881e+00 1.019074716839288713e-01 -4.136460102199665201e+00
-5.562193423668289505e+00 1.471001362102613896e+00 4.038152700894999114e+00
-8.120090393840815324e+00 1.377752312919983124e-01 -4.132401009199231368e+00
-6.162928237573254364e+00 2.347196622850375114e+00 4.048332848359393665e+00
-9.951350735224863797e+00 -6.089039134898126537e-01 -4.173039574715045497e+00
-6.486138396801267803e+00 8.416058925836270577e-01 4.009717047477907137e+00
-1.016581459155586664e+01 -1.673566660929380445e+00 -4.169506841110305118e+00
-5.377350204418718249e+00 3.360077848761494623e-01 4.018212269415061932e+00
-1.069460960340047784e+01 -1.337053460955377915e+00 -4.181379316163799764e+00
-5.195891383857122570e+00 1.459624005651408041e+00 4.043100528745690703e+00
-1.092989097383578212e+01 -1.951908236945547159e+00 -4.180582953734384155e+00
-7.101378957220921606e+00 2.864660988774147543e-01 3.991960914903498470e+00
-9.337739263112203147e+00 2.219216156591448941e-01 -4.147744092252807491e+00
-1.016396729258487497e+01 -1.402134003924188521e+00 -4.171521107068359768e+00
-7.868956379965751147e+00 6.179765454922876433e-01 3.985179075190639519e+00
-5.777262626745682361e+00 5.589772498442618226e-02 4.009863192731851989e+00
-7.931367039548532283e+00 -1.078378570167711076e-01 -4.137632796309151040e+00
-7.314003495828143464e+00 2.174172462387456761e+00 4.028103511720480867e+00
-7.908547610047340193e+00 4.623761409552665791e-01 -4.116017148964904671e+00
-9.889583508009197388e+00 -1.325652816809600676e+00 -4.169932001947980638e+00
-6.565792310021075551e+00 -4.856022353336112429e-01 3.992678652360037717e+00
-1.029285183484781285e+01 -5.226961621497477894e-01 -4.178004300936681403e+00
-8.585135927938242872e+00 1.504268760226364077e-01 -4.138938135579303790e+00
-6.292915018951092065e+00 1.951978444061073237e+00 4.038091957424993161e+00
-7.932577947657063255e+00 9.269593112269729485e-01 3.990811181810562047e+00
-1.165906357657386039e+01 1.130783329584044594e+00 -4.123327798159648339e+00
-9.629127814200622026e+00 -3.443065917177380864e-01 3.951440273500582467e+00
-9.811469370785582456e+00 -2.016875381778726883e-01 -4.164207119208736430e+00
-7.159141973658964098e+00 2.108233638526612719e+00 4.028959654166607507e+00
-8.397688995608698193e+00 -1.156931515858307113e+00 -4.134288420372447703e+00
-5.538853412528758291e+00 1.223050707438757323e+00 4.031859794715254353e+00
-9.357533750342641454e+00 -8.063464870161279885e-01 -4.167382550131497609e+00
-5.060243943253683874e+00 1.251454230070485840e+00 4.039571441693451170e+00
-1.089471289433682877e+01 -6.434791377561362991e-01 -4.186380996814468958e+00
-5.531969026037064197e+00 7.790037489893218980e-01 4.022873779991799736e+00
-6.756048289881959157e+00 8.986733222381132480e-02 -4.042084298191745084e+00
-1.059220720795251047e+01 -1.436229438180878781e-01 -4.174484069495984606e+00
-7.105858580992591378e+00 1.787262614190873844e+00 4.022594092113590314e+00
-5.365394607388743964e+00 6.637805439200815671e-01 4.023371080102992714e+00
-1.040816718654710016e+01 3.327458285663529303e-01 -4.158280554416304398e+00
-7.527780554399576829e+00 1.929816426949817476e+00 4.019589735679945264e+00
-8.324145785403816333e+00 -5.652828258945671314e-01 -4.149643994237042222e+00
-7.214643914691719395e+00 3.125393961594288283e-01 3.990531725510380490e+00
-9.043589871443286299e+00 5.058497632840800451e-01 -4.132467449946302551e+00
-5.706260299213042231e+00 7.340070459790760671e-01 4.019680508434701594e+00
-8.682067008940842712e+00 1.333133004030541136e+00 -4.086278916064333799e+00
-7.654044259515766058e+00 1.399243555243666615e-01 3.981872898481107370e+00
-7.768431720454211487e+00 3.287007008640993946e-03 -4.131632169339885863e+00
-5.468823608312514573e+00 1.200011274285037732e+00 4.032539230243184392e+00
-7.569562312291376216e+00 5.918655696045548309e-01 -4.103987732289740009e+00
-5.843344546887593083e+00 1.647364668122640152e+00 4.037826349154475913e+00
-1.041425213922595461e+01 -2.767967841147554453e-01 -4.175272834439515357e+00
-5.326293052166326092e+00 7.927530105789428738e-01 4.026638700369983503e+00
-8.529973953109928786e+00 2.054384966123071199e-02 -4.142544710940395447e+00
-5.763885952592852746e+00 5.028336512666011782e-01 4.014889307456982692e+00
-1.119671495186710253e+01 9.901030682285744122e-01 -4.123846653708221233e+00
-6.819889772445106857e+00 7.222808101733503294e-01 4.002197445373623097e+00
-1.134220195399772457e+01 -3.603780488054242337e-01 -4.188658749794927694e+00
-1.119420308214244386e+01 -7.727713069852877315e-01 -4.191403807923447467e+00
-6.685906479686484438e+00 1.708456583515825633e+00 4.027163789133208383e+00
-1.032940710295789088e+01 -3.696380193453168705e-01 -4.176286425467796271e+00
-7.526432037844156930e+00 -6.816766453680667137e-01 3.976311542656163933e+00
-7.799372847633820882e+00 7.884561778264558007e-02 -4.130011911482889708e+00
-8.391667257610354369e+00 6.486824202736822809e-01 -4.114466902211759702e+00
-9.087999272046207722e+00 -8.319072250634470533e-01 3.955547790476441783e+00
-7.322868528833645030e+00 -4.480501669835370571e-01 3.981481855805847125e+00
-1.121315702277266801e+01 -9.163989960452683103e-01 -4.192765351243084915e+00
-6.497101461733289618e+00 -2.749532165491900271e-01 3.996904373005915723e+00
-1.106945790459021239e+01 -1.354161027938903139e+00 -4.187806300654442815e+00
-6.781377594814122389e+00 1.058251204650568322e+00 4.009894100774260117e+00
-1.136355576368366549e+01 -1.771474850412264601e+00 -4.186507815702411150e+00
-6.763187167430317004e+00 -7.630234841477350205e-01 3.985760528523836665e+00
-1.062895543696260958e+01 5.046604950453622562e-01 -4.153843334504418117e+00
-7.054476298252476241e+00 -3.110193674266543140e-01 3.987538895435334574e+00
-1.022517254789792496e+01 4.011398978634084789e-01 -4.152765814912203979e+00
-6.744000809017403952e+00 1.118632737805090649e+00 4.011830589579173711e+00
-1.141718111113878464e+01 4.665146469604631446e-02 -4.181346242848743344e+00
-6.481147581326637486e+00 1.739583538388806749e+00 4.030692028685632700e+00
-9.309077983790336575e+00 8.624797168025681859e-01 -4.109626437388217646e+00
-7.329011490137374629e+00 1.701131855297021989e-01 3.987104366136679179e+00
-1.133115677539753463e+01 3.059877406831260638e-01 -4.172164720380811431e+00
-8.212175137133817415e+00 -6.042925510624204133e-01 3.967967410805936179e+00
-1.123413545279358239e+01 4.481076434820592813e-01 -4.164532266334350474e+00
-7.049886230978855473e+00 6.462326059124982036e-01 3.998058652065013874e+00
-1.083143450002704178e+01 -5.173418493372909932e-01 -4.183817282468220711e+00
-7.328325848218346650e+00 1.061741961880359630e+00 4.002195202336981339e+00
-1.010186076129093813e+01 8.315888294880475762e-01 -4.123024094165414155e+00
-8.209470214158416823e+00 1.304300126247208702e+00 -4.078250847724020467e+00
-7.889824669810770352e+00 -2.775094536458149741e-01 3.975393959254706289e+00
-6.513628065212098583e+00 -7.114648421916903720e-01 3.989937574448404689e+00
-1.045350537809413360e+01 8.656638348030420982e-01 -4.125174398178838686e+00
-7.923028780800626336e+00 -7.796705551407452361e-01 3.969485678962947350e+00
-1.148194138738319836e+01 9.023035052558292524e-01 -4.137657933462553395e+00
-8.576387684845451886e+00 -8.324755463566726466e-01 3.961180565565540768e+00
-1.015427773749492779e+01 -1.029165034927006506e-01 -4.168760257244334078e+00
-9.493332940362762429e+00 -7.355424879208375399e-01 -4.166935541736474846e+00
-6.352465473426017972e+00 2.260776558221251786e+00 4.043818273009577524e+00
-1.077407201291643801e+01 7.037911698026029228e-01 -4.139170775754283049e+00
-6.019858035367431803e+00 1.696581770106988962e+00 4.036441146212105480e+00
-9.466862703111921462e+00 -1.090323612195920777e+00 -4.170043185805869079e+00
-9.311125056509082398e+00 2.359170779167102938e-01 3.961135779823341085e+00
-1.121730219234399684e+01 -1.119397788007674421e+00 -4.192785941407239036e+00
-6.551900774483853773e+00 2.184966914352366452e+00 4.040202732061879409e+00
-1.100209246651484563e+01 2.781408798694391948e-01 -4.168587655055847385e+00
-5.724820982725684182e+00 2.185394850809871392e-01 4.012193147017779182e+00
-1.138671632638834197e+01 1.048481361163037695e+00 -4.121781116812808676e+00
-1.112706504124396822e+01 -1.466398659978002117e+00 -4.186165720665910861e+00
-7.479536687782305293e+00 5.086404407021576368e-01 3.989404348596248706e+00
-7.421185718864840908e+00 1.661522702150048658e-01 3.985467668949415732e+00
-1.073072266635703720e+01 -8.326027600721939148e-01 -4.185988304276195393e+00
-8.664706400308633150e+00 -1.877563276977537443e-01 3.968111896773323544e+00
-9.766121647044180065e+00 -4.267608335747364867e-01 -4.168586142121756488e+00
8.413453718994645669e-01 1.402556904234046220e+00 4.125365635871203196e+00
9.302724188207808775e-02 -3.675433295532501421e-01 -3.954054094331225233e+00
5.065667193391841794e-01 9.594108141767880571e-02 -3.943337993165665356e+00
1.299318911422167266e+00 1.112994852100214871e+00 4.131713261688489069e+00
4.200203715463811660e-01 -5.931135078161502427e-01 -3.953325263941531276e+00
2.122722550577281542e+00 -2.430358888828818564e-01 4.089663369505738721e+00
1.119364473952760841e+00 8.077407530956378645e-01 4.124752612592947010e+00
2.676608192748618498e-01 8.590457475665541631e-01 -3.946924108043642576e+00
2.194986665519789604e+00 -1.303575843582699623e+00 4.071194264602053359e+00
4.242526714378306862e-01 -5.002585617884486302e-01 -3.951417257357755730e+00
3.271187168477974194e-01 1.316416346181650709e+00 4.115297779653575461e+00
4.147499428064559401e-01 -8.067151757971162684e-01 -3.958327786308645901e+00
3.998431019396119779e-01 1.714388724867250691e+00 4.123884558434334657e+00
-4.713738114205244245e-01 1.479374332295394501e-01 -3.957667958316001489e+00
6.320911574068335259e-01 1.990854390338936408e+00 4.130833871799793222e+00
-2.006298768473090133e-01 -7.020072326812980545e-01 -3.963982345853786171e+00
9.464863918642298923e-01 -1.307125324982553183e-01 -3.939728616548090923e+00
-9.982853589313765985e-01 1.934449506871062374e-01 4.074369137830950116e+00
1.162395831890232767e+00 1.109789909554453446e+00 4.130355395526298601e+00
-9.759939598194743438e-01 -3.820422092111150913e-01 -4.044884901938273991e+00
7.017786257075374401e+00 2.769452264079991899e+00 4.201645216369520597e+00
1.431640772654934723e+00 2.132757156343668470e+00 -3.936845620168067938e+00
8.144020205117548983e+00 3.247307187165813680e+00 4.225532251980578025e+00
2.950766300973597378e-01 -1.630801146772919985e-01 -3.948460486621464760e+00
1.025028909313932646e+00 1.509715760597777789e+00 4.133268593766685761e+00
-5.010507316212804430e-01 -3.451112889360744007e-01 -4.026812776670951166e+00
1.604607638719009188e-03 -3.377129182834712751e-01 4.085028232731746201e+00
1.172439268261684098e-01 1.600197134836965351e-01 -3.948327514416481776e+00
5.187260125964990864e-01 1.425407471903967549e+00 4.120413417040034609e+00
-7.328248465534175082e-01 -1.777755791222615844e+00 -4.017751742351641120e+00
8.019523970851150096e+00 2.715649858786570281e+00 4.215677154395796933e+00
-4.682893730573734481e-01 -1.916414688684414225e+00 -4.014735174352887626e+00
7.605067324862265998e+00 2.920161962309669512e+00 4.212788516059221777e+00
-4.559163397097515946e-01 -3.758472784442169479e-01 -4.027071473181674577e+00
5.854203306094264425e-01 8.153796122468770502e-01 -3.942279130514259933e+00
2.973183472970950675e-02 1.822039558589314323e+00 4.120139517186005129e+00
5.912656500610682930e-02 7.184118189692364487e-01 4.100256640983126921e+00
-8.082525374826806663e-01 -1.987350854205689021e+00 -4.026547417173560461e+00
1.395719359667889625e+00 3.242537152672840595e+00 4.156655831266879986e+00
-6.951678668464468247e-01 -1.762159391751685567e+00 -4.015934360548303772e+00
-2.680402602674469281e-01 -9.903560877848976984e-01 -3.999892418487374535e+00
5.661804768926351761e-01 1.646496384309581895e+00 4.125085526400140701e+00
6.172111539978529793e-01 2.683890454908758882e-01 -3.940914793175323894e+00
7.815995157760735612e-01 2.209029295810265303e+00 4.135782785057913635e+00
-3.800261835204825633e-01 4.455732522395069312e-02 4.084008444253504067e+00
-9.021787510458463277e-01 -5.933181219908143511e-01 -4.046277593255714677e+00
2.562008896884118703e-01 1.795667573769456071e-01 4.095684376068274624e+00
-6.188920118451846086e-01 -1.164853803348855799e+00 -4.027777884798100949e+00
1.099479357114456768e+00 6.776789684722367424e-01 -3.934573271477730394e+00
-2.040256692318821452e-01 7.551422667448544068e-01 4.097170226889045530e+00
7.524892019708196989e-01 2.712681570373186801e+00 4.142272783401863556e+00
-1.751632198252815464e-01 -2.178076391580250626e-01 -3.955765119595472612e+00
6.697032544322475411e-01 1.894753925556785346e+00 4.130028754334695407e+00
-2.236565935439621122e-01 -8.590872416531742939e-01 -3.968358689247462934e+00
7.539827054418847041e+00 2.734875830155807375e+00 4.208831614387825937e+00
7.673366170878956893e-01 4.267959037639893483e-01 -3.938483409271682056e+00
1.033586689039852402e+00 2.701707876548574028e+00 4.145034715027652084e+00
-1.648730828715442021e-01 -1.026079591523069379e+00 -3.988636105956470779e+00
5.341696005294899186e-02 2.286519611422881681e-01 -3.948820411013863829e+00
1.557402239713199910e+00 1.049741599665588554e+00 4.133823521269851753e+00
-1.078701446966130462e-01 -7.859950529088787219e-01 -3.964460106722588861e+00
4.049748031294598816e-01 2.232148284121090231e+00 4.131164634787794832e+00
5.488519900297463838e-01 2.095016320224479145e+00 4.131196858511048120e+00
-1.040583695369072942e-01 -1.719337367090982616e+00 -3.998402038137669035e+00
1.725240731172461350e+00 1.728954975723784093e+00 4.142108820514010858e+00
4.784444091370755325e-01 1.242344081276817391e+00 -3.947340431819479800e+00
-5.026520371811221688e-01 -7.827406235990816974e-01 -4.033000619760651162e+00
-6.187065245569155492e-01 -7.007457245639185928e-01 4.068253308309481397e+00
