1.208420276641845703e+01 -1.160774230957031250e+00 4.365981101989746094e+00
3.874628543853759766e+00 1.055950355529785156e+01 9.526120185852050781e+00
3.933949708938598633e+00 9.911050796508789062e+00 9.179508209228515625e+00
2.787501573562622070e+00 1.018215370178222656e+01 1.004601383209228516e+01
1.261302947998046875e+01 -1.872560024261474609e+00 4.203988075256347656e+00
3.777837276458740234e+00 1.046225070953369141e+01 9.626542091369628906e+00
1.263344478607177734e+01 -1.934582591056823730e+00 2.314558267593383789e+00
4.313371181488037109e+00 1.004203605651855469e+01 9.027030944824218750e+00
1.279711437225341797e+01 -1.971186399459838867e+00 3.986953496932983398e+00
1.284177970886230469e+01 -1.875188231468200684e+00 3.664169788360595703e+00
3.179577827453613281e+00 1.062134647369384766e+01 9.602434158325195312e+00
2.856334924697875977e+00 1.019909763336181641e+01 1.013456821441650391e+01
1.282594394683837891e+01 -1.840875983238220215e+00 2.707689523696899414e+00
2.784572362899780273e+00 1.007023429870605469e+01 9.477365493774414062e+00
1.297987842559814453e+01 -1.799696207046508789e+00 2.780431985855102539e+00
3.259693384170532227e+00 9.904923439025878906e+00 9.711473464965820312e+00
1.210825729370117188e+01 -1.172332048416137695e+00 4.451627731323242188e+00
2.707148790359497070e+00 1.039110469818115234e+01 1.037846469879150391e+01
1.206457328796386719e+01 -9.091883301734924316e-01 4.017295360565185547e+00
1.190142345428466797e+01 -8.972471952438354492e-01 4.057827949523925781e+00
2.665547847747802734e+00 1.048005390167236328e+01 1.024671649932861328e+01
1.193944358825683594e+01 -1.281460165977478027e+00 4.507940292358398438e+00
4.043507099151611328e+00 9.867894172668457031e+00 9.090336799621582031e+00
3.206440687179565430e+00 9.828230857849121094e+00 9.653271675109863281e+00
1.215191268920898438e+01 -1.355009555816650391e+00 3.985907554626464844e+00
4.099161624908447266e+00 1.003672885894775391e+01 8.756021499633789062e+00
1.213850402832031250e+01 -1.056478857994079590e+00 4.219643592834472656e+00
3.924650669097900391e+00 9.966502189636230469e+00 9.285527229309082031e+00
1.205648994445800781e+01 -1.371327996253967285e+00 3.873145818710327148e+00
2.797739982604980469e+00 1.005848217010498047e+01 8.775119781494140625e+00
1.288071823120117188e+01 -1.941754341125488281e+00 3.483603239059448242e+00
1.272076034545898438e+01 -1.834746718406677246e+00 3.906245946884155273e+00
4.443299770355224609e+00 1.039628028869628906e+01 9.267842292785644531e+00
3.073840618133544922e+00 9.938364982604980469e+00 9.812484741210937500e+00
1.232015419006347656e+01 -1.961024522781372070e+00 2.241796255111694336e+00
2.960227727890014648e+00 9.653135299682617188e+00 9.166030883789062500e+00
1.187188148498535156e+01 -1.156650900840759277e+00 3.487210035324096680e+00
2.976842641830444336e+00 9.699777603149414062e+00 9.244310379028320312e+00
1.269408321380615234e+01 -1.742653846740722656e+00 2.609778165817260742e+00
3.180633783340454102e+00 9.546910285949707031e+00 8.371661186218261719e+00
1.231026268005371094e+01 -1.916895627975463867e+00 2.254610776901245117e+00
1.188134765625000000e+01 -1.317843794822692871e+00 4.517552375793457031e+00
2.889007568359375000e+00 1.039366626739501953e+01 9.493712425231933594e+00
1.292266559600830078e+01 -1.887993097305297852e+00 3.044035911560058594e+00
3.873122215270996094e+00 1.027913379669189453e+01 9.476946830749511719e+00
1.206413269042968750e+01 -1.836802244186401367e+00 2.474595546722412109e+00
2.773562192916870117e+00 1.030149555206298828e+01 9.509401321411132812e+00
1.236448860168457031e+01 -1.455029010772705078e+00 3.115319490432739258e+00
2.950470209121704102e+00 9.549519538879394531e+00 8.802203178405761719e+00
1.180653095245361328e+01 -1.349890112876892090e+00 4.097974300384521484e+00
3.814695358276367188e+00 1.041409397125244141e+01 9.485267639160156250e+00
1.188826751708984375e+01 -1.377907395362854004e+00 3.740447521209716797e+00
3.045866250991821289e+00 9.654833793640136719e+00 8.206491470336914062e+00
1.248376560211181641e+01 -1.532650709152221680e+00 4.236493587493896484e+00
2.916320323944091797e+00 9.670183181762695312e+00 8.487921714782714844e+00
1.288740444183349609e+01 -1.885839223861694336e+00 2.965741395950317383e+00
3.450387001037597656e+00 1.055817222595214844e+01 9.349283218383789062e+00
1.185651779174804688e+01 -1.273663997650146484e+00 3.240515232086181641e+00
3.151668787002563477e+00 9.619516372680664062e+00 8.302417755126953125e+00
1.180446147918701172e+01 -1.096234798431396484e+00 3.470461845397949219e+00
2.837599754333496094e+00 1.008096981048583984e+01 8.584930419921875000e+00
1.208910179138183594e+01 -1.605506420135498047e+00 3.289173364639282227e+00
2.936351060867309570e+00 9.625695228576660156e+00 8.384856224060058594e+00
1.258441352844238281e+01 -1.765787005424499512e+00 2.469475746154785156e+00
2.701843261718750000e+00 1.032572841644287109e+01 9.991876602172851562e+00
1.196499061584472656e+01 -1.201083898544311523e+00 3.822711229324340820e+00
3.854778528213500977e+00 1.053187370300292969e+01 9.378634452819824219e+00
1.201439571380615234e+01 -1.371433615684509277e+00 2.839877367019653320e+00
3.002037763595581055e+00 1.073661804199218750e+01 9.561629295349121094e+00
1.211895656585693359e+01 -1.477745413780212402e+00 2.682825803756713867e+00
3.990256071090698242e+00 1.049871540069580078e+01 9.364635467529296875e+00
1.268401622772216797e+01 -1.673997402191162109e+00 4.094900608062744141e+00
3.008664846420288086e+00 1.034927368164062500e+01 8.783049583435058594e+00
1.212514019012451172e+01 -1.414128899574279785e+00 3.191238403320312500e+00
2.798787355422973633e+00 9.820308685302734375e+00 8.672052383422851562e+00
1.228113842010498047e+01 -1.671617150306701660e+00 2.322646856307983398e+00
2.814532041549682617e+00 1.041692066192626953e+01 1.028553771972656250e+01
1.277215480804443359e+01 -1.771529912948608398e+00 3.765991449356079102e+00
3.212069034576416016e+00 1.011077880859375000e+01 9.299489021301269531e+00
1.231813240051269531e+01 -1.776824474334716797e+00 4.274648666381835938e+00
1.266058731079101562e+01 -1.708202242851257324e+00 4.101584434509277344e+00
2.828672647476196289e+00 1.024829483032226562e+01 9.879243850708007812e+00
1.254853343963623047e+01 -1.560613989830017090e+00 4.082191467285156250e+00
2.829120874404907227e+00 1.030398082733154297e+01 1.022320365905761719e+01
2.817823171615600586e+00 1.053087043762207031e+01 9.658284187316894531e+00
1.201906776428222656e+01 -1.372237205505371094e+00 2.550910234451293945e+00
2.820471525192260742e+00 1.003719520568847656e+01 8.836524963378906250e+00
1.212219619750976562e+01 -1.894037365913391113e+00 2.268698930740356445e+00
2.888263225555419922e+00 9.962378501892089844e+00 8.809677124023437500e+00
1.217039775848388672e+01 -1.373981237411499023e+00 2.619645118713378906e+00
2.837764263153076172e+00 1.038100910186767578e+01 1.024132728576660156e+01
1.205160999298095703e+01 -1.652628302574157715e+00 2.318303108215332031e+00
2.856117963790893555e+00 9.734154701232910156e+00 8.175098419189453125e+00
1.197401905059814453e+01 -1.355797290802001953e+00 2.966129064559936523e+00
2.925408840179443359e+00 1.064421463012695312e+01 9.748820304870605469e+00
1.265420436859130859e+01 -1.897873997688293457e+00 2.375802040100097656e+00
3.108173847198486328e+00 9.661445617675781250e+00 8.254154205322265625e+00
1.279407882690429688e+01 -1.834012508392333984e+00 3.708224534988403320e+00
3.295524835586547852e+00 9.721929550170898438e+00 9.037199974060058594e+00
1.191654109954833984e+01 -1.250513792037963867e+00 4.535827636718750000e+00
3.708941936492919922e+00 1.064619445800781250e+01 9.436550140380859375e+00
1.272162818908691406e+01 -1.844097733497619629e+00 4.026881217956542969e+00
3.462567567825317383e+00 9.774771690368652344e+00 8.529325485229492188e+00
1.252587223052978516e+01 -1.820621490478515625e+00 2.299386024475097656e+00
3.658388614654541016e+00 1.066025733947753906e+01 9.385653495788574219e+00
1.278854656219482422e+01 -1.800894498825073242e+00 2.611360311508178711e+00
3.971454858779907227e+00 9.926959037780761719e+00 9.090855598449707031e+00
1.254286766052246094e+01 -1.657801628112792969e+00 2.752257108688354492e+00
2.749958753585815430e+00 1.039560413360595703e+01 1.035999488830566406e+01
1.192902278900146484e+01 -1.305352210998535156e+00 2.985711574554443359e+00
3.340692758560180664e+00 9.631981849670410156e+00 8.385465621948242188e+00
1.272322463989257812e+01 -1.907112598419189453e+00 4.087151050567626953e+00
2.821116209030151367e+00 1.005054378509521484e+01 8.720732688903808594e+00
1.182525634765625000e+01 -1.377225875854492188e+00 4.433609485626220703e+00
2.926024198532104492e+00 9.707275390625000000e+00 8.616135597229003906e+00
1.256420040130615234e+01 -1.801469326019287109e+00 4.245152473449707031e+00
4.262073040008544922e+00 1.026897811889648438e+01 9.017492294311523438e+00
1.197008991241455078e+01 -1.177739262580871582e+00 3.287951469421386719e+00
2.893792390823364258e+00 9.708178520202636719e+00 8.244198799133300781e+00
1.217435550689697266e+01 -1.322787404060363770e+00 3.240093231201171875e+00
3.863290786743164062e+00 9.979344367980957031e+00 9.222555160522460938e+00
1.208021163940429688e+01 -1.562972903251647949e+00 2.499371051788330078e+00
3.625743865966796875e+00 9.716151237487792969e+00 8.660488128662109375e+00
1.195399951934814453e+01 -1.266401290893554688e+00 2.947566509246826172e+00
3.630272865295410156e+00 9.955366134643554688e+00 9.327967643737792969e+00
1.192324447631835938e+01 -1.630408048629760742e+00 4.371718406677246094e+00
2.698124408721923828e+00 1.044468402862548828e+01 9.840131759643554688e+00
1.214260196685791016e+01 -1.836067318916320801e+00 2.338430404663085938e+00
3.612605333328247070e+00 1.021925067901611328e+01 9.433073997497558594e+00
1.175141429901123047e+01 -9.474955201148986816e-01 3.712246894836425781e+00
2.827133893966674805e+00 9.795528411865234375e+00 8.857258796691894531e+00
1.256667709350585938e+01 -1.726499319076538086e+00 3.457693338394165039e+00
3.027187585830688477e+00 1.023492908477783203e+01 8.656851768493652344e+00
1.200569629669189453e+01 -1.643839359283447266e+00 2.384773969650268555e+00
4.011807441711425781e+00 1.031051445007324219e+01 9.272635459899902344e+00
1.181697940826416016e+01 -1.021930336952209473e+00 4.159494400024414062e+00
2.787089347839355469e+00 9.841153144836425781e+00 8.244313240051269531e+00
1.182393264770507812e+01 -9.320654273033142090e-01 3.969057321548461914e+00
3.175827741622924805e+00 9.678812026977539062e+00 8.414077758789062500e+00
1.200763702392578125e+01 -1.211468577384948730e+00 4.406440258026123047e+00
1.207815265655517578e+01 -1.761420607566833496e+00 2.405911445617675781e+00
2.907924413681030273e+00 1.014253997802734375e+01 9.742327690124511719e+00
2.824003696441650391e+00 1.043046665191650391e+01 9.396411895751953125e+00
1.209464454650878906e+01 -1.064289927482604980e+00 4.093289375305175781e+00
3.137202501296997070e+00 1.061253070831298828e+01 9.397397041320800781e+00
1.205952358245849609e+01 -1.195600628852844238e+00 3.179667234420776367e+00
-6.383649349212646484e+00 2.942660093307495117e+00 -2.253093123435974121e-01
3.850785732269287109e+00 -8.560759544372558594e+00 3.663742780685424805e+00
-6.857216835021972656e+00 3.424592494964599609e+00 -1.658446341753005981e-01
3.440356969833374023e+00 -8.085068702697753906e+00 4.129793167114257812e+00
3.343509435653686523e+00 -7.855447292327880859e+00 4.822915077209472656e+00
-6.557149410247802734e+00 3.029852628707885742e+00 -2.808823287487030029e-01
-7.434928417205810547e+00 3.028371334075927734e+00 -4.168464839458465576e-01
3.371923208236694336e+00 -7.824308872222900391e+00 5.409657478332519531e+00
-6.290895938873291016e+00 2.561907529830932617e+00 -2.493780851364135742e-01
3.390535354614257812e+00 -7.885075092315673828e+00 5.499141216278076172e+00
-6.858856201171875000e+00 2.363199234008789062e+00 -6.617524027824401855e-01
3.987712144851684570e+00 -7.862824916839599609e+00 4.421479225158691406e+00
-6.908665180206298828e+00 2.888650655746459961e+00 -5.322102308273315430e-01
3.443507909774780273e+00 -7.899245262145996094e+00 4.182242870330810547e+00
-6.047201633453369141e+00 2.693550586700439453e+00 4.050238989293575287e-03
3.593021631240844727e+00 -8.148984909057617188e+00 3.745875597000122070e+00
-6.074932575225830078e+00 2.508025169372558594e+00 -1.110003516077995300e-01
3.588515996932983398e+00 -8.192612648010253906e+00 3.472461223602294922e+00
-7.553192615509033203e+00 3.248365640640258789e+00 -3.219852447509765625e-01
3.428597450256347656e+00 -8.082491874694824219e+00 4.909930706024169922e+00
3.352359771728515625e+00 -7.952513694763183594e+00 4.319409370422363281e+00
-7.672085762023925781e+00 3.046506643295288086e+00 -6.284203529357910156e-01
-6.344761371612548828e+00 2.945615768432617188e+00 -6.101487204432487488e-02
3.563541650772094727e+00 -7.856904029846191406e+00 5.509985923767089844e+00
-7.239133358001708984e+00 2.579647302627563477e+00 -9.102012515068054199e-01
3.352507352828979492e+00 -7.762388229370117188e+00 5.594072818756103516e+00
3.440137624740600586e+00 -7.876389503479003906e+00 4.373202800750732422e+00
-7.013643741607666016e+00 3.509822368621826172e+00 -2.042139023542404175e-01
3.546811819076538086e+00 -8.216405868530273438e+00 4.339088439941406250e+00
3.432944297790527344e+00 -7.947071552276611328e+00 5.312088489532470703e+00
-6.879941463470458984e+00 2.454794406890869141e+00 -6.673414707183837891e-01
-7.745611190795898438e+00 3.003322362899780273e+00 -6.904327273368835449e-01
3.711966753005981445e+00 -9.004989624023437500e+00 3.964083433151245117e+00
-7.999771595001220703e+00 3.644299745559692383e+00 -5.874186158180236816e-01
3.914507150650024414e+00 -8.091163635253906250e+00 4.577735900878906250e+00
-7.306474208831787109e+00 2.546894073486328125e+00 -8.887930512428283691e-01
3.723462581634521484e+00 -7.767699241638183594e+00 5.213338375091552734e+00
-6.204503536224365234e+00 2.520230770111083984e+00 -2.078374326229095459e-01
3.753837823867797852e+00 -7.786084175109863281e+00 4.689024925231933594e+00
-5.988421440124511719e+00 2.527449607849121094e+00 -4.275849089026451111e-02
3.791104555130004883e+00 -8.395642280578613281e+00 3.674078464508056641e+00
-6.123565196990966797e+00 2.675729274749755859e+00 -6.813830137252807617e-02
3.690603017807006836e+00 -8.161224365234375000e+00 5.409488677978515625e+00
3.776782035827636719e+00 -8.345491409301757812e+00 4.215858936309814453e+00
-7.217834949493408203e+00 2.726596117019653320e+00 -7.246412038803100586e-01
-5.983227252960205078e+00 2.744649648666381836e+00 6.394210457801818848e-02
3.859175682067871094e+00 -8.513278007507324219e+00 4.380207061767578125e+00
-7.352032661437988281e+00 2.790856599807739258e+00 -8.198909163475036621e-01
3.530285596847534180e+00 -7.736122608184814453e+00 5.365927696228027344e+00
-7.429679393768310547e+00 3.194465637207031250e+00 -4.646358489990234375e-01
3.300922870635986328e+00 -8.038896560668945312e+00 4.841223239898681641e+00
-6.158972263336181641e+00 2.653353452682495117e+00 2.386370673775672913e-02
3.703999757766723633e+00 -8.256931304931640625e+00 5.250423908233642578e+00
-7.617208003997802734e+00 3.393738508224487305e+00 -5.637746453285217285e-01
3.470719337463378906e+00 -7.797204494476318359e+00 5.500908851623535156e+00
-6.168952465057373047e+00 2.513058185577392578e+00 -7.936203479766845703e-02
3.479953050613403320e+00 -7.805806636810302734e+00 5.578101158142089844e+00
-6.439157485961914062e+00 2.443917036056518555e+00 -2.934601306915283203e-01
3.511592864990234375e+00 -8.338669776916503906e+00 4.341298580169677734e+00
-6.039899349212646484e+00 2.594638824462890625e+00 -9.068919718265533447e-02
3.302523136138916016e+00 -7.871764183044433594e+00 5.227243423461914062e+00
-6.267835617065429688e+00 2.823878526687622070e+00 -2.020354419946670532e-01
3.577317237854003906e+00 -8.955368995666503906e+00 4.085357666015625000e+00
-7.238091945648193359e+00 3.055885314941406250e+00 -6.593248248100280762e-01
3.863658428192138672e+00 -8.642910003662109375e+00 3.708561420440673828e+00
3.825112819671630859e+00 -8.424784660339355469e+00 3.524836063385009766e+00
-7.107627868652343750e+00 2.658101558685302734e+00 -6.675313711166381836e-01
3.452876329421997070e+00 -8.255828857421875000e+00 4.370940685272216797e+00
-7.705997943878173828e+00 3.793840169906616211e+00 -3.559887707233428955e-01
3.516003370285034180e+00 -7.861399650573730469e+00 5.527825355529785156e+00
3.674201011657714844e+00 -8.181976318359375000e+00 5.441032409667968750e+00
-7.923849582672119141e+00 3.378353118896484375e+00 -7.053625583648681641e-01
-7.660811901092529297e+00 3.504629850387573242e+00 -3.857530951499938965e-01
3.776829719543457031e+00 -8.366267204284667969e+00 3.421084880828857422e+00
-6.930352687835693359e+00 3.412590742111206055e+00 -1.984869688749313354e-01
3.572720289230346680e+00 -8.284276008605957031e+00 3.506846427917480469e+00
-7.020734310150146484e+00 2.916782855987548828e+00 -6.489515304565429688e-01
3.846482753753662109e+00 -8.230971336364746094e+00 3.473280668258666992e+00
-7.065523624420166016e+00 3.530467271804809570e+00 -2.021728307008743286e-01
3.632425785064697266e+00 -8.570466995239257812e+00 4.387701988220214844e+00
-7.391696929931640625e+00 3.490957021713256836e+00 -3.033064901828765869e-01
3.840098619461059570e+00 -8.430007934570312500e+00 4.548746585845947266e+00
-7.040928840637207031e+00 2.947647333145141602e+00 -5.757911801338195801e-01
3.870786190032958984e+00 -8.823894500732421875e+00 3.946539878845214844e+00
-6.957976818084716797e+00 2.497040987014770508e+00 -5.810272693634033203e-01
3.378488063812255859e+00 -8.187103271484375000e+00 4.719371795654296875e+00
-7.517506599426269531e+00 3.379842758178710938e+00 -4.943424761295318604e-01
3.882430791854858398e+00 -8.906185150146484375e+00 3.880433559417724609e+00
-7.979237556457519531e+00 3.612750530242919922e+00 -6.392908096313476562e-01
3.941178321838378906e+00 -8.888495445251464844e+00 4.056873798370361328e+00
-7.350788116455078125e+00 3.058500051498413086e+00 -4.942671060562133789e-01
3.895187854766845703e+00 -8.317125320434570312e+00 3.928231954574584961e+00
-7.473486423492431641e+00 2.831824779510498047e+00 -5.873152017593383789e-01
3.815864086151123047e+00 -8.490409851074218750e+00 4.652744293212890625e+00
3.689831733703613281e+00 -8.175547599792480469e+00 5.424075126647949219e+00
-7.787312030792236328e+00 3.547898530960083008e+00 -5.372316837310791016e-01
-6.995084285736083984e+00 3.492119550704956055e+00 -1.886622905731201172e-01
3.914665699005126953e+00 -8.607591629028320312e+00 4.500530719757080078e+00
-7.898151397705078125e+00 3.699227333068847656e+00 -5.371931791305541992e-01
3.738286972045898438e+00 -9.041228294372558594e+00 3.966172695159912109e+00
-8.009722709655761719e+00 3.573772907257080078e+00 -6.667549014091491699e-01
3.451592683792114258e+00 -8.249726295471191406e+00 4.403897285461425781e+00
3.827712535858154297e+00 -7.808659076690673828e+00 4.763605117797851562e+00
-6.939755439758300781e+00 2.355871915817260742e+00 -5.732250213623046875e-01
3.676779270172119141e+00 -8.753526687622070312e+00 4.239525794982910156e+00
-6.603049755096435547e+00 2.405811786651611328e+00 -4.248659014701843262e-01
3.440057039260864258e+00 -7.696233272552490234e+00 4.673521041870117188e+00
-8.016712188720703125e+00 3.722002506256103516e+00 -6.202903389930725098e-01
3.698957204818725586e+00 -8.286622047424316406e+00 3.394936084747314453e+00
-7.076133728027343750e+00 2.482247114181518555e+00 -5.385851263999938965e-01
3.987336397171020508e+00 -8.761219024658203125e+00 4.068417072296142578e+00
-6.279491901397705078e+00 2.883306503295898438e+00 -1.218275800347328186e-01
3.706455230712890625e+00 -8.997862815856933594e+00 3.944425582885742188e+00
3.701511621475219727e+00 -8.238587379455566406e+00 3.409127473831176758e+00
-7.438336372375488281e+00 3.238940000534057617e+00 -5.618965625762939453e-01
-7.481564998626708984e+00 3.320202112197875977e+00 -5.169063806533813477e-01
3.644695758819580078e+00 -8.320415496826171875e+00 3.888987541198730469e+00
-7.832978248596191406e+00 3.111138582229614258e+00 -7.657101750373840332e-01
3.973124742507934570e+00 -7.979310512542724609e+00 4.539566040039062500e+00
6.285233020782470703e+00 1.113099765777587891e+01 8.117069244384765625e+00
1.916253662109375000e+01 8.910972595214843750e+00 -1.885068297386169434e+00
1.890310478210449219e+01 8.649753570556640625e+00 -1.584320545196533203e+00
6.372250556945800781e+00 1.126534461975097656e+01 8.121940612792968750e+00
1.891164016723632812e+01 8.724487304687500000e+00 -1.695403099060058594e+00
6.871709346771240234e+00 1.100465679168701172e+01 8.166522979736328125e+00
6.272420883178710938e+00 1.127641963958740234e+01 8.185694694519042969e+00
1.913022613525390625e+01 8.412742614746093750e+00 -1.624126315116882324e+00
6.861692905426025391e+00 1.108352947235107422e+01 8.127241134643554688e+00
1.890683746337890625e+01 8.765997886657714844e+00 -1.689113140106201172e+00
6.851793289184570312e+00 1.106468200683593750e+01 8.210922241210937500e+00
1.885296058654785156e+01 8.860645294189453125e+00 -1.737537860870361328e+00
6.512620925903320312e+00 1.083478450775146484e+01 8.271137237548828125e+00
1.937181854248046875e+01 8.554684638977050781e+00 -1.993928194046020508e+00
6.348693847656250000e+00 1.076123809814453125e+01 8.358682632446289062e+00
1.925922584533691406e+01 8.937564849853515625e+00 -2.061755418777465820e+00
1.885410118103027344e+01 8.537156105041503906e+00 -1.483169317245483398e+00
6.888981342315673828e+00 1.139058876037597656e+01 8.383088111877441406e+00
6.413666725158691406e+00 1.122602653503417969e+01 8.180152893066406250e+00
1.944436836242675781e+01 8.554781913757324219e+00 -2.079980134963989258e+00
4.456408500671386719e+00 1.042662143707275391e+01 9.249352455139160156e+00
1.907029151916503906e+01 8.427502632141113281e+00 -1.536895275115966797e+00
4.923710346221923828e+00 1.031033706665039062e+01 8.709385871887207031e+00
1.897455596923828125e+01 8.755802154541015625e+00 -1.657258629798889160e+00
6.345503330230712891e+00 1.120366573333740234e+01 8.250305175781250000e+00
1.949302291870117188e+01 8.486227035522460938e+00 -1.944325327873229980e+00
6.884503364562988281e+00 1.137321376800537109e+01 8.323431968688964844e+00
1.907960128784179688e+01 8.595795631408691406e+00 -1.783987045288085938e+00
6.645733833312988281e+00 1.100857448577880859e+01 8.055552482604980469e+00
1.957016181945800781e+01 8.830843925476074219e+00 -2.470449447631835938e+00
4.521486282348632812e+00 1.018080902099609375e+01 8.820329666137695312e+00
1.955348014831542969e+01 8.784788131713867188e+00 -2.429334878921508789e+00
4.651514530181884766e+00 1.034051418304443359e+01 9.026790618896484375e+00
1.948597145080566406e+01 8.648950576782226562e+00 -2.156082153320312500e+00
1.901591300964355469e+01 8.371068954467773438e+00 -1.522021532058715820e+00
6.680269241333007812e+00 1.090376758575439453e+01 8.337902069091796875e+00
6.810763359069824219e+00 1.110902500152587891e+01 8.155151367187500000e+00
1.950947761535644531e+01 8.907252311706542969e+00 -2.568923234939575195e+00
5.535005569458007812e+00 1.055197429656982422e+01 8.561873435974121094e+00
1.958425712585449219e+01 8.831271171569824219e+00 -2.463789224624633789e+00
1.930743980407714844e+01 9.090834617614746094e+00 -2.185878992080688477e+00
6.566121101379394531e+00 1.095641517639160156e+01 8.215817451477050781e+00
1.889279365539550781e+01 8.457586288452148438e+00 -1.458235859870910645e+00
6.216911315917968750e+00 1.070559692382812500e+01 8.437950134277343750e+00
6.890699863433837891e+00 1.138859176635742188e+01 8.397097587585449219e+00
1.952363967895507812e+01 8.672422409057617188e+00 -2.225491762161254883e+00
6.802780151367187500e+00 1.145629882812500000e+01 8.434464454650878906e+00
1.930067062377929688e+01 8.986899375915527344e+00 -2.278732061386108398e+00
1.885180664062500000e+01 8.423517227172851562e+00 -1.379546761512756348e+00
6.838395118713378906e+00 1.118596363067626953e+01 8.359806060791015625e+00
6.103879928588867188e+00 1.068420124053955078e+01 8.409867286682128906e+00
1.928723716735839844e+01 8.678469657897949219e+00 -1.946028232574462891e+00
6.472136020660400391e+00 1.090964221954345703e+01 8.287457466125488281e+00
1.927365684509277344e+01 8.960587501525878906e+00 -2.171959877014160156e+00
4.564311504364013672e+00 1.030840873718261719e+01 9.081496238708496094e+00
1.879357719421386719e+01 8.430713653564453125e+00 -1.409261465072631836e+00
5.784709453582763672e+00 1.059359455108642578e+01 8.524962425231933594e+00
1.938472747802734375e+01 9.043822288513183594e+00 -2.283639192581176758e+00
1.914940071105957031e+01 8.722374916076660156e+00 -1.891010880470275879e+00
6.384258747100830078e+00 1.130529499053955078e+01 8.222381591796875000e+00
1.934370803833007812e+01 8.828776359558105469e+00 -2.154961347579956055e+00
6.375893115997314453e+00 1.078398990631103516e+01 8.330496788024902344e+00
6.490446090698242188e+00 1.088333415985107422e+01 8.459828376770019531e+00
1.937813758850097656e+01 8.847074508666992188e+00 -2.236649274826049805e+00
6.191354274749755859e+00 1.102603149414062500e+01 8.283498764038085938e+00
1.913318824768066406e+01 8.475914955139160156e+00 -1.590934872627258301e+00
1.942233085632324219e+01 8.798343658447265625e+00 -2.198903322219848633e+00
6.894627094268798828e+00 1.136004734039306641e+01 8.333024978637695312e+00
