1.961967849731445312e+01 7.877111053466796875e+01 1.088172760009765625e+02
-1.143643283843994141e+01 -1.640507507324218750e+01 3.152056312561035156e+01
5.065747070312500000e+01 -2.669672393798828125e+01 5.321679687500000000e+01
4.512139511108398438e+01 3.362722778320312500e+01 3.294403839111328125e+01
-9.816546630859375000e+01 -5.253792953491210938e+01 -3.648038482666015625e+01
1.699758911132812500e+01 -2.096327304840087891e+00 5.936255264282226562e+01
-4.393034744262695312e+01 2.814737319946289062e+00 -5.762166595458984375e+01
3.306805038452148438e+01 -9.227735519409179688e+00 8.767401885986328125e+01
-1.187490844726562500e+02 -4.282999420166015625e+01 -4.788013076782226562e+01
-1.002696456909179688e+02 -9.309487342834472656e+00 -7.566513061523437500e+01
1.098205280303955078e+01 2.594297981262207031e+01 6.714263153076171875e+01
6.589175415039062500e+01 1.764433860778808594e+01 3.775423812866210938e+01
9.470811462402343750e+01 -4.415792846679687500e+01 -8.745946502685546875e+01
-1.604351997375488281e+01 4.037533187866210938e+01 2.279141807556152344e+01
-1.976879119873046875e+01 4.332891464233398438e+01 -4.459377670288085938e+01
2.381320571899414062e+01 1.450641345977783203e+01 4.080469894409179688e+01
-8.362671661376953125e+01 -8.073434448242187500e+01 2.854685592651367188e+01
3.568033218383789062e+01 3.087198257446289062e+01 9.446109771728515625e+01
-5.171492385864257812e+01 -3.440259933471679688e+01 3.253731155395507812e+01
-4.420883178710937500e+01 -7.966484832763671875e+01 4.049116897583007812e+01
3.631392669677734375e+01 5.098022079467773438e+01 8.023996734619140625e+01
6.061974334716796875e+01 1.047654953002929688e+02 6.911671447753906250e+01
5.426957702636718750e+01 -1.880277633666992188e+01 7.968955230712890625e+01
7.003292083740234375e+01 1.246825122833251953e+01 8.819261169433593750e+01
-6.749866485595703125e+01 -1.073048019409179688e+01 3.697446823120117188e+01
8.610531687736511230e-01 -8.482973098754882812e+00 1.047008361816406250e+02
-6.000849533081054688e+01 -9.349024963378906250e+01 2.406970214843750000e+01
-1.703978896141052246e+00 8.627606964111328125e+01 7.230028533935546875e+01
1.160433044433593750e+02 -1.277788066864013672e+01 -6.383111476898193359e+00
-3.087120056152343750e+01 5.289345550537109375e+01 7.634752655029296875e+01
-9.831075286865234375e+01 -2.342266654968261719e+01 -5.137742996215820312e+01
-9.302357482910156250e+01 -6.394814300537109375e+01 5.697176361083984375e+01
4.337329864501953125e+01 -1.950455284118652344e+01 1.108087921142578125e+02
2.830455589294433594e+01 2.033408737182617188e+01 1.650183296203613281e+01
-2.526598548889160156e+01 -1.270481777191162109e+01 -4.777829360961914062e+01
7.739375305175781250e+01 3.227422714233398438e+01 7.090558624267578125e+01
2.456414794921875000e+01 -1.363613986968994141e+01 1.811557312011718750e+02
-2.097380828857421875e+01 4.051521301269531250e+01 1.036073226928710938e+02
-5.286252975463867188e+01 3.478853225708007812e+01 -5.328504943847656250e+01
-1.006926631927490234e+01 -6.491093444824218750e+01 -1.186193847656250000e+02
-3.764649200439453125e+01 1.581057310104370117e+00 -3.323685836791992188e+01
-1.036662521362304688e+02 -8.687339019775390625e+01 3.026237726211547852e+00
6.109336853027343750e+00 4.551672744750976562e+01 3.833811187744140625e+01
-1.032637119293212891e+01 2.143351745605468750e+01 -4.129850387573242188e+01
-1.229409408569335938e+01 -3.507898330688476562e+01 4.918509674072265625e+01
-3.873460769653320312e+01 -3.941833376884460449e-01 -5.584159851074218750e+00
-1.592599773406982422e+01 4.676552581787109375e+01 4.851403427124023438e+01
-9.662880706787109375e+01 -2.169876247644424438e-01 -2.792782402038574219e+01
-6.337873840332031250e+01 4.350732040405273438e+01 3.478112411499023438e+01
-9.327054595947265625e+01 -4.424374008178710938e+01 -2.849182844161987305e+00
-1.893763065338134766e+00 -1.476188182830810547e+01 5.442334747314453125e+01
-6.998706817626953125e+01 -4.569766616821289062e+01 -7.141636848449707031e+00
-8.686504364013671875e+01 1.666343688964843750e+01 8.433959960937500000e+01
-7.341330718994140625e+01 -4.775061035156250000e+01 4.789856338500976562e+01
-5.545196914672851562e+01 3.538606262207031250e+01 8.304322814941406250e+01
-1.205199966430664062e+02 2.390636634826660156e+01 3.933358383178710938e+01
-7.504260540008544922e+00 6.767209053039550781e+00 6.833358764648437500e+01
-5.922836685180664062e+01 -1.926605796813964844e+01 1.885154247283935547e+00
-7.073339843750000000e+01 1.778778076171875000e+01 1.031884765625000000e+02
-8.277420806884765625e+01 -1.900100135803222656e+01 -2.872883975505828857e-01
-5.532343673706054688e+01 6.596510314941406250e+01 7.228315734863281250e+01
-5.406275558471679688e+01 2.896575450897216797e+00 1.615262413024902344e+01
-7.346693420410156250e+01 3.112560844421386719e+01 6.513983154296875000e+01
-4.812636947631835938e+01 2.632882690429687500e+01 -3.139576911926269531e+01
2.871162223815917969e+01 5.106951522827148438e+01 5.584702682495117188e+01
-8.953109741210937500e+01 2.699793243408203125e+01 2.314936828613281250e+01
5.839929580688476562e+00 -3.836719131469726562e+01 2.305684280395507812e+01
-8.138947296142578125e+01 4.025852966308593750e+01 -5.193806457519531250e+01
1.156055092811584473e+00 4.999740600585937500e+01 6.654140472412109375e+01
-7.370175170898437500e+01 1.749226188659667969e+01 -3.381995010375976562e+01
1.657581329345703125e+01 -1.913951683044433594e+01 3.340244674682617188e+01
-8.743897247314453125e+01 -3.067346572875976562e+01 3.264151763916015625e+01
-3.525051879882812500e+01 8.244555664062500000e+01 7.951744842529296875e+01
-8.933519744873046875e+01 -1.965562057495117188e+01 7.484317779541015625e+01
-5.164364242553710938e+01 1.867651939392089844e+01 6.026411819458007812e+01
-2.696237754821777344e+01 2.655424690246582031e+01 -9.988519668579101562e+00
3.805522918701171875e+01 2.658060264587402344e+01 7.072943878173828125e+01
-1.169673919677734375e+02 7.999714851379394531e+00 -5.844646835327148438e+01
1.528969383239746094e+01 8.521620941162109375e+01 -1.337830657958984375e+02
-1.164550247192382812e+02 -6.535894775390625000e+01 -2.532945251464843750e+01
-1.010012664794921875e+02 -3.964108657836914062e+01 5.088680648803710938e+01
5.728262329101562500e+01 1.073729476928710938e+02 -6.573786926269531250e+01
3.059586906433105469e+01 9.247908782958984375e+01 8.195473480224609375e+01
4.962158966064453125e+01 9.005681991577148438e+00 5.358909225463867188e+01
1.680261802673339844e+01 7.467240142822265625e+01 4.481999206542968750e+01
-6.143480300903320312e+01 2.870547676086425781e+01 -4.803833484649658203e+00
-3.558485794067382812e+01 6.669590759277343750e+01 4.830050659179687500e+01
-2.099368286132812500e+01 -1.250672340393066406e+01 -2.005074119567871094e+01
-3.410060501098632812e+01 2.610218429565429688e+01 4.484897613525390625e+01
-7.283171081542968750e+01 4.542280960083007812e+01 -1.848359298706054688e+01
-4.869312286376953125e+01 -7.698159027099609375e+01 -9.879363250732421875e+01
-7.372359466552734375e+01 9.013863372802734375e+01 9.526334381103515625e+01
-1.018921966552734375e+02 4.191137695312500000e+01 7.258721160888671875e+01
8.545431518554687500e+01 8.198181152343750000e+00 -6.278033065795898438e+01
8.793759346008300781e+00 4.315715789794921875e+01 8.673030090332031250e+01
-6.719581604003906250e+01 8.786931991577148438e+00 -6.403530883789062500e+01
1.032826538085937500e+02 -8.083127593994140625e+01 1.246421051025390625e+01
-1.089703521728515625e+02 -7.271076679229736328e+00 3.682841873168945312e+01
-4.411485290527343750e+01 5.501243209838867188e+01 1.627283477783203125e+01
-8.113412475585937500e+01 -7.378399658203125000e+01 1.935175657272338867e+00
2.871868610382080078e+00 -1.405478000640869141e+01 1.091520786285400391e+01
-1.127673950195312500e+02 -3.321459197998046875e+01 2.650258255004882812e+01
-2.117557907104492188e+01 1.883925348520278931e-01 9.939466857910156250e+01
7.895462799072265625e+01 -1.612970352172851562e+01 -9.417652893066406250e+01
-5.480308055877685547e+00 6.024638652801513672e+00 1.828319740295410156e+01
-4.393593215942382812e+01 5.627097320556640625e+01 -4.486317443847656250e+01
7.250766754150390625e+01 -1.787314796447753906e+01 6.129025650024414062e+01
9.181706237792968750e+01 1.154166641235351562e+02 3.898144149780273438e+01
4.822073745727539062e+01 -3.834760189056396484e+00 2.560774040222167969e+01
-7.031328582763671875e+01 1.135873913764953613e+00 -1.382300090789794922e+01
-5.333182525634765625e+01 -8.727624893188476562e+00 1.042611999511718750e+02
2.560283851623535156e+01 -4.925115966796875000e+01 -1.437575073242187500e+02
-4.442715072631835938e+01 4.484009933471679688e+01 5.780995941162109375e+01
-1.096194305419921875e+02 -6.664582061767578125e+01 1.565431308746337891e+01
-4.981803512573242188e+01 -4.070302200317382812e+01 8.393235015869140625e+01
-9.016351318359375000e+01 -7.750308990478515625e+01 -2.840306282043457031e+01
7.543315410614013672e+00 -1.492618656158447266e+01 8.300377655029296875e+01
-1.057409515380859375e+02 1.508786797523498535e+00 -9.774401783943176270e-01
-7.970156097412109375e+01 4.997212982177734375e+01 8.490174865722656250e+01
-8.316837310791015625e+01 4.711305141448974609e+00 1.151523971557617188e+01
-2.674905586242675781e+01 -2.383591842651367188e+01 6.782399749755859375e+01
-7.345459747314453125e+01 3.325508499145507812e+01 -1.039811859130859375e+02
-4.634403991699218750e+01 -1.297822952270507812e+01 8.158781433105468750e+01
-1.025309448242187500e+02 3.599440002441406250e+01 -2.670222854614257812e+01
-6.370322418212890625e+01 7.592809295654296875e+01 9.787223815917968750e+00
-1.190360031127929688e+02 -5.109255981445312500e+01 -4.207359790802001953e+00
5.150158309936523438e+01 1.227702713012695312e+02 -4.568711471557617188e+01
-5.923745346069335938e+01 -1.520944786071777344e+01 -4.033333206176757812e+01
-2.499868392944335938e+01 -2.936521768569946289e+00 5.120280456542968750e+01
-4.167029571533203125e+01 -3.994070434570312500e+01 7.323574066162109375e+00
-3.125782394409179688e+01 2.671232032775878906e+01 7.308512878417968750e+01
-1.121579513549804688e+02 -2.105261611938476562e+01 -2.451988792419433594e+01
1.121273880004882812e+02 -5.293451690673828125e+01 2.321874618530273438e+01
-4.406373214721679688e+01 -2.692473983764648438e+01 -1.983032417297363281e+01
1.163559722900390625e+01 -4.358792877197265625e+01 4.642070007324218750e+01
-4.243300247192382812e+01 -6.904903411865234375e+01 8.059551239013671875e+00
-8.737884521484375000e+01 6.074979400634765625e+01 6.040003204345703125e+01
-1.239170227050781250e+02 3.204051208496093750e+01 3.602452039718627930e+00
-4.858661651611328125e+01 1.057526588439941406e+01 8.927864837646484375e+01
-8.175857543945312500e+01 -5.616628646850585938e+01 1.984572219848632812e+01
6.353440856933593750e+01 4.888050556182861328e+00 -1.629149246215820312e+01
5.447801971435546875e+01 4.534171295166015625e+01 5.441698074340820312e+01
-6.266020298004150391e+00 6.778221130371093750e+01 4.214213562011718750e+01
-5.794331741333007812e+01 -5.857375717163085938e+01 2.949811363220214844e+01
-5.010390758514404297e+00 2.135002326965332031e+01 4.899066925048828125e+01
-8.951835632324218750e+01 1.937848281860351562e+01 -8.509532928466796875e+00
3.078989410400390625e+01 -5.276104354858398438e+01 -1.023236179351806641e+01
8.705941009521484375e+01 5.105793380737304688e+01 -8.325829505920410156e+00
5.994745635986328125e+01 -1.164635467529296875e+02 -1.725584220886230469e+01
4.978293991088867188e+01 3.366023635864257812e+01 -3.705191421508789062e+01
-2.148712730407714844e+01 7.546656036376953125e+01 -4.794366359710693359e+00
3.464638519287109375e+01 -4.088781356811523438e+01 -3.144035148620605469e+01
5.428866863250732422e+00 -7.710603332519531250e+01 -7.457116699218750000e+01
1.793702507019042969e+01 1.018779296875000000e+02 -1.861779594421386719e+01
5.911380767822265625e+01 -5.062738037109375000e+01 -3.062399148941040039e+00
-2.305451011657714844e+01 1.181356658935546875e+02 -2.426481819152832031e+01
6.414958190917968750e+01 -8.021234130859375000e+01 -1.016121482849121094e+01
-4.002276229858398438e+01 1.185405731201171875e+02 1.041343593597412109e+01
1.021148986816406250e+02 -2.303887367248535156e+01 3.068555068969726562e+01
8.419654846191406250e+00 3.109523010253906250e+01 -1.302703475952148438e+01
5.561492156982421875e+01 -1.329321956634521484e+01 -4.647471237182617188e+01
5.437823867797851562e+01 8.287966156005859375e+01 2.657989883422851562e+01
-1.518762054443359375e+02 -1.029551029205322266e+00 2.404107856750488281e+01
9.294035339355468750e+01 6.246057128906250000e+01 4.254215621948242188e+01
4.581273651123046875e+01 7.038690948486328125e+01 -8.302269744873046875e+01
7.544685363769531250e+01 7.330286407470703125e+01 7.577983856201171875e+01
3.227085113525390625e+01 3.300414657592773438e+01 -1.739285087585449219e+01
-8.546999931335449219e+00 -1.083938446044921875e+02 -3.164863395690917969e+01
3.007308578491210938e+01 -1.544692802429199219e+01 -4.913471984863281250e+01
7.735643005371093750e+01 -1.295326843261718750e+02 2.039187431335449219e+01
3.039568901062011719e+01 -8.583135223388671875e+01 -6.177313327789306641e+00
1.592018127441406250e+01 1.270086517333984375e+02 -1.045746707916259766e+01
2.969426345825195312e+01 7.876914215087890625e+01 6.583874225616455078e+00
-6.427533626556396484e+00 -4.641843795776367188e+01 -3.143965721130371094e+01
-5.380672073364257812e+01 -3.502943277359008789e+00 -9.854190826416015625e+01
1.627315216064453125e+02 1.069199676513671875e+02 4.697801589965820312e+01
7.499471282958984375e+01 -6.581430816650390625e+01 -4.866189956665039062e+01
2.761291265487670898e-01 -1.125056686401367188e+02 -8.389678955078125000e+00
7.116317749023437500e+01 3.226492691040039062e+01 6.739730358123779297e+00
-2.387845039367675781e+01 -1.317865905761718750e+02 -4.764879226684570312e+01
3.363002777099609375e+01 6.385666275024414062e+01 -4.561367416381835938e+01
6.052767944335937500e+01 -5.061259460449218750e+01 -6.939058685302734375e+01
-2.873576164245605469e+00 1.161603469848632812e+02 3.627659606933593750e+01
6.222959899902343750e+01 -2.913864326477050781e+01 -2.505598831176757812e+01
1.140752029418945312e+01 7.737828063964843750e+01 -3.785436630249023438e+01
9.044898986816406250e+01 -2.680896568298339844e+01 -3.647890853881835938e+01
-3.344458389282226562e+01 -3.093200683593750000e+01 -1.133993530273437500e+02
4.681266403198242188e+01 -2.568927383422851562e+01 -6.248538970947265625e+00
-1.588107872009277344e+01 8.491985321044921875e+01 -3.286214065551757812e+01
6.377603530883789062e+01 7.245134735107421875e+01 -1.346155929565429688e+01
3.884975051879882812e+01 -1.045116043090820312e+02 -4.391912460327148438e+01
5.410099029541015625e+01 1.330088806152343750e+02 1.327179336547851562e+01
6.887788391113281250e+01 5.466073989868164062e+01 1.032990493774414062e+02
4.772889137268066406e+00 -8.375159454345703125e+01 4.847189486026763916e-01
-5.591791152954101562e+00 1.257378387451171875e+02 1.111071205139160156e+01
1.435319328308105469e+01 -9.305845642089843750e+01 -3.358759689331054688e+01
9.884730577468872070e-01 7.445492553710937500e+01 2.278584003448486328e+00
2.163879203796386719e+01 -2.681362724304199219e+01 -1.054797458648681641e+01
1.548613357543945312e+01 1.038416976928710938e+02 -5.740628814697265625e+01
3.351593494415283203e+00 -1.136798706054687500e+02 -5.321615982055664062e+01
1.388594436645507812e+01 1.080216751098632812e+02 7.848382472991943359e+00
7.993009948730468750e+01 -3.665294265747070312e+01 -9.850190162658691406e+00
5.595451831817626953e+00 1.314603118896484375e+02 -3.421607589721679688e+01
6.024919509887695312e+01 -5.368112182617187500e+01 -3.115839767456054688e+01
5.071662902832031250e+01 5.311053085327148438e+01 -1.932542800903320312e+01
-1.508904724121093750e+02 -1.085169553756713867e+00 -9.819325447082519531e+00
-9.503089904785156250e+00 1.386652221679687500e+02 -1.226982307434082031e+01
1.357691097259521484e+01 -2.206909561157226562e+01 -3.284577941894531250e+01
8.551675415039062500e+01 9.232156372070312500e+01 6.658770561218261719e+00
2.060733604431152344e+01 5.140742111206054688e+01 1.434282531738281250e+02
1.083059387207031250e+02 5.680343627929687500e+01 4.159924507141113281e+00
1.080027313232421875e+02 5.095553970336914062e+01 -2.407115554809570312e+01
-6.192867279052734375e+01 -1.121145629882812500e+02 -2.064102935791015625e+01
-7.166215515136718750e+01 -5.569865417480468750e+01 -7.397496795654296875e+01
-2.910219001770019531e+01 -6.892037963867187500e+01 -4.307041549682617188e+01
-5.967615127563476562e+00 1.059735412597656250e+02 -1.095893287658691406e+01
-3.100160658359527588e-01 1.063239517211914062e+02 -3.713384246826171875e+01
-2.650539588928222656e+01 -1.251463317871093750e+02 -1.844054412841796875e+01
-2.117630004882812500e+01 -6.676642608642578125e+01 -7.010538482666015625e+01
-6.082559585571289062e+01 -3.554150390625000000e+01 -1.085223312377929688e+02
1.515211391448974609e+01 -5.500518417358398438e+01 -3.745746231079101562e+01
1.002826156616210938e+02 2.545586013793945312e+01 4.166363239288330078e+00
3.432379913330078125e+01 -7.504975128173828125e+01 -7.505524444580078125e+01
1.082204284667968750e+02 3.645269775390625000e+01 3.168921089172363281e+01
2.579418897628784180e+00 -4.087525558471679688e+01 -5.909966659545898438e+01
6.666288757324218750e+01 6.864820098876953125e+01 -4.299069595336914062e+01
-4.571166992187500000e+00 -6.430281829833984375e+01 -5.104269027709960938e+01
4.302058029174804688e+01 8.243515014648437500e+01 -2.738944816589355469e+01
3.824445343017578125e+01 -6.065752029418945312e+01 -5.576893997192382812e+01
1.229589309692382812e+02 7.649772644042968750e+01 9.133461952209472656e+00
4.953517150878906250e+01 -7.866934967041015625e+01 -3.557170104980468750e+01
1.923042297363281250e+01 5.416281127929687500e+01 8.435360193252563477e-01
-3.275319576263427734e+00 -7.727273559570312500e+01 -2.731971740722656250e+01
1.126418991088867188e+02 8.379978942871093750e+01 -1.153285884857177734e+01
-5.228941726684570312e+01 1.017985992431640625e+02 -9.643544769287109375e+01
1.061575012207031250e+02 8.461258697509765625e+01 -3.571312713623046875e+01
1.951781272888183594e+01 -7.882867431640625000e+01 -5.347864913940429688e+01
-2.650043106079101562e+01 -2.310172653198242188e+01 -8.872140502929687500e+01
-1.293769989013671875e+02 -6.962203216552734375e+01 5.617037963867187500e+01
-5.304336929321289062e+01 -3.138151359558105469e+01 -7.125715637207031250e+01
-2.401885414123535156e+01 1.023695526123046875e+02 -4.908589553833007812e+01
-1.892073822021484375e+01 -1.056125106811523438e+02 -6.873709106445312500e+01
3.288573074340820312e+01 -1.192758407592773438e+02 -1.056664466857910156e+01
5.947820663452148438e+01 1.015925216674804688e+02 -1.459118747711181641e+01
-3.784192657470703125e+01 -8.706198120117187500e+01 -5.930553436279296875e+01
9.558056640625000000e+01 1.063918533325195312e+02 -1.501820945739746094e+01
-3.706007385253906250e+01 -1.050503082275390625e+02 -4.087744140625000000e+01
4.854620742797851562e+01 5.565621948242187500e+01 5.896548271179199219e+00
-2.123854827880859375e+01 1.013703765869140625e+02 1.638632583618164062e+01
7.667238616943359375e+01 -8.741216278076171875e+01 -3.608183288574218750e+01
7.551051330566406250e+01 8.970695495605468750e+01 -3.759733200073242188e+01
8.178478240966796875e+01 -6.168503952026367188e+01 -2.380820846557617188e+01
5.503744602203369141e+00 6.046599197387695312e+01 -2.175557327270507812e+01
7.603302764892578125e+01 -1.783321380615234375e+01 1.705537986755371094e+01
9.817118072509765625e+01 2.644419670104980469e+01 -2.261945533752441406e+01
6.291316223144531250e+01 -8.954607391357421875e+01 -6.003267288208007812e+01
8.917330169677734375e+01 7.553388214111328125e+01 -1.695683097839355469e+01
3.225302505493164062e+01 -6.808393478393554688e+00 -2.507814025878906250e+01
8.155175781250000000e+01 6.993733978271484375e+01 1.435265159606933594e+01
1.226367263793945312e+02 3.185701942443847656e+01 -7.659453868865966797e+00
1.939990043640136719e+01 -1.038743133544921875e+02 -7.094834899902343750e+01
-5.318592548370361328e+00 -8.991308593750000000e+01 -5.181961441040039062e+01
7.592322540283203125e+01 4.288701248168945312e+01 -3.212278366088867188e+01
-2.403326416015625000e+01 -9.948558044433593750e+01 -1.174086952209472656e+01
-5.617236328125000000e+01 5.669445800781250000e+01 1.215404586791992188e+02
7.661182880401611328e+00 -8.193473052978515625e+01 6.201738357543945312e+01
3.578430938720703125e+01 -1.313519191741943359e+01 -9.909335327148437500e+01
4.691176986694335938e+01 2.364172697067260742e+00 -1.164990997314453125e+02
-1.513807220458984375e+02 -4.970243453979492188e+01 1.860300445556640625e+01
1.660519027709960938e+01 3.544062805175781250e+01 -1.276836166381835938e+02
5.681968307495117188e+01 -6.830734252929687500e+01 6.093904495239257812e+01
-6.012303829193115234e+00 -9.932861328125000000e+01 4.327424240112304688e+01
2.945476770401000977e+00 8.659165382385253906e+00 -1.323575592041015625e+02
6.138924789428710938e+01 -1.185506057739257812e+02 6.595231628417968750e+01
2.660759735107421875e+01 8.969330787658691406e-01 -8.199713897705078125e+01
-7.018109893798828125e+01 1.014679489135742188e+02 4.092037963867187500e+01
4.116731262207031250e+01 3.858564758300781250e+01 -1.093692321777343750e+02
4.553911590576171875e+01 -7.881807708740234375e+01 8.531368255615234375e+01
-1.877355194091796875e+01 1.542392849922180176e+00 -1.171373367309570312e+02
2.677846908569335938e+01 -7.680513763427734375e+01 1.039700088500976562e+02
-1.429725170135498047e+01 1.390081977844238281e+01 -8.908219909667968750e+01
6.133595275878906250e+01 2.109950447082519531e+01 -1.016284484863281250e+02
9.125894927978515625e+01 -9.514748382568359375e+01 6.172008514404296875e+01
2.039997291564941406e+01 -9.102448272705078125e+01 4.179131698608398438e+01
-6.658621978759765625e+01 4.794767761230468750e+01 -7.810821533203125000e+01
2.258787345886230469e+01 -3.217081069946289062e+01 7.058496093750000000e+01
-6.980230712890625000e+01 1.045544281005859375e+02 -4.448374176025390625e+01
-1.214327526092529297e+01 -4.505876922607421875e+01 1.137329559326171875e+02
3.449131393432617188e+01 2.271164512634277344e+01 -8.972206878662109375e+01
8.255400657653808594e+00 -1.074711761474609375e+02 6.649871063232421875e+01
1.901882553100585938e+01 -3.350364303588867188e+01 -1.036291351318359375e+02
8.568587493896484375e+01 -6.642116546630859375e+01 5.499293899536132812e+01
1.894065093994140625e+01 5.072122955322265625e+01 -1.044739761352539062e+02
3.253549194335937500e+01 -7.530812072753906250e+01 6.216554260253906250e+01
-2.355654335021972656e+01 5.791801071166992188e+01 -9.669605255126953125e+01
-1.392034149169921875e+01 -2.998081398010253906e+01 9.398596954345703125e+01
8.888130784034729004e-01 6.783481597900390625e+01 -8.783257293701171875e+01
-1.981296241283416748e-01 -4.541339874267578125e+01 8.002381896972656250e+01
4.369413757324218750e+01 1.427471256256103516e+01 1.326354980468750000e+02
2.053987693786621094e+01 -8.956535339355468750e+00 -1.241765213012695312e+02
6.562493896484375000e+01 -9.760090637207031250e+01 8.907808685302734375e+01
5.244968795776367188e+01 -9.441929626464843750e+01 6.265798950195312500e+01
-2.320297813415527344e+01 6.876058197021484375e+01 -7.348574829101562500e+01
5.339416027069091797e+00 -3.756387710571289062e+01 1.296989440917968750e+02
-1.946144294738769531e+01 8.143693542480468750e+01 -9.663803100585937500e+01
5.708847522735595703e+00 1.561421012878417969e+01 -7.206050872802734375e+01
2.940161895751953125e+01 -9.589131927490234375e+01 7.878825378417968750e+01
2.621893119812011719e+01 1.541407108306884766e+01 -1.133637313842773438e+02
3.472938919067382812e+01 -5.526943969726562500e+01 8.710833740234375000e+01
7.902320861816406250e+01 -6.960481262207031250e+01 7.999307250976562500e+01
-4.939761352539062500e+01 6.015341567993164062e+01 -8.811484527587890625e+01
3.200839614868164062e+01 -1.147971343994140625e+02 5.105073547363281250e+01
-3.416886901855468750e+01 3.389700317382812500e+01 -8.632584381103515625e+01
5.393505859375000000e+01 2.474590301513671875e+01 -1.321135101318359375e+02
6.705561828613281250e+01 -7.384123229980468750e+01 1.020093917846679688e+02
4.457741928100585938e+01 -5.743672180175781250e+01 1.140238265991210938e+02
-1.246689224243164062e+01 2.670861244201660156e+01 -1.147612304687500000e+02
8.877685546875000000e+00 -9.106163787841796875e+01 9.306423187255859375e+01
1.608621215820312500e+01 4.047432708740234375e+01 -7.637964630126953125e+01
1.184184341430664062e+02 4.986185073852539062e+00 5.397540283203125000e+01
3.148582649230957031e+01 1.166655349731445312e+01 -1.395624237060546875e+02
1.462829780578613281e+01 -5.154349517822265625e+01 1.061675415039062500e+02
-2.952832221984863281e+01 2.176771926879882812e+01 1.413048553466796875e+02
6.560056209564208984e+00 1.916095495223999023e+00 -1.020706558227539062e+02
4.073448181152343750e+01 -8.107635498046875000e+01 3.212926864624023438e+01
5.199349403381347656e+00 3.047610664367675781e+01 -9.800735473632812500e+01
4.007278823852539062e+01 -9.766390228271484375e+01 1.042786102294921875e+02
1.639721679687500000e+01 -7.012555694580078125e+01 8.240740203857421875e+01
-9.258875846862792969e+00 5.418782806396484375e+01 -1.210380096435546875e+02
4.108243179321289062e+01 -5.226704025268554688e+01 3.971826934814453125e+01
7.600840568542480469e+00 2.108087539672851562e+01 1.298378295898437500e+02
-1.028046798706054688e+01 3.816693878173828125e+01 -7.796792602539062500e+01
6.714174652099609375e+01 -9.428903198242187500e+01 4.206084823608398438e+01
