-1.283171967132763713e+00 4.776127993189439813e+00 -5.488643353633601230e+00
2.777571891322783593e+00 -6.059512570729560288e+00 4.307793653287131264e+00
3.021989595921616534e+00 -6.243819365281831679e+00 3.871676653966687809e+00
2.542445021313513465e+00 -6.261388706682573080e+00 3.592844513264571660e+00
-9.756225467378921712e-01 4.917475319265935063e+00 -5.348303648594454174e+00
2.806785209733117625e+00 -6.242148707932825502e+00 4.018345630106922250e+00
-2.243823781905275538e+00 4.924787149800245345e+00 -5.271128173663985450e+00
3.068946307218952896e+00 -6.247567470464671757e+00 3.804597122511932383e+00
-9.265560726990620388e-01 4.962851549201053203e+00 -5.247789851490606061e+00
-1.986307404600549775e+00 4.206486421425822186e+00 -5.388686168887271144e+00
2.542505050861040505e+00 -6.289730689168499644e+00 4.020985291411868445e+00
2.824858902740537303e+00 -6.183660569923456585e+00 3.744904449169044192e+00
-1.915236180079809891e+00 5.296605398086271066e+00 -5.122093694916014961e+00
2.487256100776727763e+00 -6.477065482708638022e+00 3.470630837640297006e+00
-1.465462375426083153e+00 5.497885040826884229e+00 -4.869069198151466438e+00
2.719318988208980770e+00 -6.339884856820537706e+00 3.601493353704683820e+00
-1.164075087343831028e+00 4.571005597691146782e+00 -5.432422241478803926e+00
2.342071376386963610e+00 -6.098881056260234246e+00 3.789489984545037604e+00
-1.618982083397650040e+00 4.706773144741476678e+00 -5.508255361664726735e+00
-1.598982218545175193e+00 4.600859352828696736e+00 -5.273828832126907784e+00
2.316469894143843078e+00 -6.148356299623104704e+00 3.807162758724207396e+00
-1.148201401903371721e+00 4.880955258717234457e+00 -5.364153625567984918e+00
3.042446191108751474e+00 -6.301648668990091906e+00 3.786465838054763555e+00
2.805853695158607497e+00 -6.334736307670009836e+00 3.330016423571234174e+00
-1.460794432681761679e+00 4.930758608559753675e+00 -5.497680979983003091e+00
2.855086160478182755e+00 -6.300414983799905499e+00 3.898355192688355952e+00
-1.521237594498572765e+00 4.527605766687961442e+00 -5.424377219630255986e+00
2.975498399712435127e+00 -6.373703756570584744e+00 3.856332444347668531e+00
-1.445536101848601040e+00 5.004707852989358940e+00 -5.529838127768413436e+00
2.542070847364523267e+00 -6.429377021729982822e+00 3.987831751277818526e+00
-1.304372465860130781e+00 5.093702307807749463e+00 -5.239326297125599829e+00
-1.377275283756679736e+00 4.854400774993491652e+00 -5.573745218197570850e+00
3.107327878237764462e+00 -5.978169997837433414e+00 3.879641774014031430e+00
2.680600412223158369e+00 -6.322726299859939836e+00 3.403672026706477283e+00
-2.174825972967275867e+00 4.911422574544739739e+00 -5.264245951628498510e+00
2.664292468057539498e+00 -6.531946477322930988e+00 3.517375399678521308e+00
-1.635310327529688967e+00 5.046292038514820000e+00 -5.536567592450493791e+00
2.636529870593120606e+00 -6.499356821299720366e+00 3.400889073850839495e+00
-1.980144277628543392e+00 5.452918354373285759e+00 -5.216799445930495160e+00
2.598733085108639429e+00 -6.539201346395248748e+00 3.612643257924953222e+00
-2.228439877529525770e+00 4.941581318747130247e+00 -5.335797591268353735e+00
-1.005351027552342291e+00 4.882689257681971817e+00 -5.270317941434115028e+00
2.532509663335203332e+00 -6.467586601185968398e+00 3.856677125464481382e+00
-1.349203563195560340e+00 5.284615134541263970e+00 -5.159851908122773168e+00
2.969467010519780015e+00 -6.290243307575288156e+00 4.013248356902960445e+00
-1.913312499813903056e+00 4.969791264545513343e+00 -5.531833399946812335e+00
2.430052042188803885e+00 -6.459342921971901852e+00 3.804740801634841407e+00
-1.654030420042268412e+00 5.283855821860391266e+00 -5.432782254370488673e+00
2.721354442292740039e+00 -6.468170422044796197e+00 3.175151051165192584e+00
-1.346743899627305119e+00 5.072237652172424838e+00 -5.443883000843872111e+00
2.868452597592118458e+00 -6.303905695849635116e+00 4.083127484373442861e+00
-1.436596036407355115e+00 5.033223874143791576e+00 -5.538038952285992522e+00
2.887934781424146280e+00 -6.395974797224473818e+00 3.343079108452633452e+00
-1.345297803387894398e+00 4.732833093323522533e+00 -5.527701186187231386e+00
2.503998490085961315e+00 -6.553758051107911875e+00 3.687511208481731195e+00
-1.648681399944143866e+00 5.226009612915937907e+00 -5.128150325071807458e+00
2.654036908331211198e+00 -6.305138668117164613e+00 4.150811761996640925e+00
-1.816487264893979159e+00 5.042880519787623861e+00 -5.540221332838060952e+00
2.301134960166073107e+00 -6.575082239322044053e+00 3.512955382179711261e+00
-1.751529040861954378e+00 5.061643749615764243e+00 -5.482309654381293917e+00
2.343106617565230643e+00 -6.310372147143072930e+00 4.107420029327812472e+00
-1.666129031959265649e+00 5.082333242303281651e+00 -5.564035880843738902e+00
2.571570896485207314e+00 -6.498525932365353697e+00 3.654914245702455933e+00
-2.107985368333890719e+00 5.225146591952956499e+00 -5.362156459157363386e+00
2.257870559057133075e+00 -6.259024681945638768e+00 3.569333234161884860e+00
-1.586738825198039660e+00 4.895813200774311369e+00 -5.578248069279348798e+00
2.845368735065489485e+00 -6.170479380479399367e+00 4.286200390942267902e+00
-1.836864958329907038e+00 5.618772247589386204e+00 -5.132516844096816300e+00
2.433345754491469393e+00 -6.279555019237939462e+00 4.070434855358222137e+00
-2.024520302785708825e+00 5.275222591971707509e+00 -5.420669525049051529e+00
2.901408966627031738e+00 -5.976422235866489352e+00 4.467758865555490289e+00
-1.351935939531187625e+00 4.650672506513857662e+00 -5.557594744602463166e+00
2.426138839558567462e+00 -6.228632945728357129e+00 4.219373456245873122e+00
-1.618674571389767891e+00 5.245922114012940618e+00 -5.499597825023696984e+00
2.406218719013713425e+00 -6.540265362384519499e+00 3.684024667180085810e+00
-2.670355174383225449e+00 5.187139733205452963e+00 -5.036219620325699253e+00
2.504593293420736444e+00 -6.122202655607855704e+00 3.874226822902082645e+00
-1.758681085805730238e+00 4.494228054524122662e+00 -5.470142121552617809e+00
2.705771327480681165e+00 -6.477581491587018903e+00 3.861151413742526906e+00
-1.031075731327915079e+00 5.072037958504837185e+00 -5.265850154561408480e+00
-1.316956468850755346e+00 4.565993536366897310e+00 -5.541597038594153091e+00
2.606386019132169718e+00 -6.371476366508602496e+00 3.773014870056305092e+00
-1.481257501088799833e+00 4.802806966358628138e+00 -5.606577599753224561e+00
2.876911199989743206e+00 -6.158702306544435068e+00 3.842628767535364087e+00
2.456354010113934727e+00 -6.219628934068148318e+00 3.978570150117386905e+00
-2.240240008060706334e+00 5.125402979655786950e+00 -5.322286266743433636e+00
2.316515870919558573e+00 -6.458326892725957613e+00 3.801698365398658908e+00
-2.135440905683724466e+00 4.892277307002379061e+00 -5.359765796503201507e+00
2.570670277500060497e+00 -6.536532608581370418e+00 3.819459971038231760e+00
-2.119038650232009324e+00 5.154596464140912104e+00 -5.320290225130138495e+00
2.718398046366796272e+00 -6.164067881151553685e+00 3.952752487345981613e+00
-2.108897290306811279e+00 5.031594846353677042e+00 -5.478468836026580746e+00
1.741568943899385546e+00 -6.476672898557391811e+00 3.634564061309426108e+00
-1.803458814824799417e+00 5.315262049703935787e+00 -5.411030740448718568e+00
2.373144884495916873e+00 -6.244575708911017209e+00 3.999654203599499080e+00
-2.324736721723283495e+00 5.131243479574917110e+00 -5.107181152418911019e+00
2.852619502784335292e+00 -6.310994431589415754e+00 3.708843744389470398e+00
-1.725649250217290653e+00 4.720619960177640628e+00 -5.543453627687743079e+00
2.758840648434976117e+00 -6.371206900452810018e+00 3.385393667292230901e+00
-1.111806078263503750e+00 4.819576916291395285e+00 -5.415914286767425700e+00
2.649490887916545301e+00 -6.036980642036102296e+00 4.411207492023877741e+00
-1.339551405201667489e+00 4.773974795024049200e+00 -5.577431513787461270e+00
2.781983777317103446e+00 -6.461515067220634734e+00 3.752330831418015045e+00
-2.497581624967029956e+00 5.297111624076351610e+00 -5.059376422595409650e+00
2.533035014050243117e+00 -5.937929035772851805e+00 4.545104315280698692e+00
-2.058072554569632118e+00 5.481575373882978219e+00 -4.933605273566582738e+00
2.974850544442225520e+00 -6.334832920956495528e+00 3.851256013805019585e+00
-1.894321875197058080e+00 5.276690231590464464e+00 -5.425261460734983388e+00
2.284147351243265511e+00 -5.662716006046275119e+00 3.695034094462141372e+00
-1.854843167901766066e+00 5.272833992711966289e+00 -5.427664329855161007e+00
2.565992712526856234e+00 -6.480932277392303931e+00 3.646857995649488871e+00
-1.310600211347004107e+00 4.595963891114224431e+00 -5.489624604551029741e+00
2.477140088400605844e+00 -6.491085953960185506e+00 3.913770020951818918e+00
-1.020019352534859758e+00 4.909902111037909300e+00 -5.177529719553917609e+00
2.591864777645804807e+00 -6.560785786358696470e+00 3.690923449738128692e+00
-1.090570402963705554e+00 4.671016157434733529e+00 -5.379211206460510653e+00
2.911711823133310784e+00 -6.179638452784322666e+00 4.008414993032047846e+00
-1.666938305844144708e+00 5.152480450990276850e+00 -5.416275299131040555e+00
2.117198580015045906e+00 -6.430529665546781182e+00 3.857307672141394583e+00
-1.676524718067621933e+00 5.104638610061810411e+00 -5.537839664463238165e+00
2.892735890857406567e+00 -6.416637423054834422e+00 3.882830583244908595e+00
-2.105555156717955345e+00 5.120826936770452420e+00 -5.463939121718674130e+00
2.890670776020759281e+00 -6.390912504689553408e+00 3.762329164570108020e+00
-2.005454170077838771e+00 5.402844497981302396e+00 -5.053951854973218083e+00
2.861968530886277229e+00 -6.428787796565424983e+00 3.848411859809307334e+00
-1.178606305533973719e+00 5.214252777282061047e+00 -5.185034708695736683e+00
2.593129479376707458e+00 -6.352842292116934964e+00 3.830040715829562625e+00
-2.191012798939561357e+00 4.809118925719484849e+00 -5.331221497520361119e+00
2.791316292628045481e+00 -6.435497771003248602e+00 3.945294137215117125e+00
-1.756435834343742508e+00 4.946795358157769940e+00 -5.380495999198451784e+00
2.499773807741902942e+00 -6.548228583693413540e+00 3.695639413382175942e+00
-1.442621314443378155e+00 5.125314709415269121e+00 -5.420328052228948756e+00
2.566715966512920222e+00 -6.387986569551155291e+00 4.062173609119856366e+00
-2.054501452008816287e+00 4.921275419623340142e+00 -5.458675206336527808e+00
2.992632209337085403e+00 -6.220858883872191214e+00 4.153282434859866257e+00
-1.340541514115142441e+00 4.766910490188964289e+00 -5.112438343141804786e+00
1.715431680934466074e+00 -6.316187070376858337e+00 3.853025367324736550e+00
-1.661987067762995318e+00 4.821090788363971313e+00 -5.203237977291121474e+00
2.734618577987885768e+00 -6.448992953116685634e+00 3.673580985458937853e+00
-1.220943864423832181e+00 4.784152877495660761e+00 -5.479635261305934257e+00
-1.909010168726920087e+00 4.894923319399398842e+00 -5.545728895632246136e+00
2.584487967382611995e+00 -6.421395859437147635e+00 3.735356038808833379e+00
2.526018412051350470e+00 -6.411891094251729761e+00 3.917093979768340617e+00
-1.504959961809199775e+00 4.685932894304952967e+00 -5.459727726619701293e+00
2.476375995210617020e+00 -6.262349523003151397e+00 4.139438848098897950e+00
-1.796896081033484194e+00 5.168866150167849227e+00 -5.464290689916054156e+00
2.028332469199387589e+00 -4.245629925346876554e+00 5.824523855530140182e+00
-4.301600305899486720e+00 5.541079073910455399e+00 -3.246016486736619022e+00
2.097587886291862436e+00 -4.296854065180871984e+00 5.737779176965814187e+00
-4.394845297931182060e+00 5.388643978713954397e+00 -3.289507394726098877e+00
-4.221505151078569718e+00 5.095488333467171671e+00 -3.677970941076276645e+00
2.095494850631268946e+00 -4.223897620044904322e+00 5.852126340714741026e+00
2.242688010245901697e+00 -4.148277277725589407e+00 5.856923321452972786e+00
-4.031206279511393653e+00 5.174556318358826346e+00 -3.994843065740707910e+00
2.068420563868967221e+00 -4.544518993711755606e+00 5.693079245347564488e+00
-3.943716242010402162e+00 5.174636006876560224e+00 -4.098947438268012000e+00
2.089610678644738151e+00 -4.363275061100969410e+00 5.636762315462535256e+00
-4.221569997218651338e+00 5.396740321513029848e+00 -3.702512461558275625e+00
2.153681482543135850e+00 -4.138825645261865915e+00 5.904966131186124123e+00
-4.459526973747466982e+00 5.111567489657401708e+00 -3.245713246124036111e+00
2.432942195908788463e+00 -4.719785552023953556e+00 5.542090003686031885e+00
-4.418937451436924846e+00 5.353815584537682248e+00 -3.288437821513971571e+00
2.121010594644097580e+00 -4.823147663316361466e+00 5.458229695594695841e+00
-4.282175969608398525e+00 5.652446611309217772e+00 -2.413341629109277076e+00
2.333684767617824729e+00 -4.084585463621490220e+00 5.847243602926472938e+00
-4.257866009114029460e+00 5.253477550505142979e+00 -3.689962940172588635e+00
-4.345405684902039489e+00 5.369481622014319555e+00 -3.030140267425228018e+00
2.288340124977680023e+00 -3.849205490848771838e+00 5.835457486978651964e+00
2.190760072422830440e+00 -4.500436175937363892e+00 5.739744376661223946e+00
-3.790817964987453603e+00 5.161707962227814583e+00 -4.286559550539530861e+00
2.546404092749904091e+00 -3.615268190701954154e+00 5.745013527697346412e+00
-3.895674835708845762e+00 5.086973721707233942e+00 -4.109960879262208877e+00
-4.337190750453663313e+00 5.217395043096253460e+00 -3.501377554339288878e+00
2.427535391560693423e+00 -4.106870281868088668e+00 5.779416721963126058e+00
-4.379462596478872705e+00 5.348416210489890688e+00 -3.480607254490613478e+00
-4.121054090877537490e+00 5.205203123065483162e+00 -3.888521422841292097e+00
2.228855174198094424e+00 -4.356570030392830972e+00 5.750103487955347425e+00
2.334328929454962509e+00 -3.879232991428791966e+00 5.755428659106604172e+00
-3.984963591264487626e+00 5.968011718832340051e+00 -1.987935597386176090e+00
1.834830662466493401e+00 -3.614235643716099844e+00 5.762539150323713777e+00
-4.130897061133620873e+00 5.373308165947911164e+00 -3.878863257543662790e+00
2.479157315386644189e+00 -3.841264551877118461e+00 5.749492451456746700e+00
-3.515764816606111953e+00 5.388733270755043492e+00 -4.202044269757422512e+00
2.205175414498066200e+00 -4.572957822679648565e+00 5.681578870834703920e+00
-3.990855632696027389e+00 5.328071199949517833e+00 -3.903910267980857274e+00
2.230691977980234775e+00 -4.996204545728482493e+00 5.312239666641565883e+00
-4.353622107677010966e+00 5.492365050232927537e+00 -3.327999105748974618e+00
2.257209225459602564e+00 -4.531330887234724436e+00 5.692384478109188350e+00
-3.508192511289936810e+00 5.353414210966457532e+00 -3.917678343152369180e+00
-4.317399997394852917e+00 5.461145891281168119e+00 -3.491672919160304200e+00
2.203944946419028827e+00 -3.924638671218207975e+00 5.853030662740892787e+00
2.195899260041071610e+00 -4.676107643812400738e+00 5.614915603785258114e+00
-4.272055453529780777e+00 5.394910833841422004e+00 -3.629064977245540113e+00
2.405040730700685359e+00 -3.531929091873712068e+00 5.818961887308995884e+00
-3.879776239546853134e+00 5.246928027850900733e+00 -4.040332431503534494e+00
2.193732156693535273e+00 -3.989222088610951733e+00 5.896812416661077805e+00
-4.203677622271912107e+00 5.090005349307625160e+00 -3.545690899979463850e+00
2.386657291340523734e+00 -4.540365395785127767e+00 5.709813878672658660e+00
-3.871296476612091642e+00 5.363577628360799210e+00 -3.682635541552369496e+00
2.251529049985565578e+00 -3.858362837213579422e+00 5.889062917214630488e+00
-3.800436155865170917e+00 5.085036688406509242e+00 -4.170818145926162401e+00
2.265751531518882533e+00 -4.676005183855536096e+00 5.632326158777171798e+00
-3.805273809402767604e+00 5.061459826727302769e+00 -4.095234047707235980e+00
2.198391286454802085e+00 -4.701741191919152740e+00 5.651957595960205083e+00
-4.384401371109091450e+00 5.395814216736149582e+00 -3.379127941442172212e+00
2.234154479425837003e+00 -4.679797824333899570e+00 5.599397527373070282e+00
-4.135244879830202613e+00 5.091255736800721188e+00 -3.840888752246887083e+00
2.154635714808725400e+00 -4.428789949054475983e+00 5.786533423988331926e+00
-4.236809495676788551e+00 5.632030539661660562e+00 -2.859721642522131457e+00
2.238053703483427803e+00 -4.058524178969538099e+00 5.882218873586096741e+00
-4.176434015144987910e+00 5.597727600523321634e+00 -3.282979732138983309e+00
-4.332322779971658377e+00 5.537507508967125069e+00 -3.159112347399713805e+00
2.244154619451288468e+00 -4.155538248242097055e+00 5.794050330817498207e+00
-4.400771249092163551e+00 5.347688458677184009e+00 -3.332006210450543016e+00
2.400524337943103159e+00 -4.014136768087325002e+00 5.757757988774208968e+00
-3.803759076435043962e+00 5.176472978820461535e+00 -4.173227661930579480e+00
-4.002087816974226442e+00 5.214373937749896548e+00 -4.055715107856445734e+00
2.015475483673798696e+00 -3.666024546423954256e+00 5.771786485857147042e+00
2.312644566947448244e+00 -4.177366021483764236e+00 5.778973613658064501e+00
-4.333731055951078659e+00 5.495860598298894395e+00 -3.158631062151917135e+00
2.341773336089112867e+00 -4.175952993257120660e+00 5.816498310804292693e+00
-4.482899706399530615e+00 5.365860185366259749e+00 -3.092861819427047188e+00
2.276745623843000832e+00 -4.008429128559429344e+00 5.910960608559604701e+00
-4.004511526058580628e+00 5.553065899832431818e+00 -3.133166814865848249e+00
2.456693743965424392e+00 -4.019653953416025161e+00 5.730124260918478818e+00
-4.216586246610698474e+00 5.499740978354811460e+00 -3.375927213484150258e+00
2.394256984199350846e+00 -4.055731521584686305e+00 5.826495583957465030e+00
-4.231547815555097181e+00 5.368139624716031122e+00 -3.729816805813696678e+00
2.241585754487052107e+00 -4.076197104407994765e+00 5.902066892611076199e+00
-4.013325726679675576e+00 5.652620295617935220e+00 -3.389766467415637585e+00
2.184853536058697365e+00 -4.359558284527982330e+00 5.763938237288953381e+00
-4.215563846803031645e+00 5.168266685359696133e+00 -3.420813139899046895e+00
2.219547010953477173e+00 -3.840907365217857805e+00 5.899513831492179783e+00
-4.056728366974372335e+00 5.660209808950111388e+00 -3.296770006826408750e+00
2.196510078421548773e+00 -3.835785049370378896e+00 5.782771436842573110e+00
-3.929339055529223579e+00 5.663476769447717274e+00 -3.462068689402804988e+00
2.240961547806204823e+00 -4.170398776172359767e+00 5.875867663845452782e+00
-4.330016001465810227e+00 5.472189955071272927e+00 -3.434576863111340916e+00
2.183945400216456889e+00 -4.131070034344534569e+00 5.826503597711338855e+00
-4.076833696118032258e+00 5.417793009331549392e+00 -3.677788762065138162e+00
-3.726166507497217673e+00 5.304474337138933571e+00 -4.153929999812836726e+00
2.298005433917257534e+00 -3.807576069950610709e+00 5.822762867655873364e+00
2.181256635383764131e+00 -4.245975191927765735e+00 5.709943484622571397e+00
-3.962857564938602195e+00 5.558136932188762813e+00 -3.698897763008460515e+00
2.089050475295906928e+00 -3.911200648068171137e+00 5.768173679380706353e+00
-4.508003008146649115e+00 4.964115977591956330e+00 -3.475326568750718437e+00
2.279247675083414748e+00 -3.911243492720224868e+00 5.656516380137788680e+00
-4.359690775906297944e+00 5.304280930010441431e+00 -3.393857494577929401e+00
-4.117830236900649865e+00 5.264787124528293560e+00 -3.905372118143865201e+00
2.097567656742042708e+00 -4.524903826991030442e+00 5.622630189473714069e+00
-4.196982548987698181e+00 5.507948559096642605e+00 -3.321081513703453503e+00
2.326361248268746795e+00 -4.414410232748938512e+00 5.742603577419226113e+00
-4.170971295742877061e+00 5.209021568136703806e+00 -3.707619555649694032e+00
2.470738491446110352e+00 -3.574571405958578474e+00 5.586162023870205218e+00
-4.409279004228714882e+00 5.517435739610139223e+00 -2.940885977266679774e+00
2.476414569654424191e+00 -4.409369792652706010e+00 5.623279012513574315e+00
-4.225895261049696039e+00 5.527841980330442162e+00 -3.380700167600562800e+00
2.352598371444952985e+00 -4.349146434595831501e+00 5.733660998086201666e+00
-4.259732746308870333e+00 5.684774263131018301e+00 -2.642643964783272903e+00
-4.485141607085760818e+00 5.291234626500042282e+00 -3.196847906700385433e+00
2.058110067839138413e+00 -3.791444250611623268e+00 5.922315298065037759e+00
2.201701510984716226e+00 -3.925048055589396068e+00 5.910933815691627125e+00
-4.438586390033689710e+00 5.422474472546713997e+00 -3.271693359685359237e+00
2.277793239506414213e+00 -3.699379501996771236e+00 5.709096545408194778e+00
-4.063860222918603604e+00 5.453880399648185495e+00 -3.788781883001837603e+00
3.360665544789029902e+00 -5.545882771314928128e+00 4.188994231532159773e+00
-1.520723980753792004e+00 5.838785853844643547e+00 -4.652512017541083900e+00
-1.338127328404106642e+00 5.767065753773216841e+00 -4.462791211526003998e+00
3.287051923946570753e+00 -5.649079858589431957e+00 3.978269624692653217e+00
-1.391517265650956681e+00 5.848327870878733847e+00 -4.288584991917460343e+00
3.085476947559466776e+00 -5.357967602185741640e+00 4.578832635657609451e+00
3.269235115627739940e+00 -5.693539468401861647e+00 3.788920455639968932e+00
-1.615412399101709084e+00 5.767727759140746535e+00 -4.429254463414007859e+00
2.946536114113032845e+00 -5.117841209950436898e+00 4.369107718776273686e+00
-1.338333959077621760e+00 5.814634380222088339e+00 -4.442286073474814856e+00
3.310390339955706640e+00 -5.347999692060061427e+00 4.421852464170178187e+00
-1.326140381332413742e+00 5.811401319524066800e+00 -4.395012516789329915e+00
3.287954034400768055e+00 -5.403676485750418479e+00 4.375793897695650969e+00
-1.985071073870066982e+00 5.855852180940816609e+00 -4.357972586845229479e+00
3.317620297539202845e+00 -5.568983226796579977e+00 4.382017662622561538e+00
-1.709668292076234497e+00 5.906683052638276976e+00 -4.570669698542466186e+00
-9.993891793267880574e-01 5.586681014274970991e+00 -4.392559369661312552e+00
3.538496635482721864e+00 -3.993192785912086151e+00 4.054896737240738958e+00
3.327387560876207573e+00 -5.566969396915963486e+00 3.984686836243925612e+00
-2.267243807859188998e+00 5.750663605453464555e+00 -4.665932102229809253e+00
3.103009806124674252e+00 -5.958360923656401908e+00 4.187101060559442089e+00
-1.338164230348356076e+00 5.383421809059457885e+00 -4.547237420932524365e+00
2.583606412096384197e+00 -6.028322223443911554e+00 4.038849844629800678e+00
-1.427453913673098151e+00 5.806039655202700267e+00 -4.578971999270796900e+00
3.328392568386666195e+00 -5.571908989520066413e+00 4.074122263383257447e+00
-1.886863963465218674e+00 5.912309311011202162e+00 -4.415643172582752740e+00
3.341483001133861208e+00 -5.026357611603891939e+00 4.078582009592572888e+00
-1.527608546426850511e+00 5.805582550029483535e+00 -4.673224598797644624e+00
3.343576820861516197e+00 -5.451102318194040564e+00 4.332953535351520280e+00
-2.251201788271322446e+00 5.903176983043390003e+00 -4.170600249369579515e+00
3.019289224668022520e+00 -6.192395852866403594e+00 4.028644920033346288e+00
-1.862466720962812516e+00 5.925718208178430757e+00 -4.003805493238398405e+00
3.110007426678382814e+00 -6.024697692827837514e+00 4.192815420037222296e+00
-1.911166316566451862e+00 5.921186903111042454e+00 -4.490501835696452559e+00
-1.370794043444669930e+00 5.678321050701374162e+00 -4.607334078898067453e+00
3.159156648767695863e+00 -5.096807330452079121e+00 4.778053811523037986e+00
3.266232834890435477e+00 -5.189298900993506436e+00 4.359096547695235913e+00
-2.418375990141772736e+00 5.836136199098437949e+00 -4.036769036884000350e+00
3.401883918198082668e+00 -5.469683037483196841e+00 3.688730168335930593e+00
-2.224867417664776692e+00 5.919205749949160378e+00 -4.114768798237965264e+00
-1.729857662211925051e+00 5.797913977623210258e+00 -4.653841116813485002e+00
3.326581704088077185e+00 -5.521372702444504732e+00 4.319229343686682654e+00
-1.289556247359301633e+00 5.727071663742532515e+00 -4.466811487870007369e+00
3.276992286749258909e+00 -5.602002355608548534e+00 4.406408860174481745e+00
3.292341664899955056e+00 -4.920588722999657882e+00 4.336738803676433385e+00
-2.342274767028856175e+00 5.858750450056832371e+00 -4.463388672886241082e+00
3.374046164212807231e+00 -5.157710521071370735e+00 4.099800635172679009e+00
-2.095434937727579161e+00 5.814440722495156422e+00 -4.601665732108557449e+00
-1.132346449443096148e+00 5.365857445209045729e+00 -4.332497478304478733e+00
3.220603176425394842e+00 -5.037166629675597029e+00 4.505728419868154866e+00
3.172644323519762555e+00 -5.298690735762989767e+00 4.428545295075632104e+00
-1.709453948793214328e+00 5.912262963675116723e+00 -4.462306353506106937e+00
3.320624665324765967e+00 -5.567890919925789994e+00 4.394136038180691095e+00
-1.722097295907220937e+00 5.911056181046425273e+00 -4.530817689076296340e+00
3.177454989358210913e+00 -6.070605548905343873e+00 4.071127728780451704e+00
-1.293141613535238488e+00 5.701108844593290925e+00 -4.260535911753780880e+00
3.201889948295315591e+00 -5.732286516898281725e+00 4.229334722348313313e+00
-1.685289021944724075e+00 5.839987288634633344e+00 -4.687241527073589431e+00
-1.590180649239010480e+00 5.829553495846417910e+00 -4.570270669790645890e+00
3.219385435887713864e+00 -5.522777306874188774e+00 3.873803067327442395e+00
-1.708424951831527761e+00 5.916088152229230346e+00 -4.369805592457294274e+00
3.215948805208104666e+00 -5.390717322011624013e+00 4.555161103691761859e+00
3.266747141896198858e+00 -5.508426484731305806e+00 4.518533827699990901e+00
-1.817651489783959073e+00 5.921398821853509631e+00 -3.889136675520706632e+00
3.160233374125248851e+00 -5.802154239761927457e+00 4.112236922186506938e+00
-1.571458960217330336e+00 5.695747135823057583e+00 -4.645746282595031751e+00
-1.967416770914546253e+00 5.896648128360761909e+00 -4.456814179944302623e+00
3.255746949401373769e+00 -4.913446830665237464e+00 4.238961893036381490e+00
