1.510444102432659292e+02 9.285104626838229080e+01 -2.495078884017615550e+01
-1.415231840169655868e+02 -9.215963985890200050e+00 6.841969537345175922e+01
1.161206886975441677e+02 9.867026128768815463e-01 7.310958644561812036e+01
-1.068045141636213344e+02 8.608198598198391949e+01 -3.162252677510562648e+01
1.367810425389973261e+02 8.264019057200364671e+01 -3.334156530246273320e+01
-1.187615362220868747e+02 -8.105439639366191784e+01 -4.283594797859374381e+01
-1.279591981361346029e+02 -9.289956271177024405e+01 -3.681354880435629440e+01
-1.438329127790700284e+02 -6.152789814921621137e+00 7.633792886986844906e+01
-1.261545560893875120e+02 -8.111616554839935134e+01 -4.626706726546872517e+01
-1.343815187500166530e+02 7.713462186927291242e-01 7.958715703012126141e+01
1.138103408037074615e+02 -8.755396440113926815e+01 -4.406786571465880797e+01
-1.333444973118831740e+02 -5.001185355123603848e+00 8.036950312533049612e+01
1.470481139747778911e+02 9.413021284681987311e+01 -3.071179632398888160e+01
1.190217182457847400e+02 -9.618878459804326653e+00 6.267016769334726689e+01
-1.216317635606214367e+02 -7.832869035337509445e+01 -4.980793572788078194e+01
-1.352661959071235742e+02 -7.497824547687658026e+01 -3.620626673402320961e+01
-9.850771026653582396e+01 9.626920106416794454e+01 -2.976735447437283355e+01
-1.366650763104081534e+02 -8.909435744695630888e+01 -5.003601337954063411e+01
-1.376808914686295680e+02 -7.111328285628077950e+00 7.027173558119731922e+01
-1.287092671878614567e+02 -7.971445928024250804e+01 -4.773299010595354019e+01
-1.389173939331431882e+02 3.123477590834630391e+00 7.178543242736526508e+01
-1.212947824176480367e+02 -7.095078685149796627e+01 -4.727143227578829965e+01
1.532800015030306611e+02 9.012972367677085117e+01 -3.498764751130881479e+01
1.125536482887608258e+02 -1.021200362093209435e+01 6.712016469254925255e+01
1.117971613392123231e+02 -1.769193270792902339e+00 7.240885354781737249e+01
-1.372848234900261559e+02 -8.320926222926442506e+01 -5.121209482745554453e+01
-9.457723984176350029e+01 9.043233698011876243e+01 -3.800877250588222012e+01
1.120906121512271625e+02 -6.969996305164939621e+00 6.799109632261705372e+01
-8.991818302259244433e+01 8.501857421138682014e+01 -3.748760366325782911e+01
-1.279777402896567793e+02 -7.936430992610668511e+01 -4.198741285889463626e+01
-1.306927064064722970e+02 3.382615360925087522e+00 8.003859979076993625e+01
1.323016947187501842e+02 9.070516260475430670e+01 -2.986545338345967693e+01
1.273188005342003351e+02 -8.362624585769850682e+01 -4.989785890754664877e+01
-1.341688822366023430e+02 -1.074725187624533440e+01 6.564180173721429412e+01
1.102036562849781092e+02 -7.746059185316190110e+01 -4.595547693961324853e+01
-1.425699222687663053e+02 -2.114944981076147101e+01 7.299754859812466634e+01
1.058671246762826712e+02 -9.200524705296027506e+00 7.491019334271778973e+01
-1.527223009181925590e+02 -1.216901382822083377e+01 6.842012438337074798e+01
-1.037746082902781524e+02 7.670985787643124354e+01 -2.350336034191964885e+01
-1.559514298905583303e+02 -6.921059564152631793e+00 8.318688274355311307e+01
1.177435173194255498e+02 -8.238734648692471296e+01 -4.364384780655256435e+01
-9.305176463872012960e+01 9.925409518602437231e+01 -2.802336701897105087e+01
1.600727447971055710e+02 9.514970463134456224e+01 -3.761885710007585715e+01
-1.461259398954203732e+02 -7.979875510978081365e+01 -3.728621164397745957e+01
1.037018351540229162e+02 -2.048857156065990637e+01 7.568571926271327754e+01
-1.339373685021848814e+02 -4.452727643672581337e+00 6.632315032715609959e+01
-9.612849891979558947e+01 7.666441703639172545e+01 -2.957470861983543386e+01
1.019562932787250702e+02 -8.534403460202516101e+01 -4.734845881076957852e+01
1.219893253990791777e+02 -7.098961000727015858e+01 -3.763232727030680991e+01
1.092976112638135788e+02 -7.761269410530879043e+01 -3.617033735939608619e+01
-1.079859739864728851e+02 8.851387912190860163e+01 -3.163744159110681053e+01
1.602136344708086995e+02 1.032383300608717747e+02 -3.381512411262523443e+01
1.240144253212479697e+02 -9.122326963625131668e+01 -4.699239916370181902e+01
-1.375411491937847472e+02 -6.990382143857380548e+00 7.805894472984391541e+01
-1.467602924261898920e+02 -1.903308179352633189e+01 6.531001088838462465e+01
-1.453444721600162097e+02 -5.856050652726817241e+00 7.426251816099194514e+01
-1.370919845554871870e+02 -9.100730508984914024e+01 -4.009942377101171473e+01
1.396665740109140188e+02 8.838446156839152934e+01 -3.052300526522905599e+01
1.025740899878861256e+02 -1.596123692491429580e+01 7.446737301020253597e+01
-1.321133545776210099e+02 -9.258747409988127686e+01 -4.208238068339914406e+01
1.040286993405602800e+02 -2.260823367812041518e+00 6.978943908567885046e+01
1.177628654633613650e+02 -3.730768537323943868e+00 6.391426806578225950e+01
-1.250851708642400553e+02 -7.848430869219836836e+01 -3.962497483658216169e+01
-1.382574388341772647e+02 -7.869568629040578855e+01 -4.490740235825172988e+01
1.111045533941401260e+02 -8.519225958235701057e+00 8.343352052530268281e+01
1.445213276831418057e+02 9.138166366634757765e+01 -2.366959682914665919e+01
-1.468635844077812180e+02 -9.009466112088921008e+00 6.210515869241710618e+01
1.447233872835317072e+02 8.303764315558026965e+01 -3.109303745618026937e+01
-1.380227958127245529e+02 -8.474967082526495687e+01 -4.523670323447397124e+01
-1.427066373135412505e+02 -8.456745700670987276e+01 -4.370659126059555177e+01
1.470344299882588643e+02 8.594414302002746808e+01 -3.205798279984973931e+01
1.145765481931566114e+02 -1.222321549371522131e+01 6.571607179650044372e+01
1.641047376458403733e+02 1.008546363145380269e+02 -2.566184348772955204e+01
1.549559968829969137e+02 8.632308319721073531e+01 -4.030477660684125141e+01
1.383781444457196130e+02 8.197970531837594876e+01 -2.772267395268733381e+01
1.069688431545997531e+02 -8.063527561814807143e+01 -3.611427466099549832e+01
1.002815075171080537e+02 -1.506163867607169315e+01 8.073023240387581723e+01
-1.444967214812706402e+02 -1.757634519542109786e+01 7.172385225832488231e+01
-1.498955410502601069e+02 -3.378502188852470223e+00 7.136339179202587957e+01
-9.668891509066507695e+01 9.036252027318859348e+01 -3.401577114202947172e+01
1.593212020789041219e+02 8.511521484814919347e+01 -3.453310618978929369e+01
1.195281725923852747e+02 -9.078712869142962916e+01 -4.114899600480562469e+01
-1.339092379143418441e+02 -8.634472725323850284e+01 -5.425552792251989587e+01
1.207901703573584484e+02 -8.154927600950092881e+01 -3.341905641230206214e+01
9.565726772748456597e+01 -9.141852478923709668e+00 6.998781255721574723e+01
-1.443198989174586302e+02 -1.635486814677256362e+01 8.234610546743496684e+01
1.396926396338898257e+02 9.003374253617589318e+01 -3.762670271625994900e+01
1.462772141333432785e+02 9.218295161289830730e+01 -3.596293553566369638e+01
1.057911238333032458e+02 -4.402376594258321951e+00 7.564674582523626611e+01
1.116063042406978241e+02 -8.261895225048623104e+01 -4.074307095535374401e+01
1.029896031383095334e+02 -7.376280190683958438e+01 -3.180389460731682405e+01
-1.256049876036993425e+02 1.698125994086238988e+00 7.745037067456776469e+01
-1.286272852818767376e+02 -8.871365561845979641e+01 -4.754449050518658026e+01
-1.035926058991140053e+02 8.479624490598560271e+01 -2.643713505132928177e+01
1.505980655362958203e+02 8.702323634118420159e+01 -3.561239061910315229e+01
1.153241122580806177e+02 -8.583260583171568214e+01 -5.444694924046738294e+01
1.253301385310591058e+02 -7.498778857212977300e+01 -3.950650966018873333e+01
1.120174449071587901e+02 -7.409861875267442599e+01 -4.255420761488748838e+01
-8.605924612190838729e+01 8.078636695151585911e+01 -3.650535883321521169e+01
-1.370456207422010095e+02 -1.059373088651751793e+01 7.245436944832870552e+01
1.349241219528738043e+02 9.235647627567159645e+01 -2.750227089678009662e+01
1.171259636148575254e+02 -8.800559010760284195e+01 -5.087449518428275752e+01
-1.041230613449207141e+02 7.746911145287697309e+01 -2.660569440665219432e+01
-1.236648442394829743e+02 -6.897621043955849984e+01 -4.087296445395363520e+01
-1.055498994151273138e+02 9.277228103137535697e+01 -3.388682405729714731e+01
1.116136646781076820e+02 -2.496973024501524030e+00 7.821428658197963557e+01
-9.966932023519325412e+01 8.818488025974724565e+01 -3.563494203384459524e+01
1.576194903343292708e+02 8.337688277630915934e+01 -2.243915445950937126e+01
1.013523304190247813e+02 -7.933671484742194480e+01 -4.078778890543445357e+01
1.189637265511247506e+02 -7.763488749039933623e+01 -3.934264818315742218e+01
1.184396736785296156e+02 -9.006740610357972798e+01 -4.295387267518470509e+01
1.086691720771046334e+02 -1.730808265140589697e+01 7.006781480576336207e+01
-1.341841837427378721e+02 -1.401748636019093178e-02 6.716013759012449214e+01
-1.531059875270874500e+02 -2.055064282720960733e+01 7.005584799304342880e+01
-9.356951856323682648e+01 8.231830233921344586e+01 -3.170174228906986968e+01
-1.486329258113794936e+02 -7.360784298404193571e+00 8.081436084343403081e+01
1.606125643801555896e+02 9.700339566602598040e+01 -3.220037839747785569e+01
-1.028177783327496684e+02 8.951219034452287815e+01 -2.922629414220709165e+01
-9.935804693273436783e+01 8.201914640102698684e+01 -2.226010927089917502e+01
1.076490700270658039e+02 -1.142840462503795507e-01 6.839498891451205509e+01
-1.286135192634251894e+02 -3.359733809363112944e-01 7.175658423142573383e+01
-1.430638923992783873e+02 -1.328383469100042902e+00 8.226503401997754850e+01
1.005381544217477483e+02 -6.163124472989363056e+00 7.258161181181195332e+01
1.183684337998917613e+02 -8.829509931030007408e+01 -4.876794990371029570e+01
1.509845866922113089e+02 7.829195226039428235e+01 -2.962814953067196555e+01
1.151041938255418415e+02 -8.203152536588828525e+01 -3.762925421293518724e+01
-1.272031729297797966e+02 -1.248320385945342448e+00 7.715914823821654522e+01
9.629216927584272412e+01 -4.163984276235387583e+00 8.171563994732333924e+01
1.125395320690700061e+02 -1.585727702301478992e+01 6.627263967604028494e+01
1.200386484789419370e+02 -8.473541018679769365e+01 -4.199197116680936404e+01
-1.476937207382665065e+02 -1.464070974101587019e+01 7.038352865001330372e+01
1.203600090848944006e+02 -7.234027829945743804e+01 -4.455743299014812919e+01
1.562110245890746683e+02 8.906188992569234131e+01 -3.348591477041475883e+01
1.405839409319765991e+02 8.733769793731376296e+01 -1.938306835120956961e+01
1.125233031281829597e+02 -9.126015790028374397e+01 -3.739062345859276348e+01
1.533306686904048490e+02 8.602892158000314282e+01 -2.373296492903038057e+01
9.769252567879664184e+01 -1.181100497117705395e+01 7.088952145677578187e+01
-1.367843994814008965e+02 -8.149679956205842757e+01 -3.833944086171285193e+01
-9.644171395459544271e+01 9.431776389465800037e+01 -3.733880642392037430e+01
1.525056817194545431e+02 9.030384384837044820e+01 -4.157213346930723930e+01
-1.364262957222763362e+02 -8.992031225748498002e+01 -3.542119646226576180e+01
1.568984360385538821e+02 9.120559040794979921e+01 -1.972421805952599172e+01
1.514206021948353111e+02 8.795187102430161019e+01 -2.411848036893483638e+01
1.566421511341032726e+02 9.664354380132725453e+01 -2.220204473582473170e+01
-1.197729069446299235e+02 -7.384434711517562278e+01 -4.164493491177283602e+01
9.937227690114485767e+01 -8.453786378999913254e+00 7.127994400487472149e+01
-8.429364009347330011e+01 8.278141826533254743e+01 -3.499740982412696155e+01
-1.276534049111264153e+02 -8.715912604288224941e+01 -4.126390963603885353e+01
-1.329352484052313059e+02 -8.312362176828931126e+01 -4.703378740597869978e+01
-1.525118486154931361e+02 -6.000965946846445576e+00 7.871552317937853616e+01
-1.095859835324946374e+02 8.648538615429056620e+01 -2.925174132148234918e+01
-1.292783506498508643e+02 -1.003473443281875488e+00 6.326242548355087791e+01
-1.433604451949397287e+02 -9.182605277345974315e+00 8.266708150580164727e+01
-1.359624881994569705e+02 -9.992839944296088461e+00 6.036238792806982190e+01
9.964848879955984273e+01 -7.570816821433385257e+01 -3.394328144630173938e+01
-1.345218043492345146e+02 -7.411569458161544333e+01 -4.714073627526105525e+01
1.051730888100543808e+02 -6.390085587194558769e+00 7.005117093688595276e+01
1.063724564573938380e+02 -7.372140685294320406e+01 -3.506669028822215495e+01
1.535440567381455992e+02 8.743730897164093108e+01 -2.679580588650014761e+01
-1.483531819331789450e+02 -1.521696565383812150e+01 8.314649361709203390e+01
-9.895636214839038303e+01 9.079404296956786879e+01 -2.509826448582993308e+01
1.223112942952869133e+02 -8.172176706895827181e+01 -4.674144623764357220e+01
1.191875280974673217e+02 -8.476284896583146633e+01 -4.413765986572143873e+01
-1.450011409772247362e+02 -8.210169434749970208e+01 -3.430547554846859271e+01
1.332699347552636198e+02 9.051209448392241086e+01 -2.763905007391210233e+01
1.093985903484024931e+02 -4.397499886018407800e+00 7.257145147814492248e+01
-1.326210916967849869e+02 -1.284288697968339221e+01 7.239531585507583600e+01
1.356218799895463576e+02 8.936597881850562430e+01 -2.228241487889642514e+01
1.050554150524639709e+02 -8.824759327085904204e+01 -3.845639180779379984e+01
-8.478864041964156684e+01 8.895117653861159113e+01 -3.940701331567206722e+01
1.182018704541236644e+02 -2.537469964347343065e+00 8.090352807905070165e+01
-9.149768251214793224e+01 9.120974175694429675e+01 -2.963775748678099120e+01
-1.480715237886155080e+02 -8.569177187689593911e-01 7.387480456104310633e+01
9.963315602084625766e+01 -7.380520153872501155e+00 8.018416797893534920e+01
1.521387647197215358e+02 8.425706041875571373e+01 -3.801770479456944685e+01
1.579261078146818988e+02 9.941446319516195729e+01 -3.874436094485258053e+01
1.086158758396702098e+02 -8.557085445766520593e+01 -4.039525773786680674e+01
1.153873012533492926e+02 -7.562625956135723015e+01 -4.608027806546498084e+01
-1.423851789873617122e+02 -8.492686137417005909e+01 -3.190046971050692548e+01
-1.452529710048469838e+02 -2.826235300796753336e+00 7.305908464364702581e+01
1.113989613125574323e+02 -7.237886696505364625e+01 -4.232881897949562244e+01
-1.390597262166091923e+02 -8.420076794324442915e+01 -3.508114252104719100e+01
1.125373044832904128e+02 -7.762661666887861145e+01 -4.263220738099713003e+01
1.428234556940277855e+02 9.920618185131839084e+01 -3.047978262111320547e+01
1.418691403036034160e+02 9.455870600317044250e+01 -2.141429359142269107e+01
-9.964872698370375304e+01 1.014897209493172312e+02 -2.432681023872166648e+01
1.445453936773876649e+02 8.656210425276671572e+01 -3.822488702469019017e+01
1.057151364539920877e+02 -1.065643231388125756e+01 8.292265101468071009e+01
-1.258158316846824363e+02 1.524002055175515791e+00 6.927096595577403093e+01
-8.968470978402071125e+01 9.343550559068816597e+01 -3.174792074316901491e+01
-1.537144565550203197e+02 -8.157814528178704450e+00 7.389261681652298819e+01
-1.326130441687616894e+02 -4.995514302092149528e+00 6.911010198915440128e+01
-8.775897828272114509e+01 9.309153522344870169e+01 -2.500132998677169738e+01
-1.008959635534823605e+02 8.144001538189853306e+01 -2.041436910001806027e+01
1.104095768265323869e+02 -7.404658742299302787e+01 -4.747309389824171433e+01
-1.364205729138923573e+02 -1.368724741156765923e+01 7.923180796044216834e+01
-1.316752295339710201e+02 -8.852065547728963679e+01 -5.388348647447882911e+01
-1.405242797011169671e+02 -8.502304694435123622e+01 -4.728683100125299177e+01
1.156407416589765802e+02 -6.754897286245057586e+00 7.664863255423588839e+01
1.125069559993539912e+02 -7.966560422362840654e+01 -4.864129437911369536e+01
-1.498085304148851549e+02 -1.021029991419105443e+01 7.008430589510361131e+01
-1.298620974323731616e+02 -1.109014165953123054e+01 7.472999919985335282e+01
-1.321701294253616084e+02 -1.359972598783025965e+01 7.510369415336531063e+01
1.117979954999498062e+02 -9.071609147256295103e+01 -5.087037201098453210e+01
-1.062133739437954318e+02 8.512042132782858062e+01 -2.366757844753415796e+01
-9.475815526164002733e+01 9.243215211471441251e+01 -2.200539646896394430e+01
-1.356019827182327049e+02 -7.266490707423551498e+01 -4.644063923596173282e+01
-1.332462674134613394e+02 -1.285165283935631386e+01 6.727355852356960497e+01
-9.650522930110544451e+01 8.186671138315607266e+01 -2.776255202352158946e+01
1.577217493850634753e+02 9.913227011170552316e+01 -3.260486907908951792e+01
-9.097192322955392285e+01 9.612379174406960658e+01 -3.444656264083263864e+01
-1.298534959979579639e+02 -7.395853772961058326e+01 -5.088571647601548165e+01
-1.219385216987137710e+02 -7.608079996494767272e+01 -4.181248249759026692e+01
-1.351331026254906931e+02 -7.834462874119554954e+01 -3.386216801676955868e+01
-1.402897632387736735e+02 -9.428029642075244965e+00 7.698697025799206983e+01
-9.466532365652732040e+01 9.676899468653719794e+01 -2.587284548630677605e+01
1.036075290780521811e+02 -1.226612084134045411e+01 7.943959175048703969e+01
-1.321467251464791843e+02 -7.153110776486361999e+01 -4.357567879023078916e+01
-1.281206391240465052e+02 -7.596907050465243572e+01 -5.176557956367985724e+01
1.115900606394269232e+02 -8.776357115857570079e+01 -4.094842079391941780e+01
-1.204192152241336515e+02 -7.649827447502721611e+01 -4.553974859928143815e+01
1.552591709158593574e+02 9.502241134599871941e+01 -3.469998068790087586e+01
-1.390680684496935271e+02 -7.595660137318870397e+01 -4.881449950251435865e+01
-1.511111630003997846e+02 -1.100992869772659688e+01 8.140477068921687476e+01
-1.008797139171973782e+02 8.632083942181837699e+01 -2.445378627809525796e+01
-1.377401181463234536e+02 -8.786919885476557335e-01 7.963707029947154581e+01
-1.392413772211370144e+02 -5.859641160794402559e+00 7.183265547825126873e+01
1.068033609456619075e+02 -6.766173781556819478e+00 7.824765135657499115e+01
-1.097269520409830648e+02 9.291251128103131407e+01 -2.828779935566464232e+01
1.391139142919410290e+02 8.291617880310494115e+01 -2.520712556933692738e+01
1.141682621181778217e+02 -1.586053502701739681e+01 7.780115291866268024e+01
-1.466823523360087620e+02 -1.726491332155789138e+01 7.674663889034088982e+01
-1.271358082940147369e+02 -6.874911705649783755e+01 -4.551324378753225375e+01
1.021251077626311883e+02 -9.221818180506934937e+01 -4.249165294870780940e+01
1.404827258309894376e+02 9.318802855647329864e+01 -2.269760779375254600e+01
-1.275481781296950885e+02 -8.715750358295002442e+00 7.281456302676794223e+01
-1.255306830277688164e+02 -3.300521314035736342e+00 7.717619106492263370e+01
-1.362682317679482651e+02 -3.262915147329889187e+00 6.288184559084810843e+01
-1.428128965662023688e+02 -1.310611789975290797e+01 6.301416465565976921e+01
1.470715613334581917e+02 8.444790964180295134e+01 -2.547445027250019933e+01
1.474559066828767300e+02 7.983390423424329185e+01 -3.772426059226280870e+01
1.131868030060240216e+02 -7.488857207299901120e+01 -3.804874710810356930e+01
1.434047268356194422e+02 8.976343239106762439e+01 -2.547762383272053199e+01
1.340643618421648000e+02 8.437743399114063436e+01 -2.809364396651110241e+01
-1.298744886060631245e+02 -6.993022841822723379e+00 6.592586923056548187e+01
1.499249086507194590e+02 8.683695370048612006e+01 -2.861974627854807451e+01
-1.332671731098301393e+02 -8.162602861625374828e+01 -4.061466769086774775e+01
-1.304360837430768640e+02 -1.643815590752851108e+01 6.715178644784096207e+01
-1.438958673921747788e+02 -8.471103770473496297e+01 -4.924537414836489546e+01
-1.449206138621421474e+02 -3.052647698673437660e+00 8.059723886235393309e+01
1.502227218508043336e+02 8.810189102302949493e+01 -4.173629438946162651e+01
1.457992279366507944e+02 8.015837754090300393e+01 -3.612410192712276569e+01
-9.810213174859178764e+01 8.467984985306874535e+01 -2.089395463843252188e+01
1.489770394610436597e+02 9.138768267330004846e+01 -4.035058070286929421e+01
1.023829707383414416e+02 -9.264125583774955430e+00 7.323115578913963475e+01
1.070111781054154108e+02 -7.714854791340881945e+01 -5.266465681278183553e+01
1.134915964431032762e+02 -1.589467752858904426e+01 7.281202974499512948e+01
-1.067354293890961827e+02 9.233458778894392083e+01 -2.037861620930799944e+01
-1.373826923033858520e+02 -1.493392572912777538e+01 7.344709273012210815e+01
1.050060723763519093e+02 -8.714968294659760772e+01 -4.621301646546471176e+01
-1.046486762616920316e+02 8.665845478746415154e+01 -3.416157673317432142e+01
-1.386946906047281800e+02 -7.174507160790396654e+01 -3.899981034870685903e+01
1.180690467526504648e+02 -1.206650050686773312e+01 7.450614863897286000e+01
-9.003397853768653647e+01 8.820855986723628916e+01 -2.698804320736298834e+01
1.546292497811424198e+02 8.038777799078265218e+01 -3.137396347090008675e+01
-1.316278643734392517e+02 -8.856939115988829769e+01 -4.509318516117715347e+01
-1.214499559363539589e+02 -8.414402519812934145e+01 -4.118504544748122953e+01
-1.328491952988230764e+02 -8.490444935320276443e+01 -3.754819887210906160e+01
-1.045256207521698002e+02 8.853645364866697776e+01 -2.451643056806553744e+01
1.371638206707434904e+02 9.142273370105858987e+01 -3.242262685542338829e+01
-1.388403607192165339e+02 -2.873159522896890028e+00 6.934321096576785237e+01
1.154576838617173848e+02 -7.550092140535736007e+01 -4.130336496418171066e+01
1.048728063990482582e+02 -8.464259837977950340e+00 6.574558121541730316e+01
1.417768502427684041e+02 8.427340976999262523e+01 -3.297503654660569339e+01
1.365980949203356829e+02 7.824111456715554880e+01 -3.265572062215697713e+01
1.489755985492089962e+02 9.615923202378695578e+01 -3.046350702461671034e+01
-1.278869164957556137e+02 -8.147529425028096739e+01 -4.920505743113999841e+01
1.109885604439370468e+02 1.564595674737225606e+00 7.594838885384656635e+01
-1.317771217593717097e+02 -8.304204833348366321e+01 -4.444099227112590000e+01
1.512445766873607909e+02 9.830583033630952627e+01 -2.627801034941265712e+01
1.618492106815923535e+02 8.232849416519000840e+01 -3.954106537867077975e+01
1.010787705345638017e+02 -8.391637999637775636e+01 -3.575716176090922005e+01
1.057627994473328670e+02 -7.979181028067021941e+01 -4.406444776770167948e+01
1.181154231801767622e+02 -7.256662848871297911e+01 -4.012103122525047638e+01
1.017964025540805295e+02 -1.127656826767690212e+01 6.824587609153596190e+01
1.411783958958096434e+02 1.007446516648246728e+02 -2.583314878229461797e+01
1.419209755290227122e+02 8.579691996083624872e+01 -1.898135083468287831e+01
-1.181810174850473629e+02 -7.469762704066148729e+01 -4.458831716726343330e+01
1.178551444114648632e+02 -7.905030365936926273e+01 -5.235661993774858303e+01
1.136532426736619357e+02 -1.822920205328625309e+00 7.488188814619405775e+01
-1.465981060867958945e+02 -6.661575270377102065e+00 6.767703746234155915e+01
1.248408052496228464e+02 -7.458093883247714473e+01 -4.393519208939054010e+01
-9.642556589650216381e+01 8.885266269662021443e+01 -3.319739029020124832e+01
1.496780956464648398e+02 9.483854875283952879e+01 -2.644133847150046890e+01
-1.266109175511739124e+02 -7.476539772284716889e+01 -3.920261567130379632e+01
1.086193692752821107e+02 -7.814592739445043890e+01 -4.775598743134304414e+01
1.087200456926857584e+02 -1.472693335234688838e+01 6.782443309192439074e+01
1.235368794521076268e+02 -8.220418819290850365e+01 -4.168976915773417602e+01
-8.519502155014266975e+01 9.862408808829273710e+01 -3.602964568252642152e+01
1.190635665050568264e+02 -9.960366604206241092e+00 7.865587490312826446e+01
