2.342764099866803349e+02 1.666340447143276615e-01 1.684943234580642013e+01
-1.542816616347884633e+02 -4.888719713786914411e+01 -1.501794289044978825e+02
1.049401407803658230e+02 -1.501772513521547125e+02 8.013409510622001619e+01
-2.686762622545940360e+01 1.134133767589307382e+02 -1.850280406310494357e+02
2.329061102563715338e+02 1.503998725961573690e+01 1.793338981917669628e+01
-1.975420940544387634e+02 8.951245053743633662e+01 9.716763194435843687e+00
-2.114998231486209761e+02 8.090877405387627164e+01 1.570813687555870919e+00
-1.649322461860695626e+02 -5.795759600219869156e+01 -1.392410084925057276e+02
-1.985104017841849782e+02 9.304038277430647952e+01 1.472784049724548616e+01
-1.498904847093539843e+02 -6.650767999802278041e+01 -1.266315295864589388e+02
5.396636749759215945e+01 -4.642060711318178434e+00 2.176273934319112300e+02
-1.522699511192217869e+02 -6.543448363987691607e+01 -1.366875279472856448e+02
2.461329414796133790e+02 2.330158926427371213e+01 8.058695340113700922e+00
1.119828275472592480e+02 -1.472626507005638530e+02 7.589564153659105727e+01
-2.028224507815897937e+02 9.085932415609934765e+01 4.750932141816642584e+00
-1.984209699900988255e+02 1.045000447395873806e+02 1.612280622903923799e+01
4.095745760300985694e+00 1.171103596360095338e+02 -1.771523461800370001e+02
-1.975908542429354213e+02 1.098495085444732382e+02 6.948963008151474163e+00
-1.632243382698924563e+02 -6.562709511850626143e+01 -1.333903741102436697e+02
-1.850408906063078973e+02 8.218062211370860837e+01 -8.893608899143019997e+00
-1.752325540738750647e+02 -4.945618545995720439e+01 -1.339340774819933131e+02
-2.052461032172019770e+02 9.108519926813750089e+01 -1.440746839181812067e-01
2.438797706865304633e+02 7.732579706956652643e+00 8.262156418794376123e+00
1.024655836188950815e+02 -1.490622336808080490e+02 8.023456770108647618e+01
9.853368418122906292e+01 -1.414950690587998281e+02 8.174082805369192783e+01
-2.162887646787679046e+02 9.550548820728299404e+01 -7.517690034779384689e+00
-1.430549943267344482e+01 1.161284394786590894e+02 -1.795710907795906053e+02
9.910097176693521703e+01 -1.461939028760447457e+02 9.700875735212015627e+01
-4.815972877018052323e+00 8.836828109370047457e+01 -1.754966104129933626e+02
-2.008443548705914168e+02 9.480763883443135853e+01 8.901465893284919773e+00
-1.381131148888361793e+02 -5.084311859684974166e+01 -1.377639157320414540e+02
2.353596277939373635e+02 2.402358165213937724e+01 6.795060566857191731e+00
5.921661264426231952e+01 -5.455640522332132925e+00 2.136000113192710899e+02
-1.660685959736843245e+02 -4.670810098894773432e+01 -1.354887553501035597e+02
4.728968390502734565e+01 -2.220026965398697882e+01 2.161401384910188312e+02
-1.529662171380747111e+02 -5.755312726810144142e+01 -1.390282411148555468e+02
9.879706118705880158e+01 -1.347159982588649711e+02 8.684444473291365796e+01
-1.648409508864762074e+02 -3.905662182675419558e+01 -1.502627520234463532e+02
-6.335509883562139066e+00 1.171764430431647526e+02 -1.793959017886339780e+02
-1.623816091461733890e+02 -4.976441471368141833e+01 -1.424718707738071259e+02
3.608548627722564817e+01 -8.142939023109173391e+00 2.172581179487078202e+02
-1.139856949795610319e+01 9.884467821728628678e+01 -1.794046800456138442e+02
2.375281760777219233e+02 1.811893189921454095e+01 3.126387360938496229e+01
-2.122541973338289267e+02 9.436509225490082997e+01 -8.582428607385484298e+00
7.585767446731409791e+01 -1.433379547668064049e+02 8.929385725356907244e+01
-1.469097194477290884e+02 -6.053409959151868236e+01 -1.287814221692931653e+02
-7.476029194565279923e+00 9.813591225510316463e+01 -1.830754734042392045e+02
4.066574425357085687e+01 -8.944299446437177892e+00 2.155336969882758069e+02
3.979804774710086690e+01 -1.677131812951265033e+01 2.182671310446694974e+02
4.727005811718172623e+01 -2.630679382903275609e+01 2.124009136836954781e+02
-2.540711809740928473e+01 1.179861268740571916e+02 -1.811156477976468295e+02
2.493283645241519650e+02 3.347553313163912492e+01 2.616874650392511015e+01
5.121334303196592685e+01 -9.354317716718400177e+00 2.148435230300289334e+02
-1.530059317143393685e+02 -6.789845044460575707e+01 -1.346182472032674582e+02
-1.776256833827970070e+02 -4.544341151732063366e+01 -1.144943462317734770e+02
-1.690988146288245559e+02 -4.962990326089604309e+01 -1.364175671214940451e+02
-2.002148568664308357e+02 1.008021981272112129e+02 1.621336769774136854e+01
2.356429468733300041e+02 9.705380023332637052e+00 2.103130302269682517e+01
8.803068170731576458e+01 -1.431746023905635354e+02 7.936319435963726221e+01
-2.013533110680524771e+02 8.144372672619519449e+01 1.233721221775141430e+01
7.651107177097838985e+01 -1.466236028063722188e+02 7.700461624587043730e+01
9.117195050429161540e+01 -1.521883750176793910e+02 9.083269661626441405e+01
-2.032388536171322642e+02 8.782108233153823562e+01 -1.893205571317732927e+00
-2.069709487620836512e+02 1.099180922160145570e+02 -5.989098362618401339e+00
1.090112117277861188e+02 -1.483336878475618903e+02 9.087712190099487941e+01
2.390015496483724178e+02 4.599082711819328040e+00 2.370522428947777271e+01
-1.552930252355229186e+02 -5.219581976121973099e+01 -1.474614792491092885e+02
2.361170800865028809e+02 1.485977949960944322e+01 1.540768352141004272e+01
-1.962284763602177406e+02 9.961295118961831463e+01 -1.274116302442382676e+01
-2.025189165556463138e+02 9.387641255127020656e+01 -1.569880127318374896e+01
2.421859544040972025e+02 4.582966772229650765e+00 2.991473358083996104e+01
9.595877989159566823e+01 -1.461974777967211878e+02 9.452974712631811371e+01
2.315564368454819544e+02 1.497930918253187116e+01 -9.605434086736921451e-01
2.437964117496581480e+02 1.146546235948754955e+01 2.254885891116718710e+01
2.427752376770265528e+02 2.462398672681844047e+01 1.933164161405257531e+01
3.639941312739949097e+01 -1.934057741386281748e+01 2.024092121473419752e+02
9.013192523887961727e+01 -1.569559605089646084e+02 7.381420985922319744e+01
-1.648105229187413556e+02 -6.215210634910206267e+01 -1.288880253263937163e+02
-1.598709984594339062e+02 -6.160792830685804233e+01 -1.461300265775777518e+02
-1.780094382414751664e+01 9.981691937118789326e+01 -1.850660505283429416e+02
2.344115420135242118e+02 1.157493694922840888e+01 2.491576984789019988e+01
3.841100936329772964e+01 -2.594855030271370566e+01 2.147851168220966542e+02
-1.855998653787371211e+02 8.795824369752855887e+01 1.505876671907364361e+01
2.995212713136461602e+01 -1.774906251449926842e+01 2.072414562520746983e+02
8.940361518819346998e+01 -1.418733421380493667e+02 6.526569612430630229e+01
-1.487996685672759725e+02 -4.724362898357220786e+01 -1.451644806355683386e+02
2.312008813529132851e+02 2.249632900290728088e+01 2.312042283695370060e+01
2.229737746272877530e+02 1.626938633405349677e+01 5.678381907647181315e+00
7.826048787247407290e+01 -1.478511844306479475e+02 8.528619791670568873e+01
3.738156814584915111e+01 -1.320529056750403996e+01 2.212058689345804225e+02
2.976326129404981558e+01 7.940902984986596636e+00 2.321950985468899091e+02
-1.649922520084012092e+02 -5.491977443400739389e+01 -1.335770042510381472e+02
-1.930224066732832284e+02 9.432131612046768510e+01 -2.613510229887439529e+00
-1.196586467510718954e+01 1.069618057165773735e+02 -1.845051730939173353e+02
2.340311380076286412e+02 6.349274554909671853e-01 1.853296399328494459e+01
4.580684633478279721e+01 -6.729680867671573807e+00 2.066811091505720128e+02
5.235339078890102371e+01 -2.356886166920224568e+01 2.099908584110982588e+02
4.087194148392899962e+01 -1.989041187077858197e+01 2.125152607312123791e+02
-8.520781130188352037e+00 1.207900973118125023e+02 -1.691671124702276074e+02
-1.549749259291250496e+02 -6.437193012481621679e+01 -1.379452068905395663e+02
2.218298574895286208e+02 1.851509784473662990e+01 8.887327259816210301e+00
5.207513317858333579e+01 -3.241454137722407758e+00 2.142414671755634856e+02
-1.745967424381604616e+01 1.057383456501667212e+02 -1.859652010055726237e+02
-1.864519098486964310e+02 9.268962718329203199e+01 5.691981610255197666e+00
-3.709284027313128007e+01 1.176017245103112288e+02 -1.835423880388831890e+02
8.863699607810376335e+01 -1.416779998757827173e+02 9.132056898707079995e+01
-1.268394475893193984e+01 1.038103171067911035e+02 -1.803942655674843252e+02
2.441991035662824459e+02 1.541957223228433627e+01 2.034070968221232434e+01
3.770897270514350907e+01 -1.572758659113917368e+01 2.146038495547769287e+02
4.508034300034205444e+01 -1.104627149790292506e+01 2.267297058500533637e+02
5.585332400456096735e+01 -2.076953061124583044e+01 2.226359528511574979e+02
9.196173879227058023e+01 -1.476223628668712422e+02 8.477793110685853151e+01
-1.620851456612284096e+02 -6.198302068947865706e+01 -1.294450598685240266e+02
-1.752532852009527176e+02 -5.763920924691019110e+01 -1.274507035186909860e+02
1.174840546428895038e+01 1.101771897186282416e+02 -1.707966202665951414e+02
-1.571946483609885092e+02 -5.795063240105903901e+01 -1.426833553901463176e+02
2.407848601550554122e+02 2.595035229340992089e+01 1.950769272138121124e+01
-2.083410070933599556e+01 1.106031760879491088e+02 -1.835883563851192832e+02
-5.499319296506492982e+00 1.208339390055664779e+02 -1.807071959781814599e+02
8.054988185979493664e+01 -1.482584519011735438e+02 8.316878369239185531e+01
-1.400933315417471761e+02 -5.508826335588044998e+01 -1.422346115666571791e+02
-1.732919217040668229e+02 -4.242834727823463226e+01 -1.315435886928868570e+02
9.683516565111476382e+01 -1.390599427570655280e+02 8.586316912028591730e+01
5.139134455366787790e+01 2.409724779190755672e+00 2.219822531081975967e+02
2.436543269089703188e+02 2.879003512130414055e+00 1.557267135674533520e+01
4.220601211970826938e+01 -1.444944501662735270e+01 2.113578320276184570e+02
-1.602394698669712909e+02 -5.031533194396169506e+01 -1.371844967345534485e+02
8.554009950700238107e+01 -1.487689996002404200e+02 6.672649780678032982e+01
9.976724546599587029e+01 -1.499952752655351844e+02 8.763951539824235226e+01
3.838419396103773096e+01 -1.013611081649524515e+01 2.246056546543667878e+02
-1.607931770363731516e+02 -4.109440680090898468e+01 -1.373900784768098333e+02
5.271194322660561227e+01 -1.688479198624000688e+01 2.126946886953447802e+02
2.411335192041168511e+02 1.629916008483900391e+00 1.409339719034483807e+01
2.270488074670957701e+02 1.305724840371344087e+01 1.738366604246265767e+00
4.099976048836709452e+01 -9.052424059861987615e+00 2.141459676622210111e+02
2.492891892921285546e+02 1.540596287889207971e+01 1.288105317999990973e+01
1.006397033039843620e+02 -1.409077936609844528e+02 8.421492966190477603e+01
-2.060259017204981546e+02 9.744138367964906422e+01 1.026671758150110136e+01
-2.147066830633518819e+01 9.546907325759895002e+01 -1.736713494117731784e+02
2.362222034384915617e+02 7.672992555278890237e+00 2.372196591766153162e+01
-2.018795750096960546e+02 1.074394732413920508e+02 1.056951193292297830e+01
2.353229702993728552e+02 9.018783288184057056e+00 1.033848650030653538e+01
2.504558876173354633e+02 1.694788622198755590e+01 2.888889489013196865e+01
2.435199388390653610e+02 2.219368381684962088e+01 2.848814938092067806e+01
-1.938896008887517155e+02 9.632607733157230712e+01 1.307994296789716415e+01
1.018285963242843621e+02 -1.508666190245576786e+02 8.544440924916621327e+01
-5.856487080767730724e+00 1.029332368491463967e+02 -1.645057483783230623e+02
-1.989249723424348133e+02 8.131822476127300092e+01 5.128966832933508968e+00
-1.927898646021843945e+02 9.955068920907626762e+01 -1.877989275332883068e+00
-1.658474426070304446e+02 -5.502923036726514283e+01 -1.379079722021483008e+02
-1.083520806063226161e+01 1.159190291093955949e+02 -1.826714862781385591e+02
-1.517345054547992049e+02 -6.891369536663327722e+01 -1.204804573432747929e+02
-1.688368495849916542e+02 -5.915317465951843445e+01 -1.267185217906702803e+02
-1.423209145118758272e+02 -6.513940411531881125e+01 -1.380893731998247347e+02
4.388627967813119568e+01 -3.315601781164927431e+00 2.210589429904730139e+02
-2.056016059618813472e+02 8.264311235850577475e+01 5.910735471538115071e+00
8.507424938976522810e+01 -1.498224447543217650e+02 7.239573894611409344e+01
3.456903932050587258e+01 -2.037675714301130370e+01 2.124799636645082899e+02
2.516313218967668206e+02 2.069780160340043906e+01 1.274334007963497939e+01
-1.571665942112882703e+02 -4.461400268134582348e+01 -1.436260260010134857e+02
-1.558612505631726464e+01 1.120089680318085783e+02 -1.779911211847808090e+02
3.611992483298580225e+01 1.120276283485445168e+00 2.229942612423307366e+02
4.960051278100819161e+01 -1.595068940184818373e+01 2.301036841682705187e+02
-2.102335899183021013e+02 8.939597719727456138e+01 -5.208344469313358260e+00
2.310031381789482623e+02 9.662730649219348322e+00 1.492450480641226740e+01
1.082180802955564189e+02 -1.444221013094760053e+02 9.278984420335666528e+01
-1.663825723013803497e+02 -5.807880902495477216e+01 -1.287121645898735380e+02
2.496646615719536442e+02 2.268775510525445682e+01 1.382852494600952120e+01
3.243824557405968534e+01 -8.497577131654828975e+00 2.116613349050460897e+02
-1.973890622079149537e+01 1.044469913601885764e+02 -1.830521882911654643e+02
8.893676593009041653e+01 -1.563892659949162294e+02 8.443487095176014634e+01
-1.104212375375391275e+01 8.921163451946189582e+01 -1.815961090739115775e+02
-1.610861954929982574e+02 -4.647990384601651215e+01 -1.253454159726093877e+02
8.290172312053491055e+01 -1.468417455039981974e+02 7.797530675673142753e+01
2.482806622391332496e+02 4.117502533343419202e+00 1.448920349723312739e+01
2.295273848464905768e+02 4.189390005908980363e+00 3.124008344141208937e+01
3.584122599090616745e+01 -8.164733410585354179e-01 2.158529174077909545e+02
3.615543746881026976e+01 -1.480573265964323149e+01 2.169173628629523023e+02
-2.073031831643795044e+02 8.968108578999961367e+01 8.144119416660537070e+00
-1.729530066846583622e+02 -5.209140418134332862e+01 -1.507007037294390841e+02
4.823269478487841866e+01 -1.975071375800866846e+01 2.173188660016781171e+02
-2.122293769593495654e+02 8.889168056131710216e+01 9.314744722408063282e+00
3.858013704272886457e+01 -1.257306905562943022e+01 2.157034619076360968e+02
2.359737000938347080e+02 2.456324648062442506e+01 3.112016123296130310e+00
2.431701313918165965e+02 1.464788576945275800e+01 6.896358988159358105e+00
-2.188992914955597868e+01 9.407886364692431869e+01 -1.764015451684746552e+02
2.302144277637626715e+02 7.899301273770831244e+00 -6.074959027962057334e+00
9.129440593716904573e+01 -1.510697353608135529e+02 8.194613036106512993e+01
-1.682003709490669507e+02 -5.831842846589304941e+01 -1.254633382026708830e+02
-1.132767406987180037e+00 1.074158268166075771e+02 -1.710228555675938651e+02
-1.542408566914198502e+02 -4.369136625247791983e+01 -1.465032295234930189e+02
-1.511877135469320308e+02 -6.678220373632923668e+01 -1.323469402845956893e+02
-1.891744700046628935e+01 1.017682682807769936e+02 -1.697168022370553331e+02
-1.834503172372728130e+01 1.195579806497365212e+02 -1.735951397389157762e+02
5.117693604603784507e+01 -7.745992664616115242e+00 2.144579813138914233e+02
-1.559090342868013579e+02 -5.885780072948375619e+01 -1.345646599364006875e+02
-2.073784886772393747e+02 9.806598115525525827e+01 7.274537415660071726e-01
-1.878215133278372377e+02 9.952363493890996438e+01 4.018686358253411584e+00
8.672271810988836194e+01 -1.474497687134883108e+02 8.912371762792976426e+01
4.272508426743694088e+01 -1.430630830682374643e+01 2.159214191595473835e+02
-1.490222324069281683e+02 -4.994558011932814168e+01 -1.411092905915222389e+02
-1.539120912957614280e+02 -6.434938738090484378e+01 -1.200582192370545158e+02
-1.615982676737032762e+02 -6.003333497040279809e+01 -1.238327615006052724e+02
4.183363591537464288e+01 -1.669331104842404656e+01 2.171691980360174341e+02
-2.008019907407680194e+01 1.220288053759944660e+02 -1.821612037722718185e+02
-2.096754401674406054e+01 1.112324769622123171e+02 -1.753786792042565139e+02
-2.140983223646543081e+02 8.271170416668405778e+01 -8.520515043083577211e+00
-1.425144994913027006e+02 -5.757110638410281211e+01 -1.344091338925653361e+02
-1.462697972984975436e+01 1.164777088691639193e+02 -1.784084567697753414e+02
2.384306491480162151e+02 2.946767137178915519e+01 1.435820960900164245e+01
-4.657703500012915221e+00 9.609836670954800297e+01 -1.768907405923556553e+02
-2.020224095854149766e+02 8.727040592554965315e+01 1.548535138378345799e+01
-1.967224869656594137e+02 8.968189894967385101e+01 -5.123812320615122040e+00
-2.043801410439961330e+02 8.753331578765160259e+01 6.784259258984921992e+00
-1.444981760577855994e+02 -5.322502389932498801e+01 -1.352873974725096389e+02
-2.343750714799255874e+01 9.744709534801820894e+01 -1.743198279383187810e+02
9.926738550650522086e+01 -1.543696055053695773e+02 7.110655559714804497e+01
-1.917902625906109222e+02 9.797099488443082294e+01 1.253276083452998435e+01
-2.055748683459480048e+02 7.539350060302619738e+01 3.385559427060610638e+00
2.946959754055113123e+01 -7.824694368207886219e-01 2.202551573000839653e+02
-1.981700946766763707e+02 8.077009231268144163e+01 1.181118522902844958e+01
2.453441932737612206e+02 2.758913099523287116e+01 1.820977640480142057e+01
-2.172337985357295906e+02 9.986251381055370757e+01 5.320557247635671949e+00
-1.637650032163420803e+02 -6.635065389292573457e+01 -1.245159554729447819e+02
-1.745177068910131268e+01 1.171802319193974000e+02 -1.808295616849252383e+02
-1.587442881857867292e+02 -6.493829770260988710e+01 -1.291279717115045003e+02
-1.630451993607943564e+02 -4.769535560417265430e+01 -1.435793061730023226e+02
9.557492233906651791e+01 -1.526618852699530180e+02 7.914325286965788564e+01
-2.908583970661945273e+01 1.063375455912621277e+02 -1.792300847983958931e+02
2.401284965538026484e+02 2.871053906481841622e+01 1.664061986701762663e+01
1.000477494869591197e+02 -1.391136938124412836e+02 7.938098184447160577e+01
-1.617167967939714401e+02 -5.197851858544049719e+01 -1.367728661800308885e+02
-1.953995001657856392e+02 8.703830147920804450e+01 1.528491415848115231e+01
4.022815470938530069e+01 -3.184450542853351251e+01 2.038894734150921408e+02
2.368424799910913521e+02 6.261575829679153493e+00 8.086144649533766326e+00
-1.581121761478544272e+02 -5.667774598299165945e+01 -1.457530356083129561e+02
-1.618587056543945266e+02 -5.783094795404226574e+01 -1.272031215094385033e+02
-1.573067022955090692e+02 -6.814305481623274829e+01 -1.345860712146385367e+02
-1.491494239377671818e+02 -5.198375166495562638e+01 -1.478935365923275356e+02
2.486825849425470381e+02 2.689602404890934295e+01 1.547615696799250173e+01
2.351431379937930899e+02 1.395683523343587140e+01 2.196745923984372340e+01
4.682679558749007498e+01 -3.318450199286554891e+01 1.992607857642240674e+02
2.323103311079765376e+02 5.105470823192960417e+00 5.224601994119592696e+00
2.254099275107414257e+02 2.282460346214783797e+01 2.433855256760948382e+00
-1.497455505711111812e+02 -6.135965251054286540e+01 -1.377350755607697579e+02
2.453809037955415988e+02 1.018162804096746932e+01 1.876885686161813638e+01
-1.989350378442846647e+02 9.285091927706081094e+01 8.115726724720682128e+00
-1.439410524598150118e+02 -6.433861976580601549e+01 -1.207452438075506080e+02
-2.056473417087982796e+02 1.000210897729676987e+02 -1.704929134331237961e+01
-1.652709060714809652e+02 -5.487120225674950547e+01 -1.385879505456763638e+02
2.379637177432286421e+02 4.288389594458095644e+00 1.959379123405410894e+01
2.350418352459069524e+02 1.686530334321917479e+01 2.884989101113965049e+01
-2.040618147939066063e+01 1.250070843015718935e+02 -1.822498469793442837e+02
2.386233098103038799e+02 1.661836528630510657e+01 1.522520244262764955e+01
9.158691277868479119e+01 -1.439038909701903037e+02 9.039883321014286821e+01
3.588711272274847630e+01 2.850943620290507852e+00 2.226836484746970370e+02
1.037063921602089920e+02 -1.453267525117843206e+02 8.334060327425179082e+01
-2.936083170221575855e+01 1.172333473018435654e+02 -1.772925875891923795e+02
-1.519730559949445308e+02 -6.464132167940930174e+01 -1.346630617266458501e+02
2.768011258648057904e+01 -3.142309589256746083e+00 2.107064616663055858e+02
-1.466776011534265400e+01 1.162752089268605147e+02 -1.883595785362927302e+02
-2.010399985326389753e+02 1.051890956507160126e+02 7.658679152181768757e+00
9.101971199153364012e+01 -1.396059378142434753e+02 9.768735639131195114e+01
-6.189890746726029569e+00 1.032266988306994620e+02 -1.805172585212801266e+02
2.437974104192314257e+02 3.842149455842771122e+00 1.626143426143865511e+01
-1.947249996614242775e+02 9.783774078149433251e+01 -4.146013883038346393e+00
-2.016818026756582185e+02 9.670818547771335716e+01 4.853848932820004514e+00
-2.065728802878006718e+02 1.001101753240281482e+02 3.868460859224279513e+00
-3.306153118482211539e+01 1.159917716325950749e+02 -1.763276735439820868e+02
2.427329761789702331e+02 2.162469692229135987e+01 8.847716301930560689e+00
-1.676601986262274977e+02 -6.673364676501344661e+01 -1.329294768331301384e+02
4.751717059981092461e+01 -2.417762906341582863e+01 2.177643890885305495e+02
8.781165822090004269e+01 -1.460935498744335064e+02 7.196692482173415328e+01
2.310919769703776581e+02 7.594563622448855966e+00 5.506359699623553539e+00
2.331128083051571593e+02 7.454476649797690868e+00 1.630222332634780358e+01
2.431620628413276961e+02 2.395525247060819396e+01 7.657349080397230168e+00
-2.057714061252968918e+02 8.880523078834059447e+01 2.884260993252145244e+00
9.890891648885501297e+01 -1.473247547583744677e+02 7.843568823257149347e+01
-1.993786111426530852e+02 9.558662470999620098e+01 -5.285748381281920594e+00
2.388765431679320272e+02 1.037509279346729585e+01 9.461070142344892631e+00
2.232208423101245955e+02 6.232003564913875415e+00 2.735275726792156092e+01
4.507225444724289076e+01 -2.014732867082978984e+01 2.117726255037462693e+02
2.826174204824191705e+01 -1.062244056989257501e+01 2.172939899602160381e+02
3.841436298792021375e+01 -2.115457341803707081e+01 2.166586187647122301e+02
1.015939079497058088e+02 -1.482387722082175969e+02 8.071411088796520517e+01
2.309095388043895127e+02 1.510308591675711654e+01 7.313611039789256196e+00
2.392988056123920444e+02 6.811527371974643863e+00 6.006065114573706509e+00
-1.988400781976858127e+02 7.740774367031892211e+01 5.425055684571153058e+00
2.632636829908213372e+01 -9.940959689325268300e-02 2.159816174843633121e+02
8.872409690524186487e+01 -1.499858242896610534e+02 9.001491431329677084e+01
-1.621495789021522853e+02 -4.996776607351895905e+01 -1.461048197701059337e+02
5.122045870286787306e+01 -6.694539778202834412e+00 2.231391050570773018e+02
-8.246576843049441052e+00 1.092269179313560841e+02 -1.780577462862189577e+02
2.576475276299981374e+02 2.497390366828217623e+01 2.540981779229546689e+01
-1.934950935204498705e+02 9.063997499965658733e+01 1.995608383220459459e+01
3.165982132704192509e+01 -1.574862816624350081e+01 2.161884031551359442e+02
1.044268200038528107e+02 -1.442535961682638117e+02 8.475120294082216788e+01
3.452072702667877735e+01 -1.143203659931311655e+01 2.242171770675548998e+02
-7.566682591781461298e+00 1.256373511007934951e+02 -1.683705441434729835e+02
1.068270212975286881e+02 -1.573226253966644208e+02 7.799018258726795239e+01
