1.227199840545654297e+01 -1.521027445793151855e+00 -1.489521942138671875e+02
5.115351104736328125e+01 -1.277638316154479980e+00 1.388164520263671875e+02
-1.208937225341796875e+02 1.331484603881835938e+01 3.552609205245971680e+00
-3.653061676025390625e+01 1.424284820556640625e+02 -1.962828063964843750e+01
1.231102142333984375e+02 -2.668558311462402344e+01 4.102317810058593750e+00
7.977850341796875000e+01 8.508469390869140625e+01 -4.078128814697265625e+01
-3.539706420898437500e+01 1.176825866699218750e+02 -7.216637420654296875e+01
-5.969922637939453125e+01 2.714347839355468750e+01 1.000225296020507812e+02
1.442941131591796875e+02 -5.122655868530273438e+01 -6.124111557006835938e+01
5.323964309692382812e+01 -2.297738838195800781e+01 9.676609039306640625e+01
-1.283595561981201172e+00 -1.531244964599609375e+02 1.579537391662597656e+00
-3.307693862915039062e+01 3.766458129882812500e+01 1.270943984985351562e+02
8.073899078369140625e+01 -7.685677337646484375e+01 -2.976031303405761719e+01
-9.790219116210937500e+01 8.780143737792968750e+01 5.767665863037109375e+00
8.059030914306640625e+01 1.245909805297851562e+02 3.217656326293945312e+01
7.916575622558593750e+01 1.141805267333984375e+02 -1.605190277099609375e+01
-7.117515563964843750e+01 -9.367679595947265625e+01 -6.256723403930664062e+01
1.080812683105468750e+02 5.563508987426757812e+01 -1.325070095062255859e+01
-4.372997283935546875e+00 -8.943440246582031250e+01 -6.035210800170898438e+01
-6.260345458984375000e+00 6.818168640136718750e+01 -4.512565135955810547e+00
-9.159023284912109375e+00 2.636702156066894531e+01 1.651876831054687500e+02
6.267631149291992188e+01 9.827992248535156250e+01 4.245071792602539062e+01
-1.035946273803710938e+02 -1.499234580993652344e+01 6.007593536376953125e+01
-9.004849243164062500e+01 -7.101962566375732422e-01 2.806832790374755859e+00
-7.706432342529296875e+01 3.048276138305664062e+01 -3.165825653076171875e+01
1.244979934692382812e+02 8.146604919433593750e+01 -3.681073379516601562e+01
-1.255422115325927734e+01 6.640443420410156250e+01 -5.243252944946289062e+01
-6.639117431640625000e+01 -1.382593870162963867e+00 -1.664129447937011719e+01
4.054138183593750000e+01 3.281771850585937500e+01 -6.629543304443359375e+01
1.400650215148925781e+01 1.079094848632812500e+02 2.064679718017578125e+01
-3.912446975708007812e+01 7.779749298095703125e+01 1.279606933593750000e+02
5.419792556762695312e+01 -5.159762191772460938e+01 -4.115229797363281250e+01
1.865052795410156250e+01 -9.354645538330078125e+01 5.592116546630859375e+01
-4.123308563232421875e+01 7.265179443359375000e+01 2.723182868957519531e+01
-1.139106292724609375e+02 -4.909414672851562500e+01 9.599752807617187500e+01
-1.750736045837402344e+01 4.247346878051757812e+01 2.677733230590820312e+01
-8.821691131591796875e+01 5.737534332275390625e+01 -5.884357452392578125e+01
-2.209782981872558594e+01 7.734484863281250000e+01 5.609242248535156250e+01
2.247060298919677734e+00 -5.040748977661132812e+01 -7.179501342773437500e+01
-2.228268432617187500e+01 3.229723215103149414e+00 4.268607711791992188e+01
-4.780628204345703125e+01 -1.476858978271484375e+02 -1.340945911407470703e+01
-4.315394210815429688e+01 3.006811857223510742e+00 -7.917772674560546875e+01
1.018577957153320312e+02 -8.516891479492187500e+01 -8.252126312255859375e+01
4.121857070922851562e+01 4.632484817504882812e+01 3.563532638549804688e+01
-1.347495269775390625e+02 6.332617950439453125e+01 2.268774414062500000e+01
-8.904141235351562500e+01 8.412216186523437500e+01 5.881910324096679688e+01
-2.503689002990722656e+01 2.365418434143066406e+01 -1.216035232543945312e+02
-1.598447322845458984e+01 -1.056977691650390625e+02 3.794147872924804688e+01
-5.728714752197265625e+01 -3.246216201782226562e+01 1.601970672607421875e+01
-1.134078140258789062e+02 -8.622123718261718750e+01 1.679897880554199219e+01
-1.615325355529785156e+01 -2.308510589599609375e+01 -7.859508514404296875e+01
8.930921936035156250e+01 -5.914439010620117188e+01 -1.160717010498046875e+02
-5.522797012329101562e+01 -5.351855468750000000e+01 -3.012866020202636719e+01
-1.222604942321777344e+01 1.473590970039367676e+00 7.826882934570312500e+01
-8.876059722900390625e+01 4.515225219726562500e+01 1.291077270507812500e+02
9.090419006347656250e+01 3.456319808959960938e+01 6.092373275756835938e+01
2.721113777160644531e+01 1.437445068359375000e+02 -1.612643003463745117e+00
2.733236312866210938e+01 -2.669510269165039062e+01 -1.807758331298828125e+01
-1.106022796630859375e+02 3.956353378295898438e+01 -3.507777404785156250e+01
2.422755432128906250e+01 8.019379425048828125e+01 2.512386131286621094e+01
4.485980987548828125e+01 -7.522945404052734375e+01 -1.385914154052734375e+02
-1.054266967773437500e+02 -1.092873306274414062e+02 -2.480937576293945312e+01
3.792802810668945312e+01 1.242265853881835938e+02 3.868206405639648438e+01
1.090510101318359375e+02 9.653911590576171875e+01 -8.105298995971679688e+00
-5.765903472900390625e+01 6.566780090332031250e+01 -3.377604675292968750e+01
8.427088928222656250e+01 -6.570584106445312500e+01 -1.366936802864074707e+00
4.223233032226562500e+01 9.570113372802734375e+01 8.789406585693359375e+01
1.132420425415039062e+02 -3.696677780151367188e+01 -2.174313163757324219e+01
2.521548748016357422e+00 1.361845397949218750e+02 -4.168122100830078125e+01
-2.650510215759277344e+01 1.030085296630859375e+02 -3.198519515991210938e+01
1.402390136718750000e+02 -4.881391525268554688e+01 -1.151366615295410156e+01
-1.166758193969726562e+02 -2.309422111511230469e+01 4.946223735809326172e+00
9.188317871093750000e+01 -2.158438205718994141e+00 -1.337575078010559082e+00
1.054103851318359375e+02 -1.020730209350585938e+02 2.507332611083984375e+01
6.589749145507812500e+01 6.591096520423889160e-01 -2.911992835998535156e+01
-6.771781158447265625e+01 -1.488527984619140625e+02 2.647930526733398438e+01
-1.283899078369140625e+02 7.192135620117187500e+01 -1.773464393615722656e+01
3.030043983459472656e+01 7.629730987548828125e+01 1.382061157226562500e+02
-3.853715896606445312e+01 2.670634841918945312e+01 6.172627258300781250e+01
-1.573569965362548828e+01 3.280843734741210938e+01 -4.364859008789062500e+01
7.356230163574218750e+01 -1.139568862915039062e+02 4.553702545166015625e+01
-2.666379547119140625e+01 -3.831301879882812500e+01 7.170316696166992188e+00
4.469974136352539062e+01 1.390164184570312500e+02 -3.756847763061523438e+01
-7.856885528564453125e+01 -8.287615203857421875e+01 7.385984802246093750e+01
-1.481437225341796875e+02 2.391086578369140625e+01 2.330277824401855469e+01
-5.735224151611328125e+01 -6.277226448059082031e+00 5.732085800170898438e+01
1.086215438842773438e+02 -4.173820495605468750e+01 7.094019317626953125e+01
1.297886505126953125e+02 -8.527265167236328125e+01 4.573213958740234375e+01
-6.806325531005859375e+01 1.124197616577148438e+02 3.182386398315429688e+01
-1.881338691711425781e+01 7.780152893066406250e+01 -1.318450927734375000e+02
-8.049919891357421875e+01 -1.226465606689453125e+02 6.032133865356445312e+01
-2.066740798950195312e+01 -1.556610679626464844e+01 1.493103027343750000e+02
1.067863082885742188e+02 1.312468261718750000e+02 -4.178995513916015625e+01
-2.100686836242675781e+01 2.590993118286132812e+01 -8.618099212646484375e+01
6.185749816894531250e+01 -1.089721984863281250e+02 -9.546005249023437500e+01
-3.236117553710937500e+01 -4.070804977416992188e+01 4.992770385742187500e+01
-7.397219657897949219e+00 -9.206617736816406250e+01 -1.883061408996582031e+01
-6.724655151367187500e+01 -1.478865242004394531e+01 -1.451162872314453125e+02
9.843054771423339844e+00 4.652380371093750000e+01 -1.066617736816406250e+02
-6.841091918945312500e+01 3.418650436401367188e+01 6.907616424560546875e+01
9.242745971679687500e+01 -1.111894836425781250e+02 -5.482367706298828125e+01
4.371723651885986328e+00 -8.302405548095703125e+01 1.722351074218750000e+01
-1.912674903869628906e+01 -5.598524093627929688e+01 -9.341621398925781250e+01
7.519012451171875000e+01 1.304145355224609375e+02 -6.143450546264648438e+01
-4.977612686157226562e+01 1.834461212158203125e+01 1.357541847229003906e+01
-9.409873199462890625e+01 5.045477867126464844e+00 -3.159005737304687500e+01
-4.619382858276367188e+01 -7.326692962646484375e+01 -8.193142700195312500e+01
9.680491638183593750e+01 -5.921968460083007812e+01 -5.241217041015625000e+01
-3.657369613647460938e+01 -9.538577270507812500e+01 1.746825981140136719e+01
-2.833055877685546875e+01 -1.504377136230468750e+02 -3.697258758544921875e+01
-5.562471866607666016e+00 -5.479352188110351562e+01 -7.653721332550048828e+00
-9.289949798583984375e+01 1.917867088317871094e+01 -6.506967926025390625e+01
-6.655266571044921875e+01 -1.056350326538085938e+01 9.029953002929687500e+01
4.681667709350585938e+01 4.748128890991210938e+01 1.214873962402343750e+02
-3.832358169555664062e+01 -1.832097244262695312e+01 -1.124330368041992188e+02
5.536046600341796875e+01 1.529038047790527344e+01 6.367300415039062500e+01
8.538298034667968750e+01 -4.400526046752929688e+01 -7.653716278076171875e+01
-3.960887527465820312e+01 5.289606475830078125e+01 -8.239521026611328125e+01
-9.868386268615722656e+00 2.437791109085083008e+00 -6.135541152954101562e+01
-1.248764648437500000e+02 1.541749596595764160e+00 -5.786481475830078125e+01
-2.739982414245605469e+01 6.578990936279296875e+01 9.458716583251953125e+01
4.064656448364257812e+01 5.231888580322265625e+01 7.829116058349609375e+01
-1.370457305908203125e+02 3.773414611816406250e+01 -5.484273529052734375e+01
-2.736067199707031250e+01 -1.253326110839843750e+02 5.295144557952880859e+00
7.490486907958984375e+01 -2.729381752014160156e+01 2.328789520263671875e+01
-2.883171463012695312e+01 -7.585961151123046875e+01 9.006641387939453125e+01
4.920505523681640625e+01 -5.403565979003906250e+01 7.671012115478515625e+01
-1.096357498168945312e+02 1.886456680297851562e+01 3.956802749633789062e+01
-8.989557647705078125e+01 -3.353120040893554688e+01 -1.930257797241210938e+01
-8.537765502929687500e+01 1.771636009216308594e+01 -1.247255172729492188e+02
9.894760131835937500e+00 6.629994201660156250e+01 6.145958328247070312e+01
-2.460245895385742188e+01 -7.009387969970703125e+01 3.157901382446289062e+01
6.316433334350585938e+01 -7.709341430664062500e+01 -7.460478973388671875e+01
1.485422325134277344e+01 2.583678817749023438e+01 -4.836259365081787109e+00
1.190084743499755859e+01 -6.605479431152343750e+01 4.587111282348632812e+01
4.810120391845703125e+01 5.733303451538085938e+01 -9.261488342285156250e+01
-1.542317199707031250e+02 -6.351434707641601562e+00 -3.977474975585937500e+01
-6.449188995361328125e+01 -3.312772369384765625e+01 1.604842987060546875e+02
-2.790113258361816406e+01 6.854173660278320312e+00 -5.692739009857177734e+00
1.191737289428710938e+02 -1.683525657653808594e+01 3.950627517700195312e+01
1.179954528808593750e+01 1.100536956787109375e+02 -1.537196922302246094e+01
-2.823092842102050781e+01 1.462083816528320312e+01 -1.643630065917968750e+02
4.085014343261718750e+01 -5.303694534301757812e+01 -2.159055709838867188e+00
5.660092544555664062e+01 -1.308043670654296875e+02 1.202266883850097656e+01
9.569892883300781250e+01 9.146512603759765625e+01 2.994858169555664062e+01
-9.661399078369140625e+01 -3.108847427368164062e+01 -5.278274154663085938e+01
1.438946723937988281e+01 5.286474227905273438e+01 -5.127624130249023438e+01
-1.468565979003906250e+02 -3.609150314331054688e+01 4.106882858276367188e+01
8.038867187500000000e+01 7.267733764648437500e+01 -1.280059337615966797e+01
3.299476242065429688e+01 -3.375964355468750000e+01 -1.337636108398437500e+02
-9.750841140747070312e+00 -3.278410720825195312e+01 -4.468549346923828125e+01
3.328573608398437500e+01 3.346274137496948242e+00 3.096134567260742188e+01
7.197340488433837891e+00 -2.221164512634277344e+01 3.613756561279296875e+01
1.929541969299316406e+01 -2.292765426635742188e+01 1.051713485717773438e+02
9.366588592529296875e+00 -1.152994079589843750e+02 8.861027717590332031e+00
7.975986480712890625e+01 8.666048431396484375e+01 -7.226094055175781250e+01
-1.233651885986328125e+02 -5.104861450195312500e+01 -5.374299621582031250e+01
1.440402603149414062e+01 -1.277462005615234375e+02 3.690575408935546875e+01
6.841555786132812500e+01 -1.965703964233398438e+00 -1.158789825439453125e+02
1.191094875335693359e+01 -2.404915094375610352e+00 1.434166717529296875e+02
5.966601562500000000e+01 7.992406368255615234e+00 -7.859436798095703125e+01
-1.298315582275390625e+02 -8.291339111328125000e+01 -2.660139465332031250e+01
9.602992248535156250e+01 1.644392204284667969e+01 1.223936157226562500e+02
-2.125138092041015625e+01 1.120292739868164062e+02 1.050051403045654297e+01
6.076643371582031250e+01 -1.082798995971679688e+02 -5.159329986572265625e+01
-9.673040008544921875e+01 4.650419235229492188e+01 1.711173820495605469e+01
-1.755943756103515625e+02 -5.888302624225616455e-02 2.354277133941650391e+00
4.639400863647460938e+01 -8.273393249511718750e+01 -1.528636455535888672e+01
-6.786140441894531250e+01 -1.207452011108398438e+02 -4.183104991912841797e+00
-7.037005901336669922e+00 7.018737030029296875e+01 -8.443346405029296875e+01
-1.251094818115234375e+02 3.095833396911621094e+01 -9.127805328369140625e+01
-4.095025634765625000e+01 -3.846608352661132812e+01 -6.624842071533203125e+01
9.389168548583984375e+01 4.033827304840087891e+00 7.970639801025390625e+01
-9.124180603027343750e+01 9.263883972167968750e+01 -3.803593063354492188e+01
2.134496688842773438e+01 -6.983892822265625000e+01 1.033877334594726562e+02
4.416952896118164062e+01 -1.387307739257812500e+02 -2.710978698730468750e+01
-3.087729835510253906e+01 -1.173698348999023438e+02 -3.707694244384765625e+01
-4.827428817749023438e+01 -1.038592910766601562e+02 8.913577270507812500e+01
7.775336456298828125e+01 3.854109954833984375e+01 -2.815825080871582031e+01
-1.086628818511962891e+01 3.917292022705078125e+01 7.082644653320312500e+01
-8.807863616943359375e+01 -5.471416854858398438e+01 1.040125656127929688e+02
7.223853302001953125e+01 1.438588104248046875e+02 -1.080547142028808594e+01
-7.667584228515625000e+01 -7.773546600341796875e+01 -2.064716339111328125e+00
7.437904357910156250e+01 -3.455108642578125000e+01 -1.957556152343750000e+01
-1.117923202514648438e+02 -5.546175003051757812e+01 5.603096771240234375e+01
1.997197532653808594e+01 -2.032785987854003906e+01 -6.322128295898437500e+01
1.417298736572265625e+02 -5.267861938476562500e+01 3.525637054443359375e+01
-1.133653259277343750e+02 -3.147065734863281250e+01 -1.017033538818359375e+02
9.019662857055664062e+00 2.678749084472656250e+01 4.462436294555664062e+01
-3.142883062362670898e+00 2.473419427871704102e+00 -2.784857940673828125e+01
-6.387223052978515625e+01 6.258951950073242188e+01 9.277406311035156250e+01
-1.241579055786132812e+02 -9.519198608398437500e+01 5.928730010986328125e+01
3.262901306152343750e+01 -1.710308265686035156e+01 -9.557656860351562500e+01
1.400057678222656250e+02 2.091373252868652344e+01 -6.649497985839843750e+01
-7.233467102050781250e+01 -8.249631500244140625e+01 1.200581436157226562e+02
1.716985893249511719e+01 2.858930587768554688e+01 1.305865173339843750e+02
4.014381408691406250e+01 6.205261993408203125e+01 7.000225782394409180e-02
8.941944885253906250e+01 5.738430786132812500e+01 1.394850826263427734e+01
-8.524470520019531250e+01 -1.090748882293701172e+01 -8.417018890380859375e+01
-1.414376831054687500e+02 1.138301391601562500e+02 1.459832668304443359e+01
-4.346335411071777344e+00 1.063398666381835938e+02 7.735734558105468750e+01
-3.320663452148437500e+00 5.366244888305664062e+01 1.383602447509765625e+02
-5.368292617797851562e+01 6.357151412963867188e+01 6.069492340087890625e+01
3.122860431671142578e+00 5.418656539916992188e+01 -1.505654754638671875e+02
-2.059080123901367188e+00 4.402494728565216064e-01 -9.999121093750000000e+01
-2.084053421020507812e+01 -1.848494262695312500e+02 -6.818172931671142578e+00
2.373077201843261719e+01 -1.110888824462890625e+02 1.093318557739257812e+02
-3.598936080932617188e+01 5.498360157012939453e+00 1.046133193969726562e+02
2.252659225463867188e+01 1.039668846130371094e+01 -4.776895523071289062e+01
1.477502593994140625e+02 -1.020380325317382812e+02 -9.696607589721679688e+00
8.061841964721679688e+00 2.591990470886230469e+01 -6.954315948486328125e+01
4.396697998046875000e+01 9.623005676269531250e+01 -4.155885696411132812e+01
5.366096115112304688e+01 5.704244613647460938e+01 -3.199195861816406250e+01
2.733712768554687500e+01 8.391394805908203125e+01 -2.185537338256835938e+01
-4.050793647766113281e+00 -2.829149627685546875e+01 7.440218353271484375e+01
-5.497880554199218750e+01 2.201493453979492188e+01 -9.713932800292968750e+01
-9.577507019042968750e+01 6.250421905517578125e+01 -1.631115341186523438e+01
4.710276794433593750e+01 1.116980819702148438e+02 -1.047197437286376953e+01
5.453834915161132812e+01 3.245592880249023438e+01 2.339833736419677734e+00
-7.006501007080078125e+01 -1.050547943115234375e+02 2.506179809570312500e+01
7.855107116699218750e+01 5.812020111083984375e+01 -6.240127944946289062e+01
4.100707626342773438e+01 9.104497528076171875e+01 -9.512705230712890625e+01
1.099114913940429688e+02 9.578266143798828125e+01 -6.767407989501953125e+01
5.916507339477539062e+01 1.491528797149658203e+01 9.758065795898437500e+01
1.000782546997070312e+02 1.288178634643554688e+01 -9.011016845703125000e+01
7.018244171142578125e+01 3.633168029785156250e+01 -1.190707778930664062e+02
-2.253028488159179688e+01 -2.974705886840820312e+01 9.880149841308593750e+01
-1.145345993041992188e+02 -2.684846639633178711e+00 -9.023461151123046875e+01
2.747141456604003906e+01 1.665502929687500000e+01 -1.024235763549804688e+02
5.449686431884765625e+01 -5.703737258911132812e+01 2.830352401733398438e+01
-6.602033996582031250e+01 4.990235900878906250e+01 -2.963379144668579102e+00
4.064160823822021484e+00 9.009932708740234375e+01 1.123430709838867188e+02
1.059747543334960938e+02 5.998458862304687500e+01 -1.026479949951171875e+02
-3.409917068481445312e+01 -6.637485504150390625e+01 -5.865310192108154297e+00
4.504758071899414062e+01 -1.260523796081542969e+01 -4.904660224914550781e+00
1.088739776611328125e+02 4.988313293457031250e+02 2.557740402221679688e+01
-5.015365982055664062e+01 1.672218894958496094e+01 1.509777832031250000e+02
2.527425575256347656e+01 2.146441841125488281e+01 9.491201019287109375e+01
-4.493324279785156250e+00 5.145905494689941406e+00 1.174854049682617188e+02
6.400669097900390625e+01 -2.200397682189941406e+01 -5.443177413940429688e+01
-1.660259857177734375e+02 9.300360679626464844e+00 -9.191665649414062500e+01
-8.726742553710937500e+01 -6.374425125122070312e+01 2.841089057922363281e+01
1.156372451782226562e+02 -8.343889617919921875e+01 -2.610340881347656250e+01
9.822817993164062500e+01 -1.622670555114746094e+01 -4.997833251953125000e+01
-1.268678379058837891e+01 3.426245117187500000e+01 1.040274658203125000e+02
4.932139205932617188e+01 6.690717315673828125e+01 -1.276396102905273438e+02
-3.007711029052734375e+01 -5.880140686035156250e+01 -1.384730682373046875e+02
3.987974929809570312e+01 -2.347844314575195312e+01 5.789060211181640625e+01
1.160152053833007812e+01 1.132752609252929688e+02 -6.653445434570312500e+01
1.716936683654785156e+01 5.741763305664062500e+01 1.023414840698242188e+02
1.038919372558593750e+02 -5.383300781250000000e+01 2.866376304626464844e+01
9.315119171142578125e+01 -1.185675430297851562e+02 -1.606523895263671875e+01
-3.364585113525390625e+01 -5.977137088775634766e+00 -4.470928955078125000e+01
-9.522159576416015625e+01 9.274182891845703125e+01 1.000413742065429688e+02
-8.984210968017578125e+01 -4.886571121215820312e+01 -7.951958465576171875e+01
-4.496457290649414062e+01 -1.237974472045898438e+02 5.189609527587890625e+01
-9.998419952392578125e+01 2.788047981262207031e+01 -9.661325454711914062e+00
2.890163993835449219e+01 -5.478806304931640625e+01 -9.764334106445312500e+01
1.787222099304199219e+01 1.739646196365356445e+00 7.034317779541015625e+01
-4.774684906005859375e+01 -9.746815490722656250e+01 -1.637855339050292969e+01
-4.519883346557617188e+01 2.744692611694335938e+01 -5.846628570556640625e+01
5.074160766601562500e+01 -1.198240814208984375e+02 8.092415618896484375e+01
-1.141920166015625000e+02 6.585008239746093750e+01 -8.305845642089843750e+01
9.983287811279296875e+01 2.525580024719238281e+01 -5.971077346801757812e+01
2.806807518005371094e+01 -9.743302154541015625e+01 -9.881335449218750000e+01
1.951828598976135254e+00 1.483195343017578125e+02 3.213386535644531250e+01
-1.109143142700195312e+02 3.215212821960449219e+00 1.058600158691406250e+02
3.718592071533203125e+01 -4.838859558105468750e+01 1.443139648437500000e+02
1.249949264526367188e+02 -1.790499305725097656e+01 -9.295737457275390625e+01
8.581889343261718750e+01 9.322869873046875000e+01 1.055624923706054688e+02
7.272714233398437500e+01 4.894669342041015625e+01 9.043082427978515625e+01
-5.272492218017578125e+01 -8.500386047363281250e+01 4.863770675659179688e+01
-1.471145477294921875e+02 3.816777038574218750e+01 -1.427505207061767578e+01
-1.600004577636718750e+02 -5.427652359008789062e+01 -1.152168846130371094e+01
2.855707168579101562e+01 -7.510942077636718750e+01 -4.387113952636718750e+01
8.071970367431640625e+01 -2.434397506713867188e+01 -9.711219787597656250e+01
4.947631835937500000e+01 -2.490977478027343750e+01 -1.668832397460937500e+02
1.427913360595703125e+02 3.456607437133789062e+01 1.755851554870605469e+01
6.974603271484375000e+01 -7.467148590087890625e+01 1.110423736572265625e+02
1.979797935485839844e+01 -1.300343475341796875e+02 -6.944535064697265625e+01
8.220278930664062500e+01 -7.641180419921875000e+01 5.264971160888671875e+01
-7.261875152587890625e+00 -1.457230834960937500e+02 4.926990509033203125e+01
-7.551461791992187500e+01 5.397405242919921875e+01 -1.198228912353515625e+02
-1.878362464904785156e+01 -8.280960845947265625e+01 5.789811325073242188e+01
-1.270072021484375000e+02 1.063163471221923828e+01 -2.641267585754394531e+01
8.500772857666015625e+01 8.840929985046386719e+00 2.698126220703125000e+01
1.103294830322265625e+02 -7.725424194335937500e+01 2.860593795776367188e+00
6.524410247802734375e+01 7.016870880126953125e+01 4.193468093872070312e+01
-2.035312461853027344e+01 -1.173345336914062500e+02 7.359989929199218750e+01
-1.337494659423828125e+02 -2.474116897583007812e+01 -7.508213043212890625e+01
-5.220268630981445312e+01 -1.933607101440429688e+01 1.257705841064453125e+02
-5.368074417114257812e+01 -6.331837081909179688e+01 3.050457954406738281e+01
1.187067031860351562e+02 1.563230323791503906e+01 -3.181552314758300781e+01
6.964279937744140625e+01 -9.245594024658203125e+01 6.457418918609619141e+00
6.612803649902343750e+01 9.490483093261718750e+01 7.798077106475830078e+00
-1.771381530761718750e+02 1.861210632324218750e+02 4.266744232177734375e+01
-1.192760848999023438e+02 -2.434085655212402344e+01 -2.950473213195800781e+01
-6.063537597656250000e+01 -5.234916305541992188e+01 6.485380554199218750e+01
4.701794385910034180e-01 -3.036714744567871094e+01 -1.122997589111328125e+02
-7.318995666503906250e+01 -1.103144836425781250e+01 -5.280547714233398438e+01
