-1.526334654237229138e+01 -1.429984785978072326e+00 -2.146225653423707858e+00
1.217973450756807630e+01 -8.921341630757289920e+00 -3.227110199734920304e+00
-6.657176287474875664e+00 -6.017980832784643574e+00 1.040476081062269031e+01
2.940223816701424742e+00 -2.619433228884530784e+00 -1.466671448097998720e+01
-1.657790549077295950e+01 -1.518319339606601093e-01 -2.419240985856413229e+00
1.351312413057540773e+01 8.297165405161178953e+00 -2.290241160032847390e+00
1.731873673026478144e+01 8.118252930129253642e+00 -2.715053996782771595e+00
1.275632431083247198e+01 -8.549609916471624160e+00 -1.020681501485849463e+00
1.279114276012705176e+01 9.797046012640430845e+00 -2.530795699488527006e+00
1.125856956996557301e+01 -6.571411239863353515e+00 -1.805003852437681910e+00
-6.650148114196368532e+00 1.300130822882226411e+01 1.089908263807076239e+01
1.235158869135544712e+01 -7.638749231676557727e+00 -2.133540703731883426e+00
-1.798516906075587585e+01 -1.589653098350633842e+00 -3.847460804973142690e+00
-6.924088752902887833e+00 -8.131734453758092229e+00 9.973255756395872140e+00
1.298777358552032979e+01 1.021484822244487845e+01 -2.992190246462635095e+00
1.438133515068286350e+01 9.632903945190344430e+00 -3.837678559498939546e+00
1.929248264563543813e+00 -3.105715949675858845e+00 -1.964963493002717243e+01
1.327879090763841141e+01 9.900589533704854617e+00 -3.506424402691795450e+00
1.271397147514223924e+01 -7.600533209683297819e+00 -2.158957414344573333e+00
1.100224598121099184e+01 8.759240404273244351e+00 -4.672642711255027059e+00
1.439065790368467646e+01 -6.737297141719754912e+00 -2.094122292226850313e+00
1.388909957040468157e+01 8.253506738196140446e+00 -9.429797747151293930e-01
-1.691922277566887800e+01 -3.018481599568785256e+00 -2.241011939184785362e+00
-5.492199166537504063e+00 -6.963686655000510761e+00 9.479875094857023399e+00
-7.066695007606504930e+00 -6.434696018638454973e+00 1.055722790068482730e+01
1.611537611757507804e+01 7.933563364938397200e+00 -2.502260745936318642e+00
9.755829352007028277e-01 -4.915504017222210642e+00 -1.818365263439053336e+01
-6.272114985814065236e+00 -5.049348022272151404e+00 1.239947971072155930e+01
-7.703771920360834580e-01 -5.966421301652467868e+00 -1.455234717500143837e+01
1.510869657102472985e+01 9.111177468853254524e+00 -1.774039675506314362e+00
1.041264119109740172e+01 -6.781134548530999950e+00 -3.556808399653381692e+00
-1.766692004841210206e+01 -3.086153363006420403e+00 -3.987851104927923718e+00
-8.731563775334436173e+00 1.083044908219244995e+01 1.217724729642388937e+01
1.288576958023408991e+01 -6.524865073905057322e+00 -3.397914789260934043e+00
-5.010964471705086076e+00 8.796863883915952087e+00 1.320149282557510340e+01
1.318196151165620122e+01 -7.699373775198507630e+00 -3.835659826379183013e+00
-7.304329524402843887e+00 -5.781517913235307837e+00 1.049491535984892288e+01
1.358637259522608076e+01 -6.314453876172783531e+00 -5.454621863466723397e+00
3.597525097939818117e+00 -5.687583053081298523e+00 -1.883153464922412823e+01
1.387346630273302495e+01 -1.013220752044256123e+01 -3.724670989220631778e+00
-5.959752851880451452e+00 1.026538979961761555e+01 1.208005361996544735e+01
1.930176212383509782e+00 -3.426205328922999449e+00 -1.624921883398772238e+01
-1.797650150402954239e+01 -1.081701706675974650e+00 7.001112518561482256e-02
1.567347025279496009e+01 9.406868566431105805e+00 -2.181375116917244394e+00
-4.527049833658787215e+00 -5.923011860401261153e+00 1.217711332439110450e+01
1.102488456926620941e+01 -7.887226213961096022e+00 -2.643905823651764297e+00
3.070044848223689282e+00 -5.442942176925600783e+00 -1.685969257176036251e+01
-6.469283982833085034e+00 9.874356970626728014e+00 1.291553816697469337e+01
-4.789785727605023524e+00 1.037533882418236075e+01 1.183644520826903523e+01
-5.194880264910053391e+00 8.229241571492922347e+00 1.178642529570219466e+01
1.356396113720071517e+00 -2.494413268294552566e+00 -1.620970026794855912e+01
-1.996641120408453318e+01 -1.064131744417214254e+00 -2.937036705390205227e-01
-6.894895159983079225e+00 9.816546878767914208e+00 1.368030916081741388e+01
1.287287388726437420e+01 -8.333664923467980046e+00 -3.105956293154087611e+00
1.541791534567596678e+01 -5.120538240902477334e+00 -7.448101000578161157e-01
1.460563213290326168e+01 -8.284141621075972850e+00 -2.324300286370895918e+00
1.445545122763912005e+01 9.954749349634665734e+00 -1.048223037706951688e+00
-1.652997226122835173e+01 -1.926328767284186005e+00 -1.621358107004080118e+00
-7.638920218079029212e+00 -6.660597667727683024e+00 1.111487614859496098e+01
1.492378039725486616e+01 9.606784411028703730e+00 6.584065984303492935e-02
-3.977814796248932971e+00 -6.902890138159744282e+00 1.156822477334858945e+01
-6.620262700350020069e+00 -5.411628258444864947e+00 1.313037898469708331e+01
1.342070146340130243e+01 7.657317322115016367e+00 -2.867397709096720426e+00
1.443772911824481398e+01 1.026460097606167921e+01 -1.711953866770085098e+00
-8.409567050180445591e+00 -7.042348220589814467e+00 1.295104863482120727e+01
-1.784358047205269671e+01 -8.455232717362501926e-01 -4.737532604571978445e-01
1.335313341059167414e+01 -1.144173830303666328e+01 -3.811758533150789496e+00
-1.522010519340912893e+01 -6.301244521300354284e-01 -2.047013404216564414e+00
1.340839707084514565e+01 9.169061652759236125e+00 -4.944345471577492823e+00
1.343576040323914889e+01 7.996385821131005045e+00 -2.610613073587496835e+00
-1.860715222457929841e+01 -1.487889697513743670e+00 4.128353362563544349e-01
-6.738425564335056350e+00 -5.928362009441529246e+00 1.172893906186607005e+01
-1.634372559831483329e+01 -4.473474766973165373e+00 -3.349521246269411723e+00
-1.649592914895519158e+01 -1.429661257746551506e+00 -4.340468016052236866e-01
-1.816319120622106098e+01 2.170729464223684901e-01 -1.987442445321016438e+00
-3.940005090267931998e+00 9.065298941580635983e+00 1.173686846870944223e+01
-6.518911382428753676e+00 -7.596110404572211650e+00 1.295201649110063613e+01
1.306671843072234118e+01 -7.774067657739128556e+00 -1.639816154688970462e+00
1.250903931896802490e+01 -9.217911931209227916e+00 -3.027854254860755656e+00
2.321391364502477739e+00 -3.336513290502041595e+00 -1.572713250207780078e+01
-1.719629824147732933e+01 8.969082916903627911e-01 -1.187223645461668031e+00
-5.289994472614747423e+00 1.156449874507458198e+01 1.279083545483176287e+01
1.302622297600269796e+01 9.497112745146399249e+00 -1.388005006067050573e+00
-4.772115809101163286e+00 1.015746946392290617e+01 1.026545091028778067e+01
-5.490661844841773664e+00 -9.189353927424987134e+00 1.227445634189548151e+01
1.220699178240140981e+01 -7.302405523365840700e+00 -5.905687932369683146e+00
-1.785293625552118968e+01 9.930451382917647729e-01 -5.612694435058536158e-01
-1.701240875746814751e+01 -3.571739351030657428e+00 -2.157991864318776987e+00
-6.900826663379655557e+00 -5.653904078860810145e+00 1.180578828287857007e+01
-6.231513433791323386e+00 1.067154588216410005e+01 1.203711650963072977e+01
-4.627113899870855640e+00 1.175404728237760743e+01 1.413436128736172037e+01
1.446517650773963304e+01 -7.304774305783670485e+00 -3.199993453186284587e+00
1.158524136384512992e+01 9.750158746509068663e+00 -3.947764087044331127e+00
2.619235729659737277e+00 -4.663465826206080855e+00 -1.612717240083849290e+01
-1.595322633284047775e+01 -5.858665468035120782e-02 -1.526983688534827022e-01
-5.981070942008210878e+00 1.230487612159114619e+01 9.977629312960280217e+00
-6.376830118846664952e+00 8.942833802720226544e+00 1.442792723846071290e+01
-4.878368685118391390e+00 9.858171046394984316e+00 1.194214610393391141e+01
1.114092691327887907e+00 -1.638838801697539926e+00 -1.928812013192887775e+01
1.102054747560399584e+01 -6.712757030640976730e+00 -2.352305962179932042e+00
-1.563645011502288185e+01 1.241835157478127644e-01 -2.552861063149340914e+00
-6.262116763853102341e+00 1.198331877086565633e+01 1.086078191798377546e+01
2.853588658967202374e+00 -5.337310909310537532e+00 -1.628480325689673336e+01
1.248221797479899386e+01 9.423594990318347797e+00 -2.330744886089284762e+00
3.585719035383466036e+00 -3.520123448009976341e-01 -1.821417929631202881e+01
-4.758316111940435356e+00 -5.703698717010366792e+00 1.145136706920182412e+01
2.298104880178315934e+00 -3.586758826009859735e+00 -1.687846245220582020e+01
-1.813986248994404704e+01 -6.903677645091852444e-01 -2.187360398012745955e-01
-4.356171501495903264e+00 9.698679174048978169e+00 1.152797421314521031e+01
-3.885537519459444145e+00 1.025823424167536579e+01 1.126681963366526595e+01
-5.615631757530731960e+00 9.381354334905648074e+00 1.341314246437598712e+01
-6.324984521224469525e+00 -6.318733097454197534e+00 1.081909321081537279e+01
1.363298545571323928e+01 -6.617986641501424572e+00 -2.146833842811396220e+00
1.477264813013823286e+01 -6.886793173157784054e+00 3.640818433077307181e-02
-3.859385295305838848e-01 -6.308045611417179011e+00 -1.531001081342977521e+01
1.150986261723126525e+01 -8.299139436168132988e+00 -4.817723456472220889e+00
-1.605854757405676025e+01 -2.212253710684845553e-01 -1.205310571382162133e+00
3.449342819901830115e+00 -3.439789005759921636e+00 -1.626622760299883907e+01
2.112357943620171152e+00 -2.874835522474532556e+00 -1.753914188034956467e+01
-4.427074515208324179e+00 -7.158577181351557961e+00 1.066693847968061348e+01
1.196917643748410676e+01 -9.010973750041582520e+00 -3.069451824883187019e+00
1.263041272120861080e+01 -6.775458640369913965e+00 -3.658491754706655996e+00
-6.913756917841702432e+00 -4.786980452655844154e+00 1.102289027544759215e+01
-6.856027082265599759e+00 1.070728255376836202e+01 1.099125501354454038e+01
-1.721434548348652882e+01 -2.110304781641215488e+00 -1.022553877210016227e+00
-3.885835650314375389e+00 9.865427732607635392e+00 1.176315748539877326e+01
1.345198925021602498e+01 -6.774118803361909080e+00 -2.797248632099321064e+00
-4.910702182477140632e+00 -8.172422951608430353e+00 1.140872540304759752e+01
-7.681848517799087617e+00 -6.936770302071788130e+00 1.263065815264217306e+01
-6.145823292627351719e+00 1.053405384565344427e+01 1.119976482066229728e+01
1.335395034343104292e+01 -7.256235476155275421e+00 -5.050358216454196914e+00
-5.831613254023326753e+00 1.072017841848876785e+01 1.310066165213526723e+01
-1.406964358336923304e+01 -3.019387017298440057e+00 -5.364693357083530900e-01
-1.701194843143015234e+01 -1.701879505125968306e+00 -4.908254627112941471e+00
-5.532092183087422121e+00 1.080646190083158231e+01 1.071860314205723164e+01
-1.732850436463290222e+01 -2.166513204279621352e+00 -2.461332959473869320e+00
-7.650754232456484338e+00 -6.176135363169660941e+00 9.846321806252092301e+00
1.528612220240792929e+01 9.939236558954334555e+00 -1.886283585553496955e+00
3.466937925238915863e+00 -3.679338965728557564e+00 -1.642899071747405415e+01
-1.766644590976859419e+01 -1.012834038518255042e+00 4.591117112069812989e-01
1.421139697088697496e+01 9.922261061527169801e+00 -1.551971184865758246e+00
-1.732254046572566253e+01 -2.829130559398781664e+00 -6.657353973193354257e-02
-1.815332186088670596e+01 -4.946775229665506535e-01 -1.412652655629595078e+00
-1.896300205663737515e+01 1.019513651747755434e+00 6.293205507078673822e-02
1.343375587305003371e+01 1.074344209504342729e+01 -1.594212554301225548e+00
-6.993756568318306499e+00 -6.814929979938662896e+00 1.130670628473366968e+01
1.341285977313198430e+00 -2.078223861839997966e+00 -1.479460226459849181e+01
1.554356141004668856e+01 9.473794485552319955e+00 -2.031572612439168424e+00
1.356647882176607567e+01 9.445013955211909007e+00 -3.177304960239136111e+00
1.386739342938772168e+01 -8.457810305861695355e+00 -4.641866122105866133e+00
1.770274208221299217e+00 -4.344575451796082177e+00 -1.751852103136752348e+01
1.225300968978917382e+01 -8.171926032045618626e+00 8.754110949657737395e-01
1.502913355407515361e+01 -6.033615607395121927e+00 -2.226321505302221837e+00
1.183840013754001141e+01 -9.105807378551698861e+00 -3.235310341347679142e+00
-5.867972846771015938e+00 1.150006248376794282e+01 1.096740768472003680e+01
1.390649247769763441e+01 7.576997168593162968e+00 -1.223181625090966840e+00
-5.941156376842540610e+00 -8.339997039264762435e+00 1.028580971659291166e+01
-4.866047966302778249e+00 1.066460185573469133e+01 1.061700706639844505e+01
-1.786074821793227940e+01 -1.765818460225405895e+00 -2.248615699977637217e+00
1.133812793454144696e+01 -7.101566751512542908e+00 -4.722554365223030182e+00
2.738913226790760103e+00 -1.287334345654288059e+00 -1.661401877156870555e+01
-6.124197662023165734e+00 1.066744694110837521e+01 1.048655247319881845e+01
-6.845989771706737947e+00 1.142891645458092498e+01 1.367862983351275297e+01
1.504404063526631674e+01 8.527369428936347973e+00 -1.046440635752563297e+00
-1.702554312190440200e+01 -2.940938613840433202e+00 -2.385567025592219004e+00
-7.253971620888973071e+00 -5.051005958751847658e+00 1.082026664567135477e+01
1.265946248144598307e+01 -6.802160576100034106e+00 -2.055641825487497520e+00
-1.957957611580228985e+01 -3.655395083335363893e+00 -2.073939711492460702e+00
-3.787691942185761995e+00 1.245366398064190250e+01 1.080646314356563309e+01
1.147447959812609941e+00 -5.889105462478625874e+00 -1.785462471359943848e+01
-5.436055262197091231e+00 -8.047797062451902406e+00 1.140704620345440290e+01
1.498939511842231509e+00 -2.929102692199298641e+00 -1.329605118288386123e+01
1.325881960266872817e+01 -7.468485112599555720e+00 -3.760422237592095929e-01
-5.548304692097799418e+00 -7.854238548745776427e+00 1.123410516129046677e+01
-1.880150251958415097e+01 -3.385517799336855038e+00 -4.725632465868543353e-01
-1.502852373004336073e+01 -1.454633080983875670e+00 -3.649375952344430241e-01
-5.883560653934711837e+00 1.145763880122622247e+01 1.157402669956630170e+01
-4.651394358346672142e+00 1.030575691859916354e+01 1.020611803425188491e+01
1.515327490850154391e+01 8.180692955774915731e+00 -1.504032212617670616e+00
1.523707953939723581e+01 -8.104064244947020157e+00 -3.422809165407466825e+00
-7.015169468108492623e+00 9.247023146237250302e+00 1.357683975629100637e+01
1.518239901654382429e+01 1.006438652688668078e+01 4.102289046303795872e-01
-4.332124475028813926e+00 1.003585888877501731e+01 1.036430293422243842e+01
-1.810860997710193843e+01 -2.177700060202153676e+00 -4.531382168787930986e+00
-1.838949888700715007e+01 -2.918875616203980172e+00 -2.803794718858661383e+00
2.803667422980447910e+00 -3.000268018599662856e+00 -1.499126582054920931e+01
-1.618428328364357682e+01 -4.193506983308036062e+00 -3.573702376523718360e+00
-5.015732121089923723e+00 -6.272236095296952918e+00 1.147155116639660299e+01
1.350246212209977159e+01 -7.303113171926137070e+00 -2.014779159244199036e+00
1.016792741628977259e+00 -4.328072127803289426e+00 -1.593032146003687011e+01
1.307289289246694075e+01 -8.069013900955448904e+00 -5.679133421472899457e+00
1.202082788237281186e+01 -8.112774285839854826e+00 -2.135075284001930473e+00
-8.447245190445666629e-02 -1.392588298002842340e+00 -1.571910544551988131e+01
2.876376908079956607e+00 -2.238328293219516318e+00 -1.643197048995122245e+01
-6.335964320929780236e+00 1.002675670570989297e+01 1.326338416086035465e+01
1.289393124297357751e+01 -6.438398135469103778e+00 -1.616389136193891796e+00
1.642781178199418690e+01 7.504755839247329696e+00 -2.870156575117261966e+00
1.169676597307948462e+01 9.769581160811656062e+00 -3.972401584115479167e+00
-4.480339232229475499e+00 -6.222287519471911388e+00 1.055433201119979536e+01
-6.560089386161358505e+00 1.101564913030664350e+01 1.323899966479806167e+01
1.220534260064676424e+01 -9.384358307819566036e+00 -3.925861335995925128e+00
1.114547358522774978e+01 -7.246035921714841344e+00 -7.985647892605568510e-01
1.376309903703734960e+01 -8.177422622258829321e+00 -6.327014336303848907e-01
-6.466298324488447768e+00 9.325275637656199379e+00 1.168145623121412591e+01
2.793586467027220355e+00 -1.437322676066202565e+00 -1.771075606809120728e+01
1.214077077582671027e+00 -1.682211642396087781e+00 -1.588049950130599086e+01
1.379816338607346182e+01 6.423064327729125722e+00 -1.238361672399676650e+00
1.151459151681047999e+01 -9.134210328793026079e+00 -4.681441750174332839e+00
1.861338189662277820e+00 -3.282893195305261358e+00 -1.666479441762428948e+01
-1.898729809891822384e+01 -7.416217550102821576e-01 -2.428631274482876634e+00
2.442762919804113420e+00 -3.912450171832706047e+00 -1.692353086682477681e+01
1.260070821725161139e+01 8.462750587365583499e+00 -1.288937437928764140e+00
1.381832592326244757e+01 7.399300707804104427e+00 -3.663200395045154156e+00
1.435088026076986267e+01 8.500657772836808235e+00 -9.491275716175622268e-01
1.079183709779523426e+01 -5.548593835078679426e+00 -3.507951769011777632e+00
2.053686357452050526e+00 -3.588745158898841936e+00 -1.414517742495967667e+01
-7.133210218774168609e+00 -7.359478144931831167e+00 1.050985148257280422e+01
1.394073790823914116e+01 8.590768752046640699e+00 -3.932899546245547828e+00
1.615523593473604791e+01 7.039391282020819318e+00 -8.274963430006022636e-01
-5.288474713812161276e+00 1.174334602477192391e+01 1.168410459739419771e+01
1.382430854953607735e+01 8.746496376234366821e+00 -8.159053314796856915e-01
-1.878086062756896979e+01 -5.398263116501850895e-02 -1.236277885783035879e+00
1.608494637031772356e+01 9.198024792092290625e+00 -1.716612209755194574e+00
1.415322830306633861e+01 -8.953385570795882487e+00 -1.092150912956597608e+00
1.402769521913890260e+00 -3.471969075153777062e+00 -1.750662870237683322e+01
1.179294466312480338e+01 -6.798660455268986880e+00 -3.477188265842517723e+00
1.236487042502744949e+01 -8.228460480504145025e+00 -3.388799290476511850e+00
-6.762506680238974610e+00 -8.326175676094699440e+00 1.227925898563509399e+01
1.106489518523691151e+00 -3.615136674883388412e+00 -1.519014675327119512e+01
-1.759506087231366322e+01 -6.177627140205504963e-01 -3.755708496331619184e+00
-6.374831728860075764e+00 -7.600582311227989329e+00 8.819119524631229723e+00
1.368488239382423721e+01 -6.521949348357683363e+00 -3.621752337840273839e+00
1.512219723243097569e+01 8.976250548742241264e+00 4.373708527867647966e-01
-5.760339376549939772e+00 9.901579947485471322e+00 1.080886604983376564e+01
-1.661431308463729195e+01 -3.933291287295724636e+00 -1.406718579336293740e+00
1.202621085106956933e+01 -7.733881906507824588e+00 -3.838491958199831799e+00
1.355780680863811938e+01 -6.762665243809933280e+00 -1.981296027792544878e+00
1.335006889876167513e+01 -7.727003847580441231e+00 -3.497135053396782656e+00
1.183650959258776680e+01 -8.916889728087271649e+00 -4.867460855089239757e+00
-1.781816229196881451e+01 -1.533757067181667155e+00 -1.165711983868984891e+00
-1.796679269102341081e+01 -7.470851566567977553e-01 -1.787677347495248315e+00
-5.628934026797622003e+00 8.351061355033511546e+00 1.110814159846088067e+01
-1.556468077451599008e+01 -1.854873524648612770e+00 -2.396700421085293353e+00
-1.623623468209028431e+01 -8.005915570018337091e-01 -3.347334074073403443e+00
1.270378735470981013e+01 -7.842903870197559968e+00 -3.312309472272814137e+00
-1.705586952385069566e+01 -1.491692290778911856e+00 -1.029672064381049523e+00
1.425096885051632434e+01 8.593201779764420678e+00 -9.167598164185795095e-01
1.231864437087225461e+01 -9.410186857909556224e+00 -1.707113789609077947e-01
1.565536838907882355e+01 8.003733471970974733e+00 -3.784259644185457905e+00
1.368324757525093283e+01 -7.316306647902489857e+00 -3.444245598428359312e+00
-1.617450878416402205e+01 -9.781167374891960309e-01 -2.701040369211036851e-01
-1.639143530044173502e+01 1.209342221688723074e+00 -1.025439761234319569e+00
2.000732217396222534e+00 -4.162075662624424410e+00 -1.743644671979003391e+01
-1.585741188943096347e+01 3.031734134592292684e-01 -2.451567515942193243e+00
-5.324577578413629553e+00 -6.352502801175838876e+00 1.226158819012757739e+01
-6.277364426509334905e+00 1.237357313004914161e+01 1.214638078130049692e+01
-7.875143066361840027e+00 -8.064060572536815741e+00 1.081244466634804802e+01
4.182775346447619391e+00 -1.573844705253260257e+00 -1.692655218938191197e+01
1.205627946031366449e+01 -8.057286946206655642e+00 -1.911829816412822902e+00
-4.482243475169846114e+00 1.186639054088128731e+01 1.045332331322664743e+01
3.325077590300174801e+00 -4.419785234016559983e+00 -1.840219162993262003e+01
1.295224230888367067e+01 9.015708225481008142e+00 -2.508227421921243039e+00
-4.875349697874865385e+00 -5.232580674450652225e+00 1.124209596774445252e+01
1.374282509833810728e+00 -3.419369288633242299e+00 -1.611328498605923443e+01
-1.819243179660251641e+01 -3.126704495186201083e+00 -4.572605048804188610e-01
1.345155313733865121e+01 1.078577022836342003e+01 -1.335347462174679034e+00
1.314924534165068160e+01 9.727632289172044366e+00 -3.692474002236887820e+00
1.479847187125828789e+01 1.041194040997552861e+01 -2.252479051021014200e+00
2.004723575495906296e+00 -2.755473924585949863e+00 -1.580134555793982898e+01
-1.729739495040803732e+01 -2.243349745017635843e+00 -2.418274536937123464e+00
1.292568092906088495e+01 -8.750425248167948311e+00 -2.069819054911849587e+00
-6.776006337615871011e+00 9.567102740753716361e+00 1.237258464008785452e+01
-5.529657152189768610e+00 -6.858606512831535440e+00 1.118865827976440031e+01
-1.464954487565250041e+01 -1.703077380820008591e+00 -1.983964657007228460e+00
-1.582376933750050618e+01 -5.797041257610083598e+00 -2.638727702509536144e+00
-1.713435866348831382e+01 -8.119324978383096747e-01 -3.595693554391151903e+00
1.373027201381953333e+01 8.505343648551486169e+00 -2.521969332321810864e+00
-7.254791314797972568e+00 -6.789121114960814829e+00 1.192093618205979233e+01
1.193919654929800345e+01 8.615265443726633166e+00 -2.863730844730700831e+00
-1.714313523955994256e+01 -2.814263025542605323e+00 -1.920972714283609939e+00
-1.592845770833903352e+01 -3.221147058754442738e-01 -1.469849361653480013e+00
-6.473965267702117110e+00 9.179324213259581811e+00 1.403682546060417735e+01
-3.284246966782526034e+00 1.249061024649131291e+01 1.135836142824579298e+01
-4.773075906500176657e+00 1.042448497766380555e+01 1.264275235699169997e+01
-6.795251743071118788e+00 -6.086216867303223310e+00 1.030575323374997687e+01
-1.727611146376737850e+01 -2.679353199183095668e+00 -3.223443228436364993e+00
-1.869303592849655971e+01 -4.152879828578631027e+00 -5.603432791276908437e-02
1.326527059216367910e+01 9.521956796311188853e+00 -1.320903057138510972e+00
-6.467657325668903390e+00 1.304758944226998096e+01 1.124341383547031370e+01
-6.427221625003434191e+00 -7.243273548640814852e+00 1.106213001408571905e+01
1.256081982943303998e+01 -8.427149343151052463e+00 -3.013952821738301147e+00
-7.076623431783953144e+00 1.106081400498395162e+01 1.146596221718740161e+01
9.927246129672386843e-01 -5.574639459230968264e+00 -1.712878353103572593e+01
-1.860705775289751784e+01 -3.045324394000015644e+00 -2.222050353477848628e+00
1.302088010106071359e+01 9.355113987602162950e+00 -7.493445420282373627e-03
-4.419744488847452857e+00 1.152556063256300156e+01 1.314697907018584289e+01
-6.819639161754460055e+00 -6.619570374245220101e+00 1.254514606266587506e+01
-3.750977603624625623e+00 1.165382720320346266e+01 1.286127580167911688e+01
1.847522004716677824e+00 -3.036296339363240726e+00 -1.735612416768601207e+01
-7.027530355076567758e+00 -8.661270729319550554e+00 1.210758207598166258e+01
