8.191745548219674100e-02 7.307569550598630448e-02 -9.087466119933974851e-02
7.705595022165243058e-02 8.506402832683389315e-02 1.171909485782808985e-01
1.244392122177182397e-01 9.852036288772986206e-02 1.413270893143418749e-01
1.408358766210042468e-01 1.415715231415262121e-01 1.010686303741541864e-01
8.803982207294955287e-02 9.007513612879058940e-02 -1.487292253703805245e-01
1.157305025174848456e-01 9.495819840813485291e-02 1.377096965728327183e-01
-3.809980574101561740e-02 4.224706472176385785e-02 -1.597385336497799957e-01
1.369373169978245208e-01 1.070467201261083162e-01 1.571645797398658340e-01
7.581077622626451740e-02 7.115970622119144329e-02 -1.931070006334892619e-01
1.575939494957779088e-02 1.103081675091157204e-01 -2.242968827113357710e-01
8.975349943488213078e-02 1.162380391110542505e-01 1.491717360439158979e-01
1.240731719020226331e-01 1.186796746956929188e-01 1.003284685878063076e-01
1.340365049930793834e-02 -2.723828988608679048e-03 -1.709554080344060367e-01
1.402104808380687240e-01 1.734062742607140606e-01 1.485510764289865449e-01
2.755511346613323878e-02 -4.817078207665446282e-03 -2.149593790966316809e-01
1.519657685559200333e-01 1.287060764049229311e-01 1.356141764756288726e-01
8.831689538780891635e-02 1.021341042891860812e-01 -1.130235740733348537e-01
1.522165017142253773e-01 1.144033368465036810e-01 9.743545503168252186e-02
4.767884533836982269e-02 7.357379570585931283e-02 -9.247636785638566059e-02
4.361747646367421238e-02 8.332307799356547529e-02 -7.782702594172022370e-02
1.376006960111757216e-01 1.218055767607334750e-01 9.195169931586434642e-02
9.327531983377441993e-02 6.562137539137007092e-02 -9.207798491955941633e-02
1.342823219297862580e-01 1.165289077459322198e-01 1.438264600307261332e-01
9.965880752130358566e-02 2.214809610069405077e-01 1.481563285588871348e-01
5.496611991146365533e-02 5.370351972280192759e-02 -1.125937839608587565e-01
1.268284168346712482e-01 1.182884374609331907e-01 1.822439935625779217e-01
6.666391303264448953e-02 9.904873830922482358e-02 -1.128098668194515430e-01
1.231586982215533699e-01 1.087416753385726798e-01 1.428413826425058430e-01
5.513922408077560205e-02 5.306281835430413235e-02 -1.063664865155866807e-01
1.036737262306138829e-01 1.349267597030053001e-01 1.614135138040825035e-01
4.873533512117356886e-02 5.734113380602271631e-02 -2.002975354165852373e-01
6.858774835622495625e-02 5.755891912727127691e-02 -1.350482847657240859e-01
1.234507611017639644e-01 7.925528887445587589e-02 1.076810330095322177e-01
1.584009913438743644e-01 1.462378006636062822e-01 1.183321786752429966e-01
1.208094497700347783e-02 9.692086797288210209e-03 -1.550511983457941723e-01
1.438764371179694357e-01 1.602274904270506173e-01 1.398597944780458624e-01
3.910588214564485882e-02 3.083398515045395263e-02 -7.095889902848069586e-02
1.498025633217376085e-01 1.750160428703609050e-01 1.440740681139885682e-01
-2.169482699675025737e-03 -2.164341314891840215e-03 -1.460214160114202964e-01
1.558689634722956463e-01 1.409489884764276724e-01 1.751010136851532950e-01
-3.178959973376573739e-02 2.566009602899127148e-02 -1.248741502012765819e-01
1.226883071269398995e-01 5.494378749477189100e-02 -1.010118472739401363e-01
1.373730256448330023e-01 1.041512846065564685e-01 1.472901515269245676e-01
3.216300644879133142e-02 5.214954505580472049e-02 -1.799001322966291561e-01
1.010516183855861144e-01 1.039504087958624118e-01 1.409569510755038502e-01
2.387433414592238234e-02 3.443375722640187181e-02 -1.259512585161536580e-01
1.173959319635765192e-01 1.472053169626904023e-01 1.440506524786321074e-01
3.266979198573666948e-02 2.671932554593104900e-02 -1.155549272390982291e-01
1.538513086345803804e-01 1.800155029050971023e-01 2.035583443651306779e-01
5.891006093361779439e-02 4.304954298626895853e-02 -8.630840142057068232e-02
9.623170381835140230e-02 9.058047517809830751e-02 1.420125973638680095e-01
5.336147991458143475e-02 5.111658165372251483e-02 -8.865032348622389757e-02
1.380143553235658460e-01 1.652594289920079063e-01 2.209524633428872620e-01
7.967831349690278342e-02 6.744813421517072138e-02 -1.080881795200892975e-01
1.163915402697995038e-01 1.488870238302064108e-01 2.039363168173676244e-01
-5.195728461132547230e-03 4.692468008458684087e-02 -1.966328717988148622e-01
9.157957194585217287e-02 1.068629498917910703e-01 1.735213354510709571e-01
2.621437097515353157e-02 2.337421387363240732e-02 -7.134821835794157019e-02
1.509202673405879713e-01 1.657869439764945996e-01 1.954965990135573983e-01
3.741605506983518986e-02 2.205032920848167335e-02 -6.998934023497327406e-02
9.425855657987054770e-02 1.233066855541807144e-01 2.129605302687667678e-01
2.444416971538779931e-02 4.280756839964962313e-02 -1.160318463966655972e-01
1.132108578932798787e-01 1.402076895503791831e-01 2.190223741301919602e-01
-1.469590253189996878e-02 1.684433560938645644e-02 -1.266237977676968607e-01
1.143203560009502379e-01 1.899584707301946451e-01 1.384318905528613697e-01
4.791017944422362035e-02 5.631846223882761709e-02 -8.174600162185317875e-02
7.842985137624999825e-02 8.170527642703344362e-02 1.497165414840263553e-01
6.894061718611637149e-03 -2.389872957642669507e-02 -9.641247973881958422e-02
7.412543759575315749e-02 1.169048520148250198e-01 1.692571830317983195e-01
1.416713155881401320e-03 -4.808706426715290971e-03 -9.091564838534864357e-02
7.532529558180518781e-02 5.948382524799333132e-02 1.419956187643575396e-01
6.926635202784345302e-02 8.753887837232994518e-02 -1.199727515944109951e-01
7.874909884561696882e-02 1.152635247904859050e-01 2.217580485200985330e-01
2.889230933207272145e-02 2.721418329425238231e-02 -1.141487061409367787e-01
1.408680906144040845e-01 1.488530545167646435e-01 1.853244243887584575e-01
-7.080068156929521239e-02 -3.435740927358846286e-02 -8.308032034374596142e-02
9.771120576598499308e-02 1.424520770609855880e-01 1.188242361960426402e-01
3.352746585146905434e-02 9.555058203797314742e-02 -1.545458728222591227e-01
1.166270505538834629e-01 1.280792238551869688e-01 1.346963203694468425e-01
9.711151645324717085e-02 5.907415662016131386e-02 -1.428781398462449781e-01
5.892521584817943248e-02 9.831906872711713985e-02 -1.422639813831367006e-01
1.236692699309894783e-01 1.299667470751766640e-01 1.187974036447652926e-01
5.588933420598075907e-02 6.889166361355072987e-02 -1.135085815703310852e-01
1.124982410157375351e-01 1.140651634298666534e-01 1.086232713454422238e-01
7.718940121474743288e-02 1.251145243892689274e-01 1.759065191933783245e-01
-1.328469361807245973e-02 -8.977146574502376311e-03 -7.257076823422799194e-02
1.071229191740796227e-01 1.637656707941508583e-01 1.890836141312220997e-01
-1.589465102820278308e-02 4.964728685254643503e-02 -1.169321286840468016e-01
1.148924677333917899e-01 1.272164332188907288e-01 1.813374135750664418e-01
-2.061956863274881993e-02 4.242086815077057878e-03 -1.019001063158508635e-01
1.051965240264586404e-01 1.116284789865819443e-01 9.793064944613966150e-02
5.496074914405656327e-03 1.507990846289437858e-02 -9.699047994493754932e-02
1.331297740253583606e-01 1.808884966105631653e-01 2.602979166091217156e-01
1.934891155866472895e-02 1.538298901808228579e-03 -7.832183822303592780e-02
7.615614006380731771e-02 1.370140535080580924e-01 1.514126369392548022e-01
-4.768379998099738643e-02 1.846791903015387523e-02 -1.682161882506668926e-01
1.195468280777614301e-01 1.294328571368631164e-01 2.243250465608712108e-01
4.801425449036233334e-02 6.538447790069908117e-02 -1.576528820057552238e-01
1.405703496020875298e-01 1.702916723048593928e-01 1.864253618038577143e-01
9.527073456479737135e-02 6.930182568678362742e-02 -9.448544090247505689e-02
7.151948985980435824e-02 6.797442364164510420e-02 1.366482686247750544e-01
6.170778303895192718e-02 7.870629190860567448e-02 -1.485564516113255240e-01
1.363296369896287163e-01 1.220439383259030452e-01 1.770888430809369474e-01
-6.548297299317250297e-02 -3.541818673513293103e-02 -1.069977085836302383e-01
6.015363742573871103e-02 5.331676457357858306e-02 1.744864578876011707e-01
-1.028057244304440799e-03 -2.665307825023229341e-02 -1.854013764061877290e-01
1.295613884317492193e-01 1.104300478842545202e-01 1.611534467173272034e-01
5.164809475802411599e-03 2.234497976815803810e-02 -1.193926894920056686e-01
8.260988532595607559e-02 1.597659238838226581e-01 6.037850710217173428e-02
1.385643745384683434e-02 5.639817616905427877e-03 -7.286765938225134298e-02
1.479023287838177325e-01 1.566118386291110165e-01 1.641361577484772294e-01
9.392774678865660476e-02 6.233368454026298050e-02 -1.705707052524247369e-01
1.063044551751058386e-01 1.309186299787988006e-01 1.968025969857749580e-01
1.117391052968034759e-01 6.639841921417161119e-02 -8.171280855384069342e-02
1.329493951771187898e-01 1.450853277424220822e-01 1.828168553000981411e-01
7.966527548965469940e-02 9.278008721075022003e-02 -1.428663722890379517e-01
1.080361277680768756e-01 9.225644316734461781e-02 1.696856428658980731e-01
4.028443385069167826e-02 1.745621810519209713e-02 -8.162451187234470718e-02
1.165437647741276173e-01 1.454058464949541107e-01 2.340281933273910819e-01
3.684808290115242774e-02 3.425745833165211307e-02 -1.047903714392420388e-01
1.119779560291326997e-01 1.156405828856954671e-01 1.486206811473564648e-01
-7.981084814364217822e-03 5.197213858783475762e-03 -7.803139279224724500e-02
1.425462898754654428e-01 1.188676881847778866e-01 1.811101352062418623e-01
-4.693108858161845059e-03 -2.314194262116023651e-02 -6.397885596813955578e-02
1.207623453601707475e-01 1.160498229409095416e-01 1.362664540527120660e-01
8.277592567714008032e-02 4.355355934725744366e-02 -1.229348931720766480e-01
1.162627646276620796e-01 1.279589685325071002e-01 1.136489962286059835e-01
-1.746217971816224623e-02 4.148666221717949021e-02 -9.967210133983349374e-02
1.059177962517144495e-01 1.137646467298700920e-01 1.436606580626433594e-01
2.650484689448391259e-02 3.569136372076011504e-02 -6.192601622470701034e-02
1.253340438616478703e-01 1.579446776000387742e-01 1.592896080734370334e-01
5.539720138537714694e-02 3.945974401188172276e-02 -1.364866473565233551e-01
9.692106794954893911e-02 1.124973091644836110e-01 1.836861156845446541e-01
-1.243952193165467019e-05 3.481149133202839085e-02 -8.276425778394681798e-02
1.018537358692129524e-01 8.291360474731691854e-02 1.509240962008142894e-01
1.055026946835493362e-01 3.490874969376474984e-02 -6.220320524563918707e-02
1.192609311220167029e-01 1.672845471748713730e-01 2.740627629541447785e-01
4.246395946685927597e-02 4.212361275772119606e-02 -5.463957462506512791e-02
1.223107125299646575e-01 1.422074629575776350e-01 2.022364538932581168e-01
7.718296124388691892e-02 8.391009127075194085e-02 -8.759080892534956697e-02
2.063194405231460332e-02 5.265611681629894097e-02 -1.007227200900264047e-01
1.304202888488576462e-01 1.369673775619416611e-01 1.237537267347648545e-01
1.104965973466624368e-01 1.327594293181446339e-01 1.383566449967684464e-01
5.728604023160361464e-02 7.856155659729138763e-02 -7.164049221472226781e-02
8.765134013335736107e-02 1.238613016883963608e-01 1.453346830886551588e-01
2.181342847026352880e-02 2.466961087252588294e-02 -8.103591323796077717e-02
-4.450889346352984721e-02 -8.660298678092835656e-02 2.446160267864457560e-01
-2.049559854544007742e-01 -1.668465550733418956e-01 -1.521773869727549022e-01
-4.126695291861770531e-02 -9.799294528291123407e-02 1.956313212726494277e-01
-2.258641592025582012e-01 -1.757978059711805541e-01 -8.799534215569687623e-02
-2.006966377698282122e-01 -1.512663030256886920e-01 -6.264385690960778963e-02
-2.973516429560544780e-02 -1.080847379091153526e-01 2.199774762961152486e-01
-4.805089656836507989e-02 -1.054113231588871824e-01 1.871898334072430448e-01
-1.690692451093461224e-01 -1.330055822683582079e-01 -6.664608660604065538e-02
-6.218045759948952027e-03 -8.157689126107488253e-02 2.374555137556892404e-01
-1.540440886519954811e-01 -1.241025349485582879e-01 -7.675128894396116008e-02
-9.801618144424883300e-03 -8.792012601305150554e-02 2.477094065709971871e-01
-1.933078877262900674e-01 -1.498633310738642366e-01 -1.015960652416273147e-01
-5.052654007186482832e-02 -9.773775471395934611e-02 2.163253473321594955e-01
-2.445730285531783621e-01 -1.764727959137541713e-01 -8.984480912179283740e-02
-5.004844695949535460e-03 -5.599990676549589791e-02 1.950855138881885664e-01
-2.231410875160124430e-01 -1.620093125303458670e-01 -1.451825802100432383e-01
-8.635598031936761801e-03 -3.130266889043788886e-02 2.476576213143427407e-01
-2.840677721080174245e-01 -1.848401541966828432e-01 -1.684348552174119718e-01
-5.263686847898395998e-02 -1.076582192235380625e-01 1.894410410286200275e-01
-1.871667252449063512e-01 -1.584934476561624117e-01 -6.310957321130478137e-02
-2.535911714055376076e-01 -1.714048659730031676e-01 -9.137219909629493153e-02
-6.378173550838238393e-02 -1.272211920248400574e-01 1.927769637003696745e-01
-2.823003356414037837e-02 -7.714535445435402594e-02 1.892938554806318785e-01
-1.345408238379851573e-01 -1.315950008643585467e-01 -6.241821637176524218e-02
-4.787184730175899489e-02 -1.294244338060030475e-01 2.567178874652244480e-01
-1.518582440228010699e-01 -1.279907648536343923e-01 -4.824187951122987927e-02
-2.169335072709182022e-01 -1.476031985816280701e-01 -1.098816298572926620e-01
-4.638391443733411862e-02 -9.072296171729243852e-02 2.109586105461984940e-01
-2.104997674334718738e-01 -1.565445086336622049e-01 -1.023425592792687605e-01
-1.755681262479709404e-01 -1.405186745502204626e-01 -6.376352467030511895e-02
-2.977219143706892959e-02 -8.661713056206656047e-02 2.217449450448017167e-01
-6.196775110430244315e-02 -1.083980066369533146e-01 2.181058190210334036e-01
-2.385840078422637733e-01 -2.633359005615253379e-01 -2.213833992027633979e-01
-8.496934609387497839e-02 -1.413505996687604571e-01 2.172272529527499163e-01
-1.702704021691878178e-01 -1.354914692964882816e-01 -1.031002655932730799e-01
-4.343273771311396969e-02 -1.098704918938313291e-01 2.362560633386328046e-01
-1.567769747169862615e-01 -1.012184392575716380e-01 -9.235073267989085677e-02
-1.415385536586999914e-02 -6.832019520368427801e-02 2.304356145283704138e-01
-1.566049951106771310e-01 -1.458849532141884842e-01 -8.887822317856540477e-02
2.994025458361440802e-03 -9.813228917646710583e-03 2.512352386940517324e-01
-2.090386450803017881e-01 -1.782831442243109354e-01 -1.189098986421281423e-01
-1.579433066126865320e-02 -7.385467748144081135e-02 2.194729354382447262e-01
-1.412021920130853980e-01 -1.300219126212359688e-01 -3.725066147673442019e-02
-2.091278293881147499e-01 -1.569461885415709967e-01 -1.202618712095601394e-01
-6.209554651118801005e-02 -1.115426635414002721e-01 2.224532939186061598e-01
2.359773848607558695e-03 -6.786227613628897926e-02 2.213118845150259528e-01
-1.828131357066602736e-01 -1.642033231271357585e-01 -1.063896827372114162e-01
-4.891141419438770760e-02 -1.387173800509038935e-01 2.612537961383565865e-01
-1.666923014229555744e-01 -1.317725838489280099e-01 -5.575067027609301173e-02
-6.668396801767884075e-02 -9.809695653799871407e-02 2.129584910520554986e-01
-1.822042186565649147e-01 -1.842516339219602839e-01 -7.434247459236263678e-02
-2.051066368943707877e-02 -7.000998822407103472e-02 1.933501763497717518e-01
-1.763453812977748836e-01 -1.451338853481982383e-01 -6.250340118679970081e-02
-7.982666662298609772e-02 -1.066385550988153269e-01 2.001011504708002653e-01
-1.451741161407734404e-01 -1.245233128451143506e-01 -3.191001408770425402e-02
-1.556909285113551936e-02 -5.120137623175464309e-02 2.112130861387813419e-01
-1.344766018530780260e-01 -1.393055499602022240e-01 -4.821116451817276244e-02
-1.257408680856593290e-02 -6.619736827228495102e-02 1.962271012874527987e-01
-2.028370470371224643e-01 -1.852843792599586370e-01 -8.238015166766540776e-02
-6.405872597965776676e-03 -5.857885942798515128e-02 2.188349509183477037e-01
-1.846019848081126846e-01 -1.451394421544970892e-01 -5.598524336631169329e-02
-2.759338357848563697e-02 -8.743693282635510433e-02 2.065444865429692523e-01
-2.187762350532879707e-01 -2.042459306102974714e-01 -1.431888120847487345e-01
-5.735789820325572219e-02 -1.001438125925667721e-01 2.043163832322275608e-01
-2.075384297054189420e-01 -1.675215726757235957e-01 -1.514474559100721929e-01
-2.104511583097108396e-01 -1.692047445035499975e-01 -1.539686436161596950e-01
-4.335864047418446637e-02 -9.353442405925421754e-02 2.236888372960878224e-01
-2.156702198013669691e-01 -1.613523835630686909e-01 -1.130845549438850711e-01
-5.397202417157539317e-02 -1.124212514982152744e-01 1.713794520733781801e-01
-1.499446782831104219e-01 -1.252072950748116253e-01 -4.639818639268086797e-02
-1.703096514385668281e-01 -1.248054290632419766e-01 -7.580424179983479005e-02
-1.059003497522850584e-01 -1.193338006056499090e-01 2.011008608552454779e-01
-4.933176131092890937e-02 -9.972870924008113425e-02 1.852329534131660627e-01
-2.337162722589862240e-01 -1.562303150841715671e-01 -1.461366745298384451e-01
-4.466423369174763597e-02 -9.578543700085068169e-02 2.053525580055416966e-01
-2.145039104998145429e-01 -1.986329366332372504e-01 -1.641504168208359760e-01
-5.797149231231759486e-02 -1.008093726755979330e-01 2.123688014970096238e-01
-2.106256923155125915e-01 -1.799528688174366897e-01 -1.576777714768604899e-01
-6.499969152295756447e-02 -9.781869515667748760e-02 1.960141300276667942e-01
-2.043679259761378986e-01 -1.691237707461116790e-01 -1.082854558349351792e-01
-4.833837378561581244e-02 -1.117988579951557787e-01 1.839728195749023021e-01
-1.813538006645241396e-01 -1.495974260793024868e-01 -1.057850134771110284e-01
-4.091367959624511719e-02 -9.122323136873478067e-02 2.394398991860925696e-01
-1.846471391817271490e-01 -1.892466696935233561e-01 -1.088866792142229867e-01
-2.791525418861461744e-02 -9.992048543318532428e-02 1.978090223414881721e-01
-1.999514237252054960e-01 -1.785314393708944680e-01 -7.374819484345550291e-02
-6.899507499644207120e-02 -1.256529264322287509e-01 1.906382212616306027e-01
-1.794566409312728650e-01 -1.713392931395157359e-01 -1.732828104520918733e-01
-6.974232468677182828e-02 -1.290599421915852862e-01 1.765175295785526843e-01
-1.958207558645058688e-01 -1.420327105165248016e-01 -1.489140856273770686e-01
-4.554340073135176165e-02 -1.009541972142807553e-01 1.889143071323642342e-01
-2.087755851178541011e-01 -1.588659510444384027e-01 -1.344580799267219851e-01
-5.167839711549209597e-02 -9.790929331646183731e-02 1.974779689716502362e-01
-1.839839712060036825e-01 -1.466450270432577974e-01 -7.710869577852978718e-02
-1.373849009605946359e-01 -1.280493589265242760e-01 -5.913613008777569152e-02
-7.078301332983803762e-02 -1.110743706058091029e-01 2.196280038669563284e-01
-5.119107689783401055e-02 -8.188276270411132263e-02 1.963095449184755759e-01
-1.600931353606101504e-01 -1.523294740961049498e-01 -1.239730505970293717e-01
-8.490634365913500570e-02 -1.105194358536893268e-01 1.810668270281867165e-01
-1.903572553827582725e-01 -2.028579982305246943e-01 -1.972179937272180994e-01
-8.046876502756739047e-02 -1.063000466485073819e-01 1.723098598868425257e-01
-2.208879396382283922e-01 -1.498349729699552380e-01 -7.455494484563293667e-02
-1.774548624732371627e-01 -1.510730867315137615e-01 -6.593832070546509772e-02
-1.879286179167084445e-02 -7.582152909001202423e-02 2.067230541951154132e-01
-1.906202886042676625e-01 -1.920510911419055777e-01 -1.189062862373526513e-01
-3.299818715293759142e-02 -6.207045450102897932e-02 2.266825197970124550e-01
-1.844339428058714980e-01 -1.608357648731603695e-01 -8.243915461755778329e-02
-1.040340521648968897e-01 -1.288016451837243614e-01 1.739963203519552526e-01
-2.419726357164426744e-01 -1.902244602664844852e-01 -1.443761568591181987e-01
-3.795273919424123343e-02 -7.633735727264591431e-02 1.685582349028319771e-01
-1.925346762826614933e-01 -1.647557808710738703e-01 -1.513498977532997669e-01
-1.899588233791497244e-02 -7.952613247439811739e-02 2.251867215388462795e-01
-2.448641825633711688e-01 -1.990806016361317543e-01 -1.653984831438304881e-01
-2.321787879846709535e-01 -1.662573346236244920e-01 -1.617464590206815767e-01
-5.823936394749223283e-02 -1.459647370941531963e-01 2.068380293729685793e-01
-6.622889327669452542e-02 -1.111676378872084592e-01 2.077780152828406501e-01
-2.211951498625797097e-01 -1.672609294360545840e-01 -1.284397505263162320e-01
-7.680322066682229720e-02 -1.380680028033917095e-01 1.867017399665933386e-01
-1.629315117584581307e-01 -1.564382317499872777e-01 -1.181281356676075200e-01
8.307493083888993490e-02 3.484056486384596446e-02 1.288774789408792254e-01
2.511367430197194300e-02 -6.168195708897655088e-02 -1.536223046580905693e-01
1.959494510273481968e-02 -3.590708820911797661e-02 -1.794729676548919017e-01
1.222061692476763411e-01 6.036709383525198230e-02 8.387760527548253353e-02
3.741359434309662196e-02 -7.137162604501330609e-02 -2.076437376266827839e-01
5.107010317247562270e-02 1.135362396183666085e-02 9.650392878915788064e-02
9.742614667014463936e-02 1.049373640352911363e-01 1.306955846967347012e-01
-2.362642966942701817e-02 1.250555921651971651e-02 -1.365931457623313361e-01
7.943579547709522792e-02 -2.309475802980227518e-02 7.971555723779018277e-02
4.336499200472538479e-02 -5.222514278484193667e-02 -2.047944305343187554e-01
7.155164660394486287e-02 1.160060841060644825e-02 1.091954976741504046e-01
4.346025662125665295e-02 -5.915542238286825016e-02 -1.989536941708375528e-01
9.790502394006440900e-02 6.174763369535537366e-03 1.480569890615358319e-01
-5.886254310741316845e-03 -7.799025113647971297e-02 -1.330223768053007405e-01
8.507072016106638490e-02 1.241452284398322434e-02 1.386045948599854138e-01
-4.299939226886468485e-02 -9.860065815007883552e-03 -1.526138349933335581e-01
9.293875467175446992e-02 3.023425475608916557e-03 -2.165911745566239388e-01
1.610062585777872757e-01 -7.011041230858879036e-02 2.397267298739166330e-01
1.271244188212616311e-01 3.683445104094764527e-02 1.012168046140998062e-01
-3.730618989054185208e-02 -6.911515265556815446e-02 -8.496004571789157744e-02
1.057987965263911256e-01 5.965117993930350165e-02 1.305816363055053719e-01
6.947420753945421357e-02 -4.397067272152232337e-02 -8.570753615181996021e-02
1.694765643730136717e-01 8.422935596158007132e-02 2.045282768086708336e-01
4.492921998490394947e-02 -6.706153555617679063e-02 -1.520069061073706929e-01
1.137687241053581128e-01 3.474117929425568629e-02 1.176280936186391013e-01
-8.224105218861478203e-03 -8.056710815696073447e-02 -1.578759132837497248e-01
1.177464460184169809e-01 -7.751492485874701167e-03 1.029447805470731087e-01
1.850506201582400451e-02 -5.802118861421597801e-02 -1.146799667630721969e-01
7.862235552697249830e-02 1.941070087453709847e-02 1.142951025713456747e-01
-4.622908237406504056e-02 -8.561769024762656832e-02 -2.100628717478920937e-01
1.188865450642010158e-01 8.391388324787668607e-02 1.851257968501040518e-01
-9.433765819988038093e-02 1.566133950969393618e-02 -2.451756942529345618e-01
9.940543370469191731e-02 7.168868408058597097e-02 1.610736460455804153e-01
-1.412840958506744217e-02 -8.022562343183263500e-02 -1.326338291806641589e-01
4.835660728582408252e-02 -5.108353553969383759e-02 -1.175727130434986445e-01
4.498840655313292303e-02 -1.650311520246350305e-02 1.330758505440185202e-01
7.963362369421934928e-02 -1.135281043070654819e-02 9.175334446190251680e-02
-1.025755424801435556e-01 -4.110428776929337530e-02 -2.224725712090951935e-01
2.041108405894710431e-01 8.232012685967801668e-02 2.084824837571978562e-01
-6.650520263996910486e-02 -6.766803855412618918e-02 -2.103016656067707435e-01
1.079041207994877426e-02 -5.979705119014955966e-02 -1.393036214271236584e-01
9.205702080121419550e-02 1.844590206380161343e-02 1.258118210789880564e-01
5.961828564889439658e-02 -2.768373303873178717e-02 -1.906238224628393763e-01
8.959068369757329509e-02 2.266724909186196638e-02 1.359183881183660125e-01
4.854796346629151188e-02 -6.090917073634624819e-04 1.457525977921851901e-01
-4.959410418565590728e-02 -7.274844942373633050e-02 -1.403418544920741196e-01
1.412003116813830284e-01 2.445713946986604118e-02 8.851537916155888253e-02
-2.041434699819680981e-02 -7.188045304452378437e-02 -1.520103439056524897e-01
3.430611803506532914e-02 1.242792192950892688e-01 -1.864991682240587645e-01
8.169280146374134632e-02 -4.008203936292914493e-02 1.365396881211232982e-01
1.018040142697769074e-01 -1.046429676223222492e-02 1.852187435097732426e-01
-1.762269744296876897e-02 -4.976438688516423431e-02 -1.422578371731860469e-01
8.577991733288051202e-02 2.334490028788165777e-02 1.246479759290681638e-01
9.982362058773218763e-03 -6.966215002953676794e-02 -1.657303456192232294e-01
1.209579776742426421e-01 7.210320785996543469e-02 1.493967990592455219e-01
8.160355376280947759e-02 -4.743807783065945305e-02 -1.992032993616702496e-01
7.886604453778918444e-02 5.761064417439885899e-02 1.802550579757700444e-01
1.450238964235394529e-02 -6.963815967227034165e-02 -1.381584896830606035e-01
-2.660042038209002938e-02 -1.491889551374417019e-02 -1.438256125651309336e-01
1.486703642846481099e-01 6.933231290821249837e-02 7.295496502587267562e-02
5.157584719221434792e-03 -8.626141540558118770e-02 -1.690691243825691581e-01
7.645866115494974469e-02 4.688606063480081111e-03 1.480843162308259076e-01
7.656238952697230760e-02 1.178635189689525992e-02 1.172751998440678817e-01
-3.527384453986096707e-03 -1.213442915206267986e-01 -2.283307229834677932e-01
1.131854246964483501e-01 6.417825199875708264e-02 1.100667833118711136e-01
4.106211501714226303e-02 -6.232520561362387551e-02 -1.208394529221026165e-01
-1.242530341048563546e-02 -7.626612703510109170e-02 -1.392355625647953843e-01
1.053049693194954978e-01 -1.292412901371799497e-02 9.010255631395652776e-02
