1.835268592834472656e+01 6.316986083984375000e+00 7.249314785003662109e+00
4.402435302734375000e+00 1.930704307556152344e+01 7.212611675262451172e+00
1.291711211204528809e+00 1.015320110321044922e+01 1.535457992553710938e+01
-4.144400119781494141e+00 9.613718032836914062e+00 3.245908975601196289e+00
1.823408126831054688e+01 6.728221893310546875e+00 6.238238334655761719e+00
3.587880134582519531e+00 -5.929371833801269531e+00 1.667554974555969238e+00
4.103349208831787109e+00 -5.553667545318603516e+00 1.669568419456481934e+00
3.661724805831909180e+00 1.916523933410644531e+01 7.143010139465332031e+00
3.772571563720703125e+00 -5.793475627899169922e+00 1.669669747352600098e+00
4.348614692687988281e+00 1.862127685546875000e+01 6.718544483184814453e+00
6.403910636901855469e+00 2.245772600173950195e+00 -3.733664035797119141e+00
3.925129413604736328e+00 1.864249992370605469e+01 6.469362735748291016e+00
1.807357406616210938e+01 7.452696800231933594e+00 6.865825653076171875e+00
1.516889333724975586e+00 1.022536373138427734e+01 1.525900363922119141e+01
3.362209081649780273e+00 -5.690731048583984375e+00 1.562493920326232910e+00
3.987246990203857422e+00 -6.419213771820068359e+00 1.503373384475708008e+00
-4.539272785186767578e+00 1.003581809997558594e+01 2.759353160858154297e+00
4.127964973449707031e+00 -6.118204593658447266e+00 1.652127265930175781e+00
4.196476459503173828e+00 1.935627555847167969e+01 6.804814815521240234e+00
3.374252557754516602e+00 -5.888468265533447266e+00 2.039148330688476562e+00
4.279497146606445312e+00 1.893062019348144531e+01 7.435547828674316406e+00
3.430702686309814453e+00 -5.636164188385009766e+00 1.582748413085937500e+00
1.778180122375488281e+01 7.220598220825195312e+00 7.358132362365722656e+00
1.337297439575195312e+00 9.957238197326660156e+00 1.497007560729980469e+01
1.167532563209533691e+00 9.806518554687500000e+00 1.515961933135986328e+01
3.884342432022094727e+00 -6.018939495086669922e+00 2.257322549819946289e+00
-3.808675765991210938e+00 9.780109405517578125e+00 3.373541831970214844e+00
1.300871491432189941e+00 9.705917358398437500e+00 1.483138084411621094e+01
-4.599420547485351562e+00 9.679005622863769531e+00 3.125202417373657227e+00
4.239603519439697266e+00 -5.737337589263916016e+00 1.831649541854858398e+00
4.411778450012207031e+00 1.870244216918945312e+01 6.594149589538574219e+00
1.859634971618652344e+01 7.287016868591308594e+00 6.780511856079101562e+00
6.524713516235351562e+00 1.976488709449768066e+00 -3.341310977935791016e+00
4.450495719909667969e+00 1.918793869018554688e+01 7.379715919494628906e+00
6.505810260772705078e+00 2.712723016738891602e+00 -3.908595800399780273e+00
4.354984760284423828e+00 1.914620208740234375e+01 6.895823955535888672e+00
1.680588245391845703e+00 1.011392498016357422e+01 1.501533031463623047e+01
4.358721733093261719e+00 1.943462371826171875e+01 7.364534854888916016e+00
-4.154763698577880859e+00 1.015910053253173828e+01 2.862692832946777344e+00
3.748058319091796875e+00 1.908277320861816406e+01 7.346208572387695312e+00
6.018801689147949219e+00 2.078691244125366211e+00 -3.729501247406005859e+00
-4.530956268310546875e+00 9.534499168395996094e+00 2.917865276336669922e+00
1.814494895935058594e+01 6.728832721710205078e+00 7.220766544342041016e+00
4.287777900695800781e+00 -5.621870040893554688e+00 1.853786706924438477e+00
1.710644602775573730e+00 9.831515312194824219e+00 1.470562458038330078e+01
4.217787265777587891e+00 1.952787971496582031e+01 6.835896015167236328e+00
-4.612208843231201172e+00 9.951998710632324219e+00 2.690730094909667969e+00
6.033104896545410156e+00 1.877541780471801758e+00 -3.690653800964355469e+00
6.691341876983642578e+00 1.920839071273803711e+00 -3.836529254913330078e+00
6.471429824829101562e+00 2.843101739883422852e+00 -3.932557582855224609e+00
-4.015841484069824219e+00 9.402984619140625000e+00 3.255792856216430664e+00
1.853029060363769531e+01 6.845810413360595703e+00 7.292589664459228516e+00
6.283923625946044922e+00 2.017820596694946289e+00 -3.887222528457641602e+00
3.825202465057373047e+00 1.933386039733886719e+01 6.889161586761474609e+00
3.717049837112426758e+00 1.841307830810546875e+01 6.913975715637207031e+00
3.535091638565063477e+00 1.859106636047363281e+01 6.950957298278808594e+00
4.058972835540771484e+00 -5.827652931213378906e+00 1.583881020545959473e+00
1.835495185852050781e+01 6.418674945831298828e+00 6.957886219024658203e+00
9.651342034339904785e-01 9.957269668579101562e+00 1.514095973968505859e+01
4.280390739440917969e+00 -5.776669979095458984e+00 1.625215411186218262e+00
1.870172977447509766e+00 9.768568992614746094e+00 1.491982364654541016e+01
1.395304799079895020e+00 1.028646469116210938e+01 1.479211044311523438e+01
4.189033508300781250e+00 -5.406028747558593750e+00 1.849124670028686523e+00
3.817993402481079102e+00 -6.346017360687255859e+00 1.782941818237304688e+00
1.000956177711486816e+00 1.013296222686767578e+01 1.477179813385009766e+01
1.820676422119140625e+01 7.535207271575927734e+00 7.219434261322021484e+00
3.498179912567138672e+00 1.893257522583007812e+01 6.790215492248535156e+00
1.813980674743652344e+01 6.965677738189697266e+00 6.341241359710693359e+00
3.864448070526123047e+00 -6.044485569000244141e+00 2.161054134368896484e+00
3.539348363876342773e+00 -6.038240432739257812e+00 2.126611709594726562e+00
1.810684013366699219e+01 6.958096027374267578e+00 6.300101757049560547e+00
1.553100228309631348e+00 1.032820415496826172e+01 1.473091602325439453e+01
1.849202537536621094e+01 6.530025482177734375e+00 6.925240993499755859e+00
1.803208160400390625e+01 7.029070854187011719e+00 7.562730789184570312e+00
1.874761581420898438e+01 6.581283569335937500e+00 7.068370342254638672e+00
6.215835094451904297e+00 2.639616012573242188e+00 -4.042593955993652344e+00
1.580651998519897461e+00 1.013610839843750000e+01 1.521392250061035156e+01
3.997754812240600586e+00 1.909345817565917969e+01 6.963712692260742188e+00
3.880966663360595703e+00 1.915095138549804688e+01 7.361273765563964844e+00
-4.451785087585449219e+00 9.853082656860351562e+00 3.247310876846313477e+00
1.769895935058593750e+01 6.905393600463867188e+00 6.644714832305908203e+00
6.594596385955810547e+00 1.763826847076416016e+00 -3.880800485610961914e+00
3.916101217269897461e+00 -6.230739116668701172e+00 1.454290866851806641e+00
6.504185199737548828e+00 1.755628108978271484e+00 -3.548560142517089844e+00
1.481422424316406250e+00 9.823477745056152344e+00 1.530431079864501953e+01
3.984242677688598633e+00 1.927834701538085938e+01 6.275445938110351562e+00
1.818032073974609375e+01 6.847609996795654297e+00 6.377041816711425781e+00
1.788520622253417969e+01 7.318063259124755859e+00 7.376192569732666016e+00
1.863048791885375977e+00 9.742770195007324219e+00 1.484908771514892578e+01
6.046002864837646484e+00 2.480781316757202148e+00 -3.618111371994018555e+00
6.175073146820068359e+00 1.918248534202575684e+00 -3.366811275482177734e+00
4.337591171264648438e+00 1.859257316589355469e+01 7.069122314453125000e+00
4.266091346740722656e+00 -5.835655212402343750e+00 1.976136684417724609e+00
-4.513463497161865234e+00 9.617106437683105469e+00 2.836174726486206055e+00
1.770429801940917969e+01 6.921773910522460938e+00 6.904994487762451172e+00
6.020804882049560547e+00 2.469592332839965820e+00 -3.647671937942504883e+00
6.083242893218994141e+00 2.488916397094726562e+00 -4.215388774871826172e+00
6.413800716400146484e+00 2.649146556854248047e+00 -3.980543613433837891e+00
-4.536130428314208984e+00 9.753915786743164062e+00 3.312443017959594727e+00
4.162325859069824219e+00 1.938845252990722656e+01 7.148429870605468750e+00
1.831881713867187500e+01 6.538143157958984375e+00 7.482970237731933594e+00
5.956702709197998047e+00 2.180290699005126953e+00 -4.054886341094970703e+00
-4.113311767578125000e+00 1.014515304565429688e+01 2.717504739761352539e+00
4.204946517944335938e+00 -5.756966114044189453e+00 1.853490352630615234e+00
-4.042741298675537109e+00 9.446916580200195312e+00 3.108459472656250000e+00
1.219853520393371582e+00 9.645689964294433594e+00 1.502719020843505859e+01
-4.225069999694824219e+00 1.010295867919921875e+01 3.188255548477172852e+00
1.792052268981933594e+01 7.093436241149902344e+00 6.815567970275878906e+00
6.028388500213623047e+00 2.064616441726684570e+00 -3.898951768875122070e+00
6.194039821624755859e+00 1.930096507072448730e+00 -3.928708553314208984e+00
6.753106594085693359e+00 1.906696677207946777e+00 -3.881382942199707031e+00
1.511992692947387695e+00 1.013703727722167969e+01 1.461271953582763672e+01
4.058666706085205078e+00 1.928608322143554688e+01 6.628957748413085938e+00
4.139982223510742188e+00 1.879368591308593750e+01 6.994857788085937500e+00
-4.658706188201904297e+00 9.945230484008789062e+00 2.773464679718017578e+00
3.517505645751953125e+00 1.869587707519531250e+01 7.099308490753173828e+00
1.811896896362304688e+01 7.226284027099609375e+00 6.724466800689697266e+00
-4.587531566619873047e+00 9.720992088317871094e+00 2.638808965682983398e+00
-3.969423532485961914e+00 1.012131690979003906e+01 2.915277719497680664e+00
1.810233712196350098e+00 9.728387832641601562e+00 1.492899131774902344e+01
4.614744663238525391e+00 1.913616371154785156e+01 6.855172157287597656e+00
4.052425861358642578e+00 1.855699348449707031e+01 6.720571994781494141e+00
1.877180457115173340e+00 9.847912788391113281e+00 1.500854587554931641e+01
6.766242027282714844e+00 2.254274845123291016e+00 -3.485712051391601562e+00
1.787428283691406250e+01 6.808602333068847656e+00 6.585112094879150391e+00
6.254992008209228516e+00 2.078841447830200195e+00 -4.030287742614746094e+00
4.248694419860839844e+00 1.859568977355957031e+01 7.332056522369384766e+00
1.730439901351928711e+00 1.023715972900390625e+01 1.510692214965820312e+01
1.531454205513000488e+00 1.002520656585693359e+01 1.457374191284179688e+01
6.626389980316162109e+00 2.058239221572875977e+00 -3.603217124938964844e+00
4.243356704711914062e+00 1.908797073364257812e+01 7.248672962188720703e+00
5.869147777557373047e+00 2.078414201736450195e+00 -3.944121599197387695e+00
1.779067611694335938e+01 6.911045074462890625e+00 7.041692256927490234e+00
1.835515785217285156e+01 7.235181331634521484e+00 7.219795227050781250e+00
6.569086074829101562e+00 2.032047271728515625e+00 -3.262041807174682617e+00
1.813500785827636719e+01 6.878314018249511719e+00 6.863798618316650391e+00
1.738597273826599121e+00 1.022408390045166016e+01 1.490591144561767578e+01
4.298621177673339844e+00 -5.731516361236572266e+00 1.684786677360534668e+00
-4.018650531768798828e+00 9.603746414184570312e+00 3.016564607620239258e+00
1.788162231445312500e+01 6.779286384582519531e+00 7.164649009704589844e+00
3.910429239273071289e+00 -6.350738048553466797e+00 1.818810939788818359e+00
1.840852737426757812e+01 7.373399257659912109e+00 6.931391716003417969e+00
1.816456413269042969e+01 6.797570228576660156e+00 6.963319301605224609e+00
1.816823005676269531e+01 6.782606601715087891e+00 7.164506912231445312e+00
3.345153808593750000e+00 -5.785504817962646484e+00 1.433850049972534180e+00
1.640203833580017090e+00 1.035895538330078125e+01 1.496826362609863281e+01
-3.866821050643920898e+00 9.786471366882324219e+00 3.348193407058715820e+00
4.086282730102539062e+00 -5.547316074371337891e+00 1.727513551712036133e+00
3.707593441009521484e+00 -6.113708496093750000e+00 1.899844527244567871e+00
3.891865491867065430e+00 1.893578147888183594e+01 7.152770042419433594e+00
-4.124693870544433594e+00 9.381974220275878906e+00 3.176336765289306641e+00
4.369143486022949219e+00 1.875262641906738281e+01 6.881167888641357422e+00
3.742649793624877930e+00 1.855640220642089844e+01 6.640316486358642578e+00
4.077417373657226562e+00 1.930724906921386719e+01 6.747070312500000000e+00
6.062797546386718750e+00 1.770789265632629395e+00 -3.659698963165283203e+00
3.711330175399780273e+00 -6.079746723175048828e+00 1.185572862625122070e+00
1.774799466133117676e+00 9.780790328979492188e+00 1.496919631958007812e+01
6.166687011718750000e+00 1.627965450286865234e+00 -3.832583427429199219e+00
1.830502510070800781e+01 6.778547286987304688e+00 7.238964557647705078e+00
3.945295572280883789e+00 1.916142845153808594e+01 6.266794681549072266e+00
-3.981372117996215820e+00 9.630748748779296875e+00 3.001091241836547852e+00
6.618832111358642578e+00 2.008096456527709961e+00 -3.543221235275268555e+00
6.722919940948486328e+00 2.088852643966674805e+00 -3.900160551071166992e+00
4.078083038330078125e+00 -6.150806903839111328e+00 1.104481101036071777e+00
1.816437339782714844e+01 6.468477249145507812e+00 7.382458686828613281e+00
1.344666242599487305e+00 9.927385330200195312e+00 1.496692371368408203e+01
4.493963241577148438e+00 1.914873695373535156e+01 7.200970172882080078e+00
1.856956481933593750e+01 7.406432628631591797e+00 7.034430027008056641e+00
6.328917503356933594e+00 2.373759508132934570e+00 -3.233995199203491211e+00
-3.840668678283691406e+00 9.890357017517089844e+00 3.343194007873535156e+00
1.817331075668334961e+00 1.033717060089111328e+01 1.507668685913085938e+01
-4.701539039611816406e+00 9.811696052551269531e+00 2.969442367553710938e+00
3.373146772384643555e+00 1.883336257934570312e+01 6.676078319549560547e+00
1.147148489952087402e+00 1.032705974578857422e+01 1.506431198120117188e+01
1.825331306457519531e+01 7.075479984283447266e+00 7.597549438476562500e+00
1.801752471923828125e+01 6.389471530914306641e+00 7.172484874725341797e+00
6.447140216827392578e+00 2.263738870620727539e+00 -3.380301475524902344e+00
6.487240314483642578e+00 2.329116821289062500e+00 -3.865209341049194336e+00
3.807159900665283203e+00 -5.784927368164062500e+00 1.310239434242248535e+00
3.730498075485229492e+00 1.881963348388671875e+01 7.224886894226074219e+00
6.548557758331298828e+00 2.781524896621704102e+00 -3.871059417724609375e+00
3.901415586471557617e+00 -6.247176647186279297e+00 1.269772410392761230e+00
6.188377857208251953e+00 2.665245294570922852e+00 -3.760634660720825195e+00
1.845516014099121094e+01 6.795965671539306641e+00 6.521906375885009766e+00
1.837139320373535156e+01 6.757040500640869141e+00 6.840281963348388672e+00
-4.051460266113281250e+00 1.005743312835693359e+01 3.272094488143920898e+00
1.779212570190429688e+01 7.129468917846679688e+00 7.233680248260498047e+00
1.098117470741271973e+00 1.000705528259277344e+01 1.473756027221679688e+01
4.471707820892333984e+00 1.909553909301757812e+01 7.446321964263916016e+00
-4.654485702514648438e+00 9.776697158813476562e+00 3.001818895339965820e+00
4.023508071899414062e+00 1.922882652282714844e+01 7.341566562652587891e+00
3.814152717590332031e+00 1.896640205383300781e+01 6.403376102447509766e+00
-4.025316715240478516e+00 9.853733062744140625e+00 2.585844516754150391e+00
-3.951513051986694336e+00 1.011032390594482422e+01 2.889332294464111328e+00
6.371041297912597656e+00 2.599722623825073242e+00 -3.968616962432861328e+00
3.803371667861938477e+00 1.898232269287109375e+01 6.549365997314453125e+00
3.356158494949340820e+00 -5.795982360839843750e+00 1.931196570396423340e+00
3.797196865081787109e+00 -5.942784786224365234e+00 1.772056698799133301e+00
1.257215380668640137e+00 1.031407451629638672e+01 1.486580657958984375e+01
6.577650070190429688e+00 2.743631601333618164e+00 -3.816211462020874023e+00
3.469496488571166992e+00 1.886574554443359375e+01 6.819845199584960938e+00
3.937410831451416016e+00 1.916347694396972656e+01 6.545013904571533203e+00
4.286812305450439453e+00 1.898946571350097656e+01 6.814913272857666016e+00
6.337448120117187500e+00 2.412185668945312500e+00 -3.849327325820922852e+00
-4.147277832031250000e+00 9.705458641052246094e+00 2.555901288986206055e+00
-3.963632822036743164e+00 9.880408287048339844e+00 2.584641933441162109e+00
3.740348815917968750e+00 -5.821146488189697266e+00 1.360042452812194824e+00
4.068419933319091797e+00 1.905476188659667969e+01 7.336304664611816406e+00
-4.205536365509033203e+00 1.002293968200683594e+01 3.200986862182617188e+00
1.848785781860351562e+01 6.768579006195068359e+00 6.777751922607421875e+00
-4.123541355133056641e+00 1.009175682067871094e+01 3.299510240554809570e+00
3.878307342529296875e+00 -6.112406253814697266e+00 2.085935592651367188e+00
3.399768352508544922e+00 -5.750488281250000000e+00 1.551653385162353516e+00
3.758739233016967773e+00 -6.274010658264160156e+00 1.991773247718811035e+00
4.025233268737792969e+00 1.954983520507812500e+01 6.947912693023681641e+00
-4.489590644836425781e+00 9.612928390502929688e+00 2.984507322311401367e+00
1.373686909675598145e+00 1.022846698760986328e+01 1.533902549743652344e+01
3.741657018661499023e+00 -6.394805908203125000e+00 1.705084443092346191e+00
3.529135465621948242e+00 -5.673864364624023438e+00 1.918017983436584473e+00
6.171738624572753906e+00 2.459709167480468750e+00 -3.258364200592041016e+00
3.426610231399536133e+00 -6.120031356811523438e+00 1.579204440116882324e+00
1.868293190002441406e+01 7.026901245117187500e+00 7.173220634460449219e+00
3.934516429901123047e+00 -6.102586269378662109e+00 1.170014739036560059e+00
3.709953784942626953e+00 1.873958015441894531e+01 6.865154266357421875e+00
-4.267243385314941406e+00 9.923556327819824219e+00 2.933584213256835938e+00
4.022856712341308594e+00 1.882617378234863281e+01 6.644649505615234375e+00
4.057882308959960938e+00 1.951197242736816406e+01 6.731266021728515625e+00
1.014227032661437988e+00 1.026372241973876953e+01 1.495296287536621094e+01
-4.431485652923583984e+00 9.469258308410644531e+00 3.246954202651977539e+00
1.873129081726074219e+01 6.690160274505615234e+00 6.950078010559082031e+00
9.435865283012390137e-01 1.008757781982421875e+01 1.507017993927001953e+01
3.940430879592895508e+00 1.880067253112792969e+01 6.765854835510253906e+00
3.640389680862426758e+00 -6.391607761383056641e+00 1.904497742652893066e+00
6.708653926849365234e+00 1.738725662231445312e+00 -3.791385650634765625e+00
1.848460006713867188e+01 6.368355751037597656e+00 6.947951793670654297e+00
4.546248435974121094e+00 1.896441841125488281e+01 7.148912429809570312e+00
4.112425804138183594e+00 1.855182075500488281e+01 7.057137489318847656e+00
4.190733432769775391e+00 1.887546348571777344e+01 6.760028362274169922e+00
4.000835418701171875e+00 1.912992477416992188e+01 6.294356346130371094e+00
1.860846519470214844e+01 7.054024696350097656e+00 7.236231327056884766e+00
1.817041969299316406e+01 7.095241546630859375e+00 7.653975963592529297e+00
6.093929767608642578e+00 2.618369579315185547e+00 -4.197326660156250000e+00
1.811871910095214844e+01 7.404260635375976562e+00 7.321102619171142578e+00
1.864254951477050781e+01 7.160455226898193359e+00 7.347867965698242188e+00
4.260775089263916016e+00 1.904407119750976562e+01 6.401767730712890625e+00
1.848339080810546875e+01 6.586441993713378906e+00 7.079197406768798828e+00
3.479764938354492188e+00 -6.018370151519775391e+00 1.863162517547607422e+00
3.852847814559936523e+00 1.927588844299316406e+01 6.753884315490722656e+00
4.213314056396484375e+00 -5.731176853179931641e+00 2.185599565505981445e+00
3.910361528396606445e+00 1.864808082580566406e+01 6.661949634552001953e+00
1.790867996215820312e+01 7.040383815765380859e+00 7.381310462951660156e+00
1.811712265014648438e+01 7.250121593475341797e+00 6.916312694549560547e+00
-4.011759757995605469e+00 1.000433921813964844e+01 2.902688741683959961e+00
1.802512359619140625e+01 7.184831619262695312e+00 7.005055427551269531e+00
1.801337361335754395e+00 9.873416900634765625e+00 1.488743495941162109e+01
6.107573032379150391e+00 2.039715051651000977e+00 -3.313746452331542969e+00
1.157375931739807129e+00 1.013663387298583984e+01 1.512668323516845703e+01
-4.310424804687500000e+00 9.679624557495117188e+00 2.603684663772583008e+00
4.296599388122558594e+00 1.920660400390625000e+01 7.081537246704101562e+00
6.344887733459472656e+00 2.376506567001342773e+00 -3.185188293457031250e+00
-4.455195903778076172e+00 9.439278602600097656e+00 2.865715742111206055e+00
3.928264379501342773e+00 -5.881923675537109375e+00 1.448386907577514648e+00
1.452547907829284668e+00 1.030807971954345703e+01 1.467683029174804688e+01
-4.358403205871582031e+00 9.653182983398437500e+00 3.216754198074340820e+00
1.788657951354980469e+01 6.732162952423095703e+00 6.560694694519042969e+00
3.807225465774536133e+00 -5.697137355804443359e+00 2.125923633575439453e+00
3.439410209655761719e+00 -5.611670494079589844e+00 1.778305172920227051e+00
4.182922840118408203e+00 -6.054737091064453125e+00 1.855605721473693848e+00
-4.276574134826660156e+00 9.711213111877441406e+00 2.636288166046142578e+00
1.847567176818847656e+01 7.007172584533691406e+00 7.178801536560058594e+00
3.674203157424926758e+00 1.902548027038574219e+01 6.697285175323486328e+00
5.948928833007812500e+00 2.536855220794677734e+00 -4.103611469268798828e+00
1.619094729423522949e+00 9.717522621154785156e+00 1.511257171630859375e+01
1.816643714904785156e+01 6.900386810302734375e+00 6.431709766387939453e+00
1.837719345092773438e+01 6.675225734710693359e+00 6.403091430664062500e+00
1.824898719787597656e+01 7.075992584228515625e+00 6.767510414123535156e+00
3.985543489456176758e+00 -5.776484489440917969e+00 2.021611690521240234e+00
1.561355233192443848e+00 9.756424903869628906e+00 1.477263164520263672e+01
3.640569925308227539e+00 -6.084152221679687500e+00 2.074113368988037109e+00
1.838376426696777344e+01 7.022157192230224609e+00 6.860860347747802734e+00
1.785282516479492188e+01 6.510697841644287109e+00 7.262460231781005859e+00
6.220412731170654297e+00 1.713143825531005859e+00 -3.951401710510253906e+00
6.331719875335693359e+00 2.209657669067382812e+00 -3.427504301071166992e+00
6.019958972930908203e+00 2.036741733551025391e+00 -3.971863031387329102e+00
1.269902229309082031e+00 1.025483512878417969e+01 1.506630325317382812e+01
1.839248657226562500e+01 6.845653057098388672e+00 6.590037345886230469e+00
1.818853378295898438e+01 7.546489238739013672e+00 7.287222385406494141e+00
3.424213409423828125e+00 -5.656335830688476562e+00 1.612775206565856934e+00
6.437991619110107422e+00 2.126211166381835938e+00 -3.386748552322387695e+00
9.302789568901062012e-01 9.978851318359375000e+00 1.497418308258056641e+01
3.565037727355957031e+00 1.901351737976074219e+01 6.573553085327148438e+00
5.893980026245117188e+00 2.315367221832275391e+00 -3.797740459442138672e+00
-4.082567691802978516e+00 9.612096786499023438e+00 3.368930339813232422e+00
1.825783348083496094e+01 7.366656303405761719e+00 7.300501823425292969e+00
3.459346771240234375e+00 -6.169394969940185547e+00 1.534532666206359863e+00
6.396335601806640625e+00 2.660057544708251953e+00 -3.769832134246826172e+00
1.570831060409545898e+00 1.003850746154785156e+01 1.463341236114501953e+01
6.186364650726318359e+00 2.186981201171875000e+00 -3.537919759750366211e+00
-4.106641769409179688e+00 9.610650062561035156e+00 2.947525024414062500e+00
1.361529707908630371e+00 1.035532760620117188e+01 1.513252830505371094e+01
